{
    "animation": [
        {
            "name": "Root",
            "time": [0.0, 0.01, 0.02, 0.03, 0.04, 0.05, 0.06, 0.07, 0.08, 0.09, 0.1, 0.11, 0.12, 0.13, 0.14, 0.15, 0.16, 0.17, 0.18, 0.19, 0.2, 0.21, 0.22, 0.23, 0.24, 0.25, 0.26, 0.27, 0.28, 0.29, 0.3, 0.31, 0.32, 0.33, 0.34, 0.35, 0.36, 0.37, 0.38, 0.39, 0.4, 0.41, 0.42, 0.43, 0.44, 0.45, 0.46, 0.47, 0.48, 0.49, 0.5, 0.51, 0.52, 0.53, 0.54, 0.55, 0.56, 0.57, 0.58, 0.59, 0.6, 0.61, 0.62, 0.63, 0.64, 0.65, 0.66, 0.67, 0.68, 0.69, 0.7, 0.71, 0.72, 0.73, 0.74, 0.75, 0.76, 0.77, 0.78, 0.79, 0.8, 0.81, 0.82, 0.83, 0.84, 0.85, 0.86, 0.87, 0.88, 0.89, 0.9, 0.91, 0.92, 0.93, 0.94, 0.95, 0.96, 0.97, 0.98, 0.99, 1.0, 1.01, 1.02, 1.03, 1.04, 1.05, 1.06, 1.07, 1.08, 1.09, 1.1, 1.11, 1.12, 1.13, 1.14, 1.15, 1.16, 1.17, 1.18, 1.19, 1.2, 1.21, 1.22, 1.23, 1.24, 1.25, 1.26, 1.27, 1.28, 1.29, 1.3, 1.31, 1.32, 1.33, 1.34, 1.35, 1.36, 1.37, 1.38, 1.39, 1.4, 1.41, 1.42, 1.43, 1.44, 1.45, 1.46, 1.47, 1.48, 1.49, 1.5, 1.51, 1.52, 1.53, 1.54, 1.55, 1.56, 1.57, 1.58, 1.59, 1.6, 1.61, 1.62, 1.63, 1.64, 1.65, 1.66, 1.67, 1.68, 1.69, 1.7, 1.71, 1.72, 1.73, 1.74, 1.75, 1.76, 1.77, 1.78, 1.79, 1.8, 1.81, 1.82, 1.83, 1.84, 1.85, 1.86, 1.87, 1.88, 1.89, 1.9, 1.91, 1.92, 1.93, 1.94, 1.95, 1.96, 1.97, 1.98, 1.99, 2.0, 2.01, 2.02, 2.03, 2.04, 2.05, 2.06, 2.07, 2.08, 2.09, 2.1, 2.11, 2.12, 2.13, 2.14, 2.15, 2.16],
            "transform": [
                [0.994801, -0.004369, -0.101749, 0.000795, -0.101768, -0.004339, -0.994799, 0.024047, 0.003904, 0.999981, -0.004761, 0.757389, 0.0, 0.0, 0.0, 1.0],
                [0.994795, -0.004793, -0.101783, 0.000795, -0.101804, -0.004296, -0.994795, 0.024047, 0.004331, 0.999979, -0.004761, 0.757389, 0.0, 0.0, 0.0, 1.0],
                [0.994778, -0.006041, -0.101884, 0.000795, -0.10191, -0.004167, -0.994785, 0.024047, 0.005585, 0.999973, -0.004761, 0.757389, 0.0, 0.0, 0.0, 1.0],
                [0.994747, -0.008074, -0.102047, 0.000795, -0.102081, -0.003958, -0.994768, 0.024047, 0.007628, 0.99996, -0.004761, 0.757389, 0.0, 0.0, 0.0, 1.0],
                [0.994697, -0.010854, -0.102271, 0.000795, -0.102316, -0.003671, -0.994745, 0.024047, 0.010422, 0.999934, -0.004762, 0.757389, 0.0, 0.0, 0.0, 1.0],
                [0.994624, -0.014344, -0.102552, 0.000795, -0.102609, -0.00331, -0.994716, 0.024047, 0.013928, 0.999892, -0.004764, 0.757389, 0.0, 0.0, 0.0, 1.0],
                [0.994521, -0.018504, -0.102886, 0.000795, -0.102956, -0.002877, -0.994682, 0.024047, 0.01811, 0.999825, -0.004767, 0.757389, 0.0, 0.0, 0.0, 1.0],
                [0.99438, -0.023298, -0.103272, 0.000795, -0.103355, -0.002378, -0.994642, 0.024047, 0.022928, 0.999726, -0.004772, 0.757389, 0.0, 0.0, 0.0, 1.0],
                [0.994194, -0.028687, -0.103706, 0.000795, -0.1038, -0.001814, -0.994596, 0.024047, 0.028344, 0.999587, -0.004781, 0.757389, 0.0, 0.0, 0.0, 1.0],
                [0.993955, -0.034632, -0.104184, 0.000795, -0.104287, -0.001188, -0.994546, 0.024047, 0.034319, 0.999399, -0.004793, 0.757389, 0.0, 0.0, 0.0, 1.0],
                [0.993654, -0.041096, -0.104704, 0.000795, -0.104813, -0.000505, -0.994492, 0.024047, 0.040816, 0.999155, -0.004809, 0.757389, 0.0, 0.0, 0.0, 1.0],
                [0.993283, -0.048039, -0.105263, 0.000795, -0.105373, 0.000233, -0.994433, 0.024047, 0.047796, 0.998845, -0.004831, 0.757389, 0.0, 0.0, 0.0, 1.0],
                [0.992836, -0.055422, -0.105857, 0.000795, -0.105963, 0.001022, -0.994369, 0.024047, 0.055218, 0.998462, -0.004858, 0.757389, 0.0, 0.0, 0.0, 1.0],
                [0.992303, -0.063207, -0.106483, 0.000795, -0.106579, 0.00186, -0.994302, 0.024047, 0.063045, 0.997999, -0.004891, 0.757389, 0.0, 0.0, 0.0, 1.0],
                [0.99168, -0.071355, -0.107139, 0.000795, -0.107217, 0.002742, -0.994232, 0.024047, 0.071237, 0.997447, -0.004931, 0.757389, 0.0, 0.0, 0.0, 1.0],
                [0.99096, -0.079825, -0.107821, 0.000795, -0.107873, 0.003665, -0.994158, 0.024047, 0.079754, 0.996802, -0.004979, 0.757389, 0.0, 0.0, 0.0, 1.0],
                [0.990139, -0.088579, -0.108525, 0.000795, -0.108543, 0.004626, -0.994081, 0.024047, 0.088556, 0.996058, -0.005034, 0.757389, 0.0, 0.0, 0.0, 1.0],
                [0.989214, -0.097576, -0.109249, 0.000795, -0.109224, 0.005621, -0.994001, 0.024047, 0.097604, 0.995212, -0.005098, 0.757389, 0.0, 0.0, 0.0, 1.0],
                [0.988181, -0.106776, -0.10999, 0.000795, -0.109911, 0.006645, -0.993919, 0.024047, 0.106858, 0.994261, -0.00517, 0.757389, 0.0, 0.0, 0.0, 1.0],
                [0.98704, -0.116141, -0.110744, 0.000795, -0.110601, 0.007695, -0.993835, 0.024047, 0.116277, 0.993203, -0.00525, 0.757389, 0.0, 0.0, 0.0, 1.0],
                [0.985791, -0.125629, -0.111508, 0.000795, -0.111291, 0.008767, -0.993749, 0.024047, 0.125821, 0.992039, -0.005339, 0.757389, 0.0, 0.0, 0.0, 1.0],
                [0.984436, -0.135201, -0.112278, 0.000795, -0.111977, 0.009857, -0.993662, 0.024047, 0.135451, 0.990769, -0.005436, 0.757389, 0.0, 0.0, 0.0, 1.0],
                [0.982979, -0.144817, -0.113053, 0.000795, -0.112657, 0.01096, -0.993573, 0.024047, 0.145126, 0.989398, -0.005541, 0.757389, 0.0, 0.0, 0.0, 1.0],
                [0.981424, -0.154438, -0.113827, 0.000795, -0.113327, 0.012071, -0.993484, 0.024047, 0.154806, 0.987929, -0.005655, 0.757389, 0.0, 0.0, 0.0, 1.0],
                [0.979777, -0.164024, -0.114599, 0.000795, -0.113984, 0.013187, -0.993395, 0.024047, 0.164452, 0.986368, -0.005775, 0.757389, 0.0, 0.0, 0.0, 1.0],
                [0.978047, -0.173536, -0.115365, 0.000795, -0.114627, 0.014303, -0.993306, 0.024047, 0.174024, 0.984724, -0.005903, 0.757389, 0.0, 0.0, 0.0, 1.0],
                [0.976243, -0.182935, -0.116122, 0.000795, -0.115253, 0.015414, -0.993217, 0.024047, 0.183484, 0.983004, -0.006036, 0.757389, 0.0, 0.0, 0.0, 1.0],
                [0.974376, -0.192183, -0.116867, 0.000795, -0.115859, 0.016514, -0.993128, 0.024047, 0.192792, 0.98122, -0.006175, 0.757389, 0.0, 0.0, 0.0, 1.0],
                [0.972457, -0.201241, -0.117597, 0.000795, -0.116444, 0.0176, -0.993041, 0.024047, 0.20191, 0.979384, -0.006318, 0.757389, 0.0, 0.0, 0.0, 1.0],
                [0.970501, -0.210073, -0.118308, 0.000795, -0.117005, 0.018665, -0.992956, 0.024047, 0.210801, 0.977508, -0.006465, 0.757389, 0.0, 0.0, 0.0, 1.0],
                [0.968523, -0.21864, -0.118998, 0.000795, -0.117541, 0.019706, -0.992872, 0.024047, 0.219427, 0.975607, -0.006613, 0.757389, 0.0, 0.0, 0.0, 1.0],
                [0.966537, -0.226907, -0.119664, 0.000795, -0.118051, 0.020717, -0.992791, 0.024047, 0.227751, 0.973696, -0.006763, 0.757389, 0.0, 0.0, 0.0, 1.0],
                [0.964561, -0.234837, -0.120303, 0.000795, -0.118533, 0.021693, -0.992713, 0.024047, 0.235736, 0.971793, -0.006912, 0.757389, 0.0, 0.0, 0.0, 1.0],
                [0.962613, -0.242395, -0.120912, 0.000795, -0.118985, 0.022628, -0.992638, 0.024047, 0.243347, 0.969914, -0.007059, 0.757389, 0.0, 0.0, 0.0, 1.0],
                [0.960712, -0.249545, -0.121488, 0.000795, -0.119408, 0.023518, -0.992567, 0.024047, 0.250548, 0.968077, -0.007203, 0.757389, 0.0, 0.0, 0.0, 1.0],
                [0.958876, -0.256253, -0.122029, 0.000795, -0.119798, 0.024358, -0.992499, 0.024047, 0.257303, 0.966303, -0.007343, 0.757389, 0.0, 0.0, 0.0, 1.0],
                [0.957125, -0.262483, -0.122531, 0.000795, -0.120157, 0.025141, -0.992436, 0.024047, 0.263579, 0.964609, -0.007476, 0.757389, 0.0, 0.0, 0.0, 1.0],
                [0.955479, -0.268203, -0.122992, 0.000795, -0.120481, 0.025864, -0.992379, 0.024047, 0.26934, 0.963015, -0.007601, 0.757389, 0.0, 0.0, 0.0, 1.0],
                [0.953958, -0.273377, -0.123409, 0.000795, -0.120772, 0.02652, -0.992326, 0.024047, 0.274552, 0.961541, -0.007717, 0.757389, 0.0, 0.0, 0.0, 1.0],
                [0.952581, -0.277972, -0.123779, 0.000795, -0.121028, 0.027106, -0.992279, 0.024047, 0.279181, 0.960207, -0.007822, 0.757389, 0.0, 0.0, 0.0, 1.0],
                [0.951368, -0.281954, -0.1241, 0.000795, -0.121247, 0.027615, -0.992238, 0.024047, 0.283193, 0.95903, -0.007915, 0.757389, 0.0, 0.0, 0.0, 1.0],
                [0.950338, -0.28529, -0.124369, 0.000795, -0.12143, 0.028042, -0.992204, 0.024047, 0.286554, 0.958031, -0.007993, 0.757389, 0.0, 0.0, 0.0, 1.0],
                [0.949509, -0.287945, -0.124583, 0.000795, -0.121574, 0.028383, -0.992176, 0.024047, 0.289229, 0.957226, -0.008057, 0.757389, 0.0, 0.0, 0.0, 1.0],
                [0.948898, -0.289885, -0.124739, 0.000795, -0.121679, 0.028633, -0.992156, 0.024047, 0.291183, 0.956633, -0.008103, 0.757389, 0.0, 0.0, 0.0, 1.0],
                [0.948521, -0.291075, -0.124835, 0.000795, -0.121743, 0.028786, -0.992144, 0.024047, 0.292382, 0.956267, -0.008132, 0.757389, 0.0, 0.0, 0.0, 1.0],
                [0.948392, -0.29148, -0.124868, 0.000795, -0.121764, 0.028838, -0.99214, 0.024047, 0.29279, 0.956142, -0.008142, 0.757389, 0.0, 0.0, 0.0, 1.0],
                [0.948392, -0.29148, -0.124868, 0.000795, -0.121764, 0.028838, -0.99214, 0.024047, 0.29279, 0.956142, -0.008142, 0.757389, 0.0, 0.0, 0.0, 1.0],
                [0.948392, -0.29148, -0.124868, 0.000795, -0.121764, 0.028838, -0.99214, 0.024047, 0.29279, 0.956142, -0.008142, 0.757389, 0.0, 0.0, 0.0, 1.0],
                [0.948392, -0.29148, -0.124868, 0.000795, -0.121764, 0.028838, -0.99214, 0.024047, 0.29279, 0.956142, -0.008142, 0.757389, 0.0, 0.0, 0.0, 1.0],
                [0.948392, -0.29148, -0.124868, 0.000795, -0.121764, 0.028838, -0.99214, 0.024047, 0.29279, 0.956142, -0.008142, 0.757389, 0.0, 0.0, 0.0, 1.0],
                [0.948392, -0.29148, -0.124868, 0.000795, -0.121764, 0.028838, -0.99214, 0.024047, 0.29279, 0.956142, -0.008142, 0.757389, 0.0, 0.0, 0.0, 1.0],
                [0.948392, -0.29148, -0.124868, 0.000795, -0.121764, 0.028838, -0.99214, 0.024047, 0.29279, 0.956142, -0.008142, 0.757389, 0.0, 0.0, 0.0, 1.0],
                [0.948392, -0.29148, -0.124868, 0.000795, -0.121764, 0.028838, -0.99214, 0.024047, 0.29279, 0.956142, -0.008142, 0.757389, 0.0, 0.0, 0.0, 1.0],
                [0.948392, -0.29148, -0.124868, 0.000795, -0.121764, 0.028838, -0.99214, 0.024047, 0.29279, 0.956142, -0.008142, 0.757389, 0.0, 0.0, 0.0, 1.0],
                [0.948392, -0.29148, -0.124868, 0.000795, -0.121764, 0.028838, -0.99214, 0.024047, 0.29279, 0.956142, -0.008142, 0.757389, 0.0, 0.0, 0.0, 1.0],
                [0.948392, -0.29148, -0.124868, 0.000795, -0.121764, 0.028838, -0.99214, 0.024047, 0.29279, 0.956142, -0.008142, 0.757389, 0.0, 0.0, 0.0, 1.0],
                [0.948392, -0.29148, -0.124868, 0.000795, -0.121764, 0.028838, -0.99214, 0.024047, 0.29279, 0.956142, -0.008142, 0.757389, 0.0, 0.0, 0.0, 1.0],
                [0.948392, -0.29148, -0.124868, 0.000795, -0.121764, 0.028838, -0.99214, 0.024047, 0.29279, 0.956142, -0.008142, 0.757389, 0.0, 0.0, 0.0, 1.0],
                [0.948392, -0.29148, -0.124868, 0.000795, -0.121764, 0.028838, -0.99214, 0.024047, 0.29279, 0.956142, -0.008142, 0.757389, 0.0, 0.0, 0.0, 1.0],
                [0.948392, -0.29148, -0.124868, 0.000795, -0.121764, 0.028838, -0.99214, 0.024047, 0.29279, 0.956142, -0.008142, 0.757389, 0.0, 0.0, 0.0, 1.0],
                [0.948392, -0.29148, -0.124868, 0.000795, -0.121764, 0.028838, -0.99214, 0.024047, 0.29279, 0.956142, -0.008142, 0.757389, 0.0, 0.0, 0.0, 1.0],
                [0.948392, -0.29148, -0.124868, 0.000795, -0.121764, 0.028838, -0.99214, 0.024047, 0.29279, 0.956142, -0.008142, 0.757389, 0.0, 0.0, 0.0, 1.0],
                [0.948392, -0.29148, -0.124868, 0.000795, -0.121764, 0.028838, -0.99214, 0.024047, 0.29279, 0.956142, -0.008142, 0.757389, 0.0, 0.0, 0.0, 1.0],
                [0.948392, -0.29148, -0.124868, 0.000795, -0.121764, 0.028838, -0.99214, 0.024047, 0.29279, 0.956142, -0.008142, 0.757389, 0.0, 0.0, 0.0, 1.0],
                [0.948392, -0.29148, -0.124868, 0.000795, -0.121764, 0.028838, -0.99214, 0.024047, 0.29279, 0.956142, -0.008142, 0.757389, 0.0, 0.0, 0.0, 1.0],
                [0.948392, -0.29148, -0.124868, 0.000795, -0.121764, 0.028838, -0.99214, 0.024047, 0.29279, 0.956142, -0.008142, 0.757389, 0.0, 0.0, 0.0, 1.0],
                [0.948392, -0.29148, -0.124868, 0.000795, -0.121764, 0.028838, -0.99214, 0.024047, 0.29279, 0.956142, -0.008142, 0.757389, 0.0, 0.0, 0.0, 1.0],
                [0.948392, -0.29148, -0.124868, 0.000795, -0.121764, 0.028838, -0.99214, 0.024047, 0.29279, 0.956142, -0.008142, 0.757389, 0.0, 0.0, 0.0, 1.0],
                [0.948392, -0.29148, -0.124868, 0.000795, -0.121764, 0.028838, -0.99214, 0.024047, 0.29279, 0.956142, -0.008142, 0.757389, 0.0, 0.0, 0.0, 1.0],
                [0.948392, -0.29148, -0.124868, 0.000795, -0.121764, 0.028838, -0.99214, 0.024047, 0.29279, 0.956142, -0.008142, 0.757389, 0.0, 0.0, 0.0, 1.0],
                [0.948392, -0.29148, -0.124868, 0.000795, -0.121764, 0.028838, -0.99214, 0.024047, 0.29279, 0.956142, -0.008142, 0.757389, 0.0, 0.0, 0.0, 1.0],
                [0.948392, -0.29148, -0.124868, 0.000795, -0.121764, 0.028838, -0.99214, 0.024047, 0.29279, 0.956142, -0.008142, 0.757389, 0.0, 0.0, 0.0, 1.0],
                [0.948392, -0.29148, -0.124868, 0.000795, -0.121764, 0.028838, -0.99214, 0.024047, 0.29279, 0.956142, -0.008142, 0.757389, 0.0, 0.0, 0.0, 1.0],
                [0.948392, -0.29148, -0.124868, 0.000795, -0.121764, 0.028838, -0.99214, 0.024047, 0.29279, 0.956142, -0.008142, 0.757389, 0.0, 0.0, 0.0, 1.0],
                [0.948392, -0.29148, -0.124868, 0.000795, -0.121764, 0.028838, -0.99214, 0.024047, 0.29279, 0.956142, -0.008142, 0.757389, 0.0, 0.0, 0.0, 1.0],
                [0.948392, -0.29148, -0.124868, 0.000795, -0.121764, 0.028838, -0.99214, 0.024047, 0.29279, 0.956142, -0.008142, 0.757389, 0.0, 0.0, 0.0, 1.0],
                [0.948963, -0.290397, -0.123042, 0.000897, -0.119195, 0.030971, -0.992388, 0.024977, 0.291997, 0.956405, -0.005224, 0.756891, 0.0, 0.0, 0.0, 1.0],
                [0.950582, -0.287283, -0.117735, 0.00119, -0.111764, 0.037158, -0.99304, 0.027666, 0.289659, 0.957125, 0.003214, 0.75545, 0.0, 0.0, 0.0, 1.0],
                [0.953076, -0.282362, -0.109171, 0.001658, -0.099888, 0.047111, -0.993883, 0.031961, 0.285778, 0.95815, 0.016696, 0.753149, 0.0, 0.0, 0.0, 1.0],
                [0.95623, -0.27588, -0.097544, 0.002284, -0.083988, 0.060562, -0.994625, 0.037709, 0.280304, 0.959282, 0.034741, 0.75007, 0.0, 0.0, 0.0, 1.0],
                [0.959805, -0.268102, -0.083037, 0.003052, -0.064498, 0.077249, -0.994923, 0.044756, 0.273155, 0.960289, 0.056852, 0.746294, 0.0, 0.0, 0.0, 1.0],
                [0.963548, -0.259307, -0.065838, 0.003946, -0.04187, 0.096898, -0.994413, 0.05295, 0.264238, 0.960922, 0.082509, 0.741904, 0.0, 0.0, 0.0, 1.0],
                [0.9672, -0.249787, -0.046156, 0.004947, -0.016585, 0.119216, -0.99273, 0.062139, 0.253473, 0.960934, 0.111163, 0.736982, 0.0, 0.0, 0.0, 1.0],
                [0.970512, -0.239833, -0.024229, 0.00604, 0.01085, 0.143875, -0.989536, 0.072168, 0.240809, 0.960094, 0.142234, 0.731608, 0.0, 0.0, 0.0, 1.0],
                [0.973254, -0.229733, -0.000339, 0.007208, 0.039905, 0.17051, -0.984547, 0.082886, 0.226241, 0.958201, 0.175117, 0.725866, 0.0, 0.0, 0.0, 1.0],
                [0.975228, -0.219762, 0.025192, 0.008435, 0.070032, 0.198718, -0.977551, 0.094139, 0.209823, 0.9551, 0.209186, 0.719837, 0.0, 0.0, 0.0, 1.0],
                [0.976281, -0.210173, 0.051997, 0.009703, 0.100675, 0.228061, -0.968428, 0.105774, 0.191679, 0.950692, 0.24381, 0.713604, 0.0, 0.0, 0.0, 1.0],
                [0.976308, -0.201185, 0.079671, 0.010996, 0.131288, 0.25807, -0.957164, 0.117639, 0.172006, 0.944947, 0.278369, 0.707247, 0.0, 0.0, 0.0, 1.0],
                [0.975266, -0.192977, 0.107779, 0.012298, 0.161348, 0.288264, -0.943859, 0.12958, 0.151074, 0.937904, 0.31227, 0.70085, 0.0, 0.0, 0.0, 1.0],
                [0.973171, -0.185681, 0.135869, 0.013591, 0.190368, 0.318155, -0.928729, 0.141445, 0.12922, 0.929677, 0.344967, 0.694493, 0.0, 0.0, 0.0, 1.0],
                [0.970101, -0.17938, 0.163482, 0.014859, 0.217919, 0.347267, -0.912095, 0.15308, 0.10684, 0.92045, 0.375974, 0.68826, 0.0, 0.0, 0.0, 1.0],
                [0.966191, -0.174103, 0.190165, 0.016086, 0.24363, 0.375146, -0.894377, 0.164333, 0.084374, 0.910469, 0.40488, 0.682231, 0.0, 0.0, 0.0, 1.0],
                [0.961625, -0.169833, 0.215486, 0.017254, 0.267202, 0.401373, -0.876072, 0.175051, 0.062296, 0.900031, 0.43135, 0.676489, 0.0, 0.0, 0.0, 1.0],
                [0.956627, -0.166507, 0.23904, 0.018347, 0.288403, 0.425568, -0.857739, 0.185081, 0.041092, 0.889476, 0.45513, 0.671116, 0.0, 0.0, 0.0, 1.0],
                [0.951452, -0.164027, 0.260451, 0.019349, 0.307064, 0.447392, -0.839971, 0.194269, 0.021254, 0.879167, 0.476039, 0.666193, 0.0, 0.0, 0.0, 1.0],
                [0.946369, -0.162272, 0.279379, 0.020242, 0.32307, 0.466549, -0.823382, 0.202464, 0.003268, 0.869483, 0.493953, 0.661803, 0.0, 0.0, 0.0, 1.0],
                [0.941658, -0.161104, 0.295509, 0.02101, 0.336343, 0.482772, -0.808582, 0.209511, -0.012398, 0.8608, 0.508793, 0.658027, 0.0, 0.0, 0.0, 1.0],
                [0.937589, -0.160383, 0.308551, 0.021636, 0.346823, 0.49582, -0.796164, 0.215259, -0.025294, 0.853487, 0.5205, 0.654948, 0.0, 0.0, 0.0, 1.0],
                [0.93442, -0.159979, 0.318223, 0.022105, 0.35445, 0.505456, -0.786689, 0.219553, -0.034994, 0.847892, 0.529013, 0.652647, 0.0, 0.0, 0.0, 1.0],
                [0.93238, -0.159784, 0.324247, 0.022398, 0.359135, 0.511439, -0.780674, 0.222242, -0.041093, 0.844333, 0.53424, 0.651206, 0.0, 0.0, 0.0, 1.0],
                [0.931665, -0.159727, 0.326324, 0.022499, 0.36074, 0.5135, -0.778579, 0.223173, -0.043207, 0.843093, 0.53603, 0.650708, 0.0, 0.0, 0.0, 1.0],
                [0.931665, -0.159727, 0.326324, 0.022499, 0.36074, 0.5135, -0.778578, 0.223173, -0.043207, 0.843093, 0.53603, 0.650708, 0.0, 0.0, 0.0, 1.0],
                [0.931665, -0.159727, 0.326324, 0.022499, 0.36074, 0.5135, -0.778578, 0.223173, -0.043207, 0.843093, 0.53603, 0.650708, 0.0, 0.0, 0.0, 1.0],
                [0.931665, -0.159727, 0.326324, 0.022499, 0.36074, 0.5135, -0.778578, 0.223173, -0.043207, 0.843093, 0.53603, 0.650708, 0.0, 0.0, 0.0, 1.0],
                [0.931665, -0.159727, 0.326324, 0.022499, 0.36074, 0.5135, -0.778578, 0.223173, -0.043207, 0.843093, 0.53603, 0.650708, 0.0, 0.0, 0.0, 1.0],
                [0.931665, -0.159727, 0.326324, 0.022499, 0.36074, 0.5135, -0.778578, 0.223173, -0.043207, 0.843093, 0.53603, 0.650708, 0.0, 0.0, 0.0, 1.0],
                [0.931665, -0.159727, 0.326324, 0.022499, 0.36074, 0.5135, -0.778578, 0.223173, -0.043207, 0.843093, 0.53603, 0.650708, 0.0, 0.0, 0.0, 1.0],
                [0.931665, -0.159727, 0.326324, 0.022499, 0.36074, 0.5135, -0.778578, 0.223173, -0.043207, 0.843093, 0.53603, 0.650708, 0.0, 0.0, 0.0, 1.0],
                [0.931665, -0.159727, 0.326324, 0.022499, 0.36074, 0.5135, -0.778578, 0.223173, -0.043207, 0.843093, 0.53603, 0.650708, 0.0, 0.0, 0.0, 1.0],
                [0.931665, -0.159727, 0.326324, 0.022499, 0.36074, 0.5135, -0.778578, 0.223173, -0.043207, 0.843093, 0.53603, 0.650708, 0.0, 0.0, 0.0, 1.0],
                [0.931665, -0.159727, 0.326324, 0.022499, 0.36074, 0.5135, -0.778578, 0.223173, -0.043207, 0.843093, 0.53603, 0.650708, 0.0, 0.0, 0.0, 1.0],
                [0.931665, -0.159727, 0.326324, 0.022499, 0.36074, 0.5135, -0.778578, 0.223173, -0.043207, 0.843093, 0.53603, 0.650708, 0.0, 0.0, 0.0, 1.0],
                [0.931665, -0.159727, 0.326324, 0.022499, 0.36074, 0.5135, -0.778578, 0.223173, -0.043207, 0.843093, 0.53603, 0.650708, 0.0, 0.0, 0.0, 1.0],
                [0.931665, -0.159727, 0.326324, 0.022499, 0.36074, 0.5135, -0.778578, 0.223173, -0.043207, 0.843093, 0.53603, 0.650708, 0.0, 0.0, 0.0, 1.0],
                [0.931665, -0.159727, 0.326324, 0.022499, 0.36074, 0.5135, -0.778578, 0.223173, -0.043207, 0.843093, 0.53603, 0.650708, 0.0, 0.0, 0.0, 1.0],
                [0.931665, -0.159727, 0.326324, 0.022499, 0.36074, 0.5135, -0.778578, 0.223173, -0.043207, 0.843093, 0.53603, 0.650708, 0.0, 0.0, 0.0, 1.0],
                [0.931665, -0.159727, 0.326324, 0.022499, 0.36074, 0.5135, -0.778578, 0.223173, -0.043207, 0.843093, 0.53603, 0.650708, 0.0, 0.0, 0.0, 1.0],
                [0.931665, -0.159727, 0.326324, 0.022499, 0.36074, 0.5135, -0.778578, 0.223173, -0.043207, 0.843093, 0.53603, 0.650708, 0.0, 0.0, 0.0, 1.0],
                [0.931665, -0.159727, 0.326324, 0.022499, 0.36074, 0.5135, -0.778578, 0.223173, -0.043207, 0.843093, 0.53603, 0.650708, 0.0, 0.0, 0.0, 1.0],
                [0.931665, -0.159727, 0.326324, 0.022499, 0.36074, 0.5135, -0.778578, 0.223173, -0.043207, 0.843093, 0.53603, 0.650708, 0.0, 0.0, 0.0, 1.0],
                [0.931665, -0.159727, 0.326324, 0.022499, 0.36074, 0.5135, -0.778578, 0.223173, -0.043207, 0.843093, 0.53603, 0.650708, 0.0, 0.0, 0.0, 1.0],
                [0.931665, -0.159727, 0.326324, 0.022499, 0.36074, 0.5135, -0.778578, 0.223173, -0.043207, 0.843093, 0.53603, 0.650708, 0.0, 0.0, 0.0, 1.0],
                [0.931665, -0.159727, 0.326324, 0.022499, 0.36074, 0.5135, -0.778578, 0.223173, -0.043207, 0.843093, 0.53603, 0.650708, 0.0, 0.0, 0.0, 1.0],
                [0.931665, -0.159727, 0.326324, 0.022499, 0.36074, 0.5135, -0.778578, 0.223173, -0.043207, 0.843093, 0.53603, 0.650708, 0.0, 0.0, 0.0, 1.0],
                [0.931665, -0.159727, 0.326324, 0.022499, 0.36074, 0.5135, -0.778578, 0.223173, -0.043207, 0.843093, 0.53603, 0.650708, 0.0, 0.0, 0.0, 1.0],
                [0.931665, -0.159727, 0.326324, 0.022499, 0.36074, 0.5135, -0.778578, 0.223173, -0.043207, 0.843093, 0.53603, 0.650708, 0.0, 0.0, 0.0, 1.0],
                [0.93243, -0.158509, 0.324729, 0.022398, 0.358855, 0.511616, -0.780687, 0.222242, -0.042391, 0.844467, 0.533928, 0.651206, 0.0, 0.0, 0.0, 1.0],
                [0.934623, -0.155004, 0.320083, 0.022105, 0.353377, 0.506129, -0.786739, 0.219553, -0.040055, 0.848415, 0.527815, 0.652647, 0.0, 0.0, 0.0, 1.0],
                [0.938064, -0.149463, 0.312565, 0.021636, 0.344544, 0.497238, -0.796269, 0.215259, -0.036406, 0.854643, 0.517937, 0.654948, 0.0, 0.0, 0.0, 1.0],
                [0.942549, -0.142157, 0.302313, 0.02101, 0.332563, 0.485097, -0.808754, 0.209511, -0.031682, 0.862828, 0.504504, 0.658027, 0.0, 0.0, 0.0, 1.0],
                [0.947854, -0.133379, 0.289454, 0.020242, 0.317632, 0.46984, -0.823626, 0.202463, -0.026143, 0.872617, 0.487705, 0.661803, 0.0, 0.0, 0.0, 1.0],
                [0.953743, -0.123437, 0.274113, 0.019349, 0.299953, 0.451601, -0.840289, 0.194269, -0.020067, 0.88364, 0.467736, 0.666193, 0.0, 0.0, 0.0, 1.0],
                [0.959975, -0.112649, 0.256433, 0.018347, 0.279749, 0.430532, -0.858127, 0.185081, -0.013736, 0.895518, 0.444814, 0.671116, 0.0, 0.0, 0.0, 1.0],
                [0.966311, -0.101335, 0.236588, 0.017254, 0.25727, 0.406825, -0.876531, 0.175051, -0.007427, 0.907868, 0.41919, 0.676489, 0.0, 0.0, 0.0, 1.0],
                [0.972522, -0.08981, 0.21479, 0.016086, 0.232806, 0.380718, -0.894905, 0.164333, -0.001403, 0.920319, 0.391165, 0.682231, 0.0, 0.0, 0.0, 1.0],
                [0.978399, -0.078375, 0.191295, 0.014859, 0.206687, 0.352508, -0.912699, 0.15308, 0.0041, 0.932521, 0.361092, 0.68826, 0.0, 0.0, 0.0, 1.0],
                [0.983757, -0.067307, 0.166408, 0.013591, 0.179285, 0.322551, -0.929418, 0.141445, 0.008881, 0.944156, 0.329379, 0.694493, 0.0, 0.0, 0.0, 1.0],
                [0.98845, -0.056849, 0.140481, 0.012298, 0.151007, 0.291263, -0.94465, 0.12958, 0.012786, 0.954952, 0.296483, 0.70085, 0.0, 0.0, 0.0, 1.0],
                [0.99237, -0.047203, 0.113902, 0.010996, 0.122291, 0.25911, -0.958074, 0.117639, 0.015711, 0.964694, 0.262906, 0.707247, 0.0, 0.0, 0.0, 1.0],
                [0.995455, -0.038521, 0.087093, 0.009703, 0.093589, 0.226603, -0.96948, 0.105774, 0.01761, 0.973225, 0.229178, 0.713604, 0.0, 0.0, 0.0, 1.0],
                [0.99769, -0.030904, 0.060494, 0.008435, 0.065364, 0.194278, -0.978766, 0.094139, 0.018495, 0.98046, 0.195849, 0.719837, 0.0, 0.0, 0.0, 1.0],
                [0.999105, -0.024397, 0.034552, 0.007208, 0.038069, 0.162685, -0.985943, 0.082886, 0.018433, 0.986376, 0.163468, 0.725866, 0.0, 0.0, 0.0, 1.0],
                [0.999772, -0.018996, 0.009713, 0.00604, 0.012144, 0.132375, -0.991125, 0.072168, 0.017542, 0.991018, 0.132575, 0.731608, 0.0, 0.0, 0.0, 1.0],
                [0.9998, -0.01465, -0.013591, 0.004947, -0.011997, 0.103884, -0.994517, 0.062139, 0.015982, 0.994482, 0.103688, 0.736982, 0.0, 0.0, 0.0, 1.0],
                [0.999326, -0.011271, -0.034948, 0.003946, -0.033969, 0.077731, -0.996395, 0.05295, 0.013947, 0.996911, 0.077295, 0.741904, 0.0, 0.0, 0.0, 1.0],
                [0.998504, -0.008742, -0.053969, 0.003052, -0.053416, 0.054403, -0.997089, 0.044756, 0.011653, 0.998481, 0.053855, 0.746294, 0.0, 0.0, 0.0, 1.0],
                [0.997503, -0.006931, -0.070287, 0.002284, -0.07001, 0.034364, -0.996954, 0.037709, 0.009325, 0.999385, 0.033793, 0.75007, 0.0, 0.0, 0.0, 1.0],
                [0.996487, -0.005701, -0.083555, 0.001658, -0.08344, 0.018053, -0.996349, 0.031961, 0.007189, 0.999821, 0.017514, 0.753149, 0.0, 0.0, 0.0, 1.0],
                [0.995613, -0.004926, -0.093441, 0.00119, -0.093411, 0.00589, -0.99561, 0.027666, 0.005455, 0.99997, 0.005404, 0.75545, 0.0, 0.0, 0.0, 1.0],
                [0.995016, -0.004504, -0.099615, 0.000897, -0.099624, -0.001712, -0.995024, 0.024977, 0.004311, 0.999988, -0.002152, 0.756891, 0.0, 0.0, 0.0, 1.0],
                [0.994801, -0.004369, -0.101749, 0.000795, -0.101768, -0.004339, -0.994799, 0.024047, 0.003904, 0.999981, -0.004761, 0.757389, 0.0, 0.0, 0.0, 1.0],
                [0.994801, -0.004369, -0.101749, 0.000795, -0.101768, -0.004339, -0.994799, 0.024047, 0.003904, 0.999981, -0.004761, 0.757389, 0.0, 0.0, 0.0, 1.0],
                [0.994801, -0.004369, -0.101749, 0.000795, -0.101768, -0.004339, -0.994799, 0.024047, 0.003904, 0.999981, -0.004761, 0.757389, 0.0, 0.0, 0.0, 1.0],
                [0.994801, -0.004369, -0.101749, 0.000795, -0.101768, -0.004339, -0.994799, 0.024047, 0.003904, 0.999981, -0.004761, 0.757389, 0.0, 0.0, 0.0, 1.0],
                [0.994801, -0.004369, -0.101749, 0.000795, -0.101768, -0.004339, -0.994799, 0.024047, 0.003904, 0.999981, -0.004761, 0.757389, 0.0, 0.0, 0.0, 1.0],
                [0.994801, -0.004369, -0.101749, 0.000795, -0.101768, -0.004339, -0.994799, 0.024047, 0.003904, 0.999981, -0.004761, 0.757389, 0.0, 0.0, 0.0, 1.0],
                [0.994801, -0.004369, -0.101749, 0.000795, -0.101768, -0.004339, -0.994799, 0.024047, 0.003904, 0.999981, -0.004761, 0.757389, 0.0, 0.0, 0.0, 1.0],
                [0.994801, -0.004369, -0.101749, 0.000795, -0.101768, -0.004339, -0.994799, 0.024047, 0.003904, 0.999981, -0.004761, 0.757389, 0.0, 0.0, 0.0, 1.0],
                [0.994801, -0.004369, -0.101749, 0.000795, -0.101768, -0.004339, -0.994799, 0.024047, 0.003904, 0.999981, -0.004761, 0.757389, 0.0, 0.0, 0.0, 1.0],
                [0.994801, -0.004369, -0.101749, 0.000795, -0.101768, -0.004339, -0.994799, 0.024047, 0.003904, 0.999981, -0.004761, 0.757389, 0.0, 0.0, 0.0, 1.0],
                [0.994801, -0.004369, -0.101749, 0.000795, -0.101768, -0.004339, -0.994799, 0.024047, 0.003904, 0.999981, -0.004761, 0.757389, 0.0, 0.0, 0.0, 1.0],
                [0.994801, -0.004369, -0.101749, 0.000795, -0.101768, -0.004339, -0.994799, 0.024047, 0.003904, 0.999981, -0.004761, 0.757389, 0.0, 0.0, 0.0, 1.0],
                [0.994801, -0.004369, -0.101749, 0.000795, -0.101768, -0.004339, -0.994799, 0.024047, 0.003904, 0.999981, -0.004761, 0.757389, 0.0, 0.0, 0.0, 1.0],
                [0.994801, -0.004369, -0.101749, 0.000795, -0.101768, -0.004339, -0.994799, 0.024047, 0.003904, 0.999981, -0.004761, 0.757389, 0.0, 0.0, 0.0, 1.0],
                [0.994801, -0.004369, -0.101749, 0.000795, -0.101768, -0.004339, -0.994799, 0.024047, 0.003904, 0.999981, -0.004761, 0.757389, 0.0, 0.0, 0.0, 1.0],
                [0.994801, -0.004369, -0.101749, 0.000795, -0.101768, -0.004339, -0.994799, 0.024047, 0.003904, 0.999981, -0.004761, 0.757389, 0.0, 0.0, 0.0, 1.0],
                [0.994801, -0.004369, -0.101749, 0.000795, -0.101768, -0.004339, -0.994799, 0.024047, 0.003904, 0.999981, -0.004761, 0.757389, 0.0, 0.0, 0.0, 1.0],
                [0.994801, -0.004369, -0.101749, 0.000795, -0.101768, -0.004339, -0.994799, 0.024047, 0.003904, 0.999981, -0.004761, 0.757389, 0.0, 0.0, 0.0, 1.0],
                [0.994801, -0.004369, -0.101749, 0.000795, -0.101768, -0.004339, -0.994799, 0.024047, 0.003904, 0.999981, -0.004761, 0.757389, 0.0, 0.0, 0.0, 1.0],
                [0.994801, -0.004369, -0.101749, 0.000795, -0.101768, -0.004339, -0.994799, 0.024047, 0.003904, 0.999981, -0.004761, 0.757389, 0.0, 0.0, 0.0, 1.0],
                [0.994801, -0.004369, -0.101749, 0.000795, -0.101768, -0.004339, -0.994799, 0.024047, 0.003904, 0.999981, -0.004761, 0.757389, 0.0, 0.0, 0.0, 1.0],
                [0.994801, -0.004369, -0.101749, 0.000795, -0.101768, -0.004339, -0.994799, 0.024047, 0.003904, 0.999981, -0.004761, 0.757389, 0.0, 0.0, 0.0, 1.0],
                [0.994801, -0.004369, -0.101749, 0.000795, -0.101768, -0.004339, -0.994799, 0.024047, 0.003904, 0.999981, -0.004761, 0.757389, 0.0, 0.0, 0.0, 1.0],
                [0.994801, -0.004369, -0.101749, 0.000795, -0.101768, -0.004339, -0.994799, 0.024047, 0.003904, 0.999981, -0.004761, 0.757389, 0.0, 0.0, 0.0, 1.0],
                [0.994801, -0.004369, -0.101749, 0.000795, -0.101768, -0.004339, -0.994799, 0.024047, 0.003904, 0.999981, -0.004761, 0.757389, 0.0, 0.0, 0.0, 1.0],
                [0.994801, -0.004369, -0.101749, 0.000795, -0.101768, -0.004339, -0.994799, 0.024047, 0.003904, 0.999981, -0.004761, 0.757389, 0.0, 0.0, 0.0, 1.0],
                [0.994801, -0.004369, -0.101749, 0.000795, -0.101768, -0.004339, -0.994799, 0.024047, 0.003904, 0.999981, -0.004761, 0.757389, 0.0, 0.0, 0.0, 1.0],
                [0.994801, -0.004369, -0.101749, 0.000795, -0.101768, -0.004339, -0.994799, 0.024047, 0.003904, 0.999981, -0.004761, 0.757389, 0.0, 0.0, 0.0, 1.0],
                [0.994801, -0.004369, -0.101749, 0.000795, -0.101768, -0.004339, -0.994799, 0.024047, 0.003904, 0.999981, -0.004761, 0.757389, 0.0, 0.0, 0.0, 1.0],
                [0.994801, -0.004369, -0.101749, 0.000795, -0.101768, -0.004339, -0.994799, 0.024047, 0.003904, 0.999981, -0.004761, 0.757389, 0.0, 0.0, 0.0, 1.0],
                [0.994801, -0.004369, -0.101749, 0.000795, -0.101768, -0.004339, -0.994799, 0.024047, 0.003904, 0.999981, -0.004761, 0.757389, 0.0, 0.0, 0.0, 1.0],
                [0.994801, -0.004369, -0.101749, 0.000795, -0.101768, -0.004339, -0.994799, 0.024047, 0.003904, 0.999981, -0.004761, 0.757389, 0.0, 0.0, 0.0, 1.0],
                [0.994801, -0.004369, -0.101749, 0.000795, -0.101768, -0.004339, -0.994799, 0.024047, 0.003904, 0.999981, -0.004761, 0.757389, 0.0, 0.0, 0.0, 1.0],
                [0.994801, -0.004369, -0.101749, 0.000795, -0.101768, -0.004339, -0.994799, 0.024047, 0.003904, 0.999981, -0.004761, 0.757389, 0.0, 0.0, 0.0, 1.0],
                [0.994801, -0.004369, -0.101749, 0.000795, -0.101768, -0.004339, -0.994799, 0.024047, 0.003904, 0.999981, -0.004761, 0.757389, 0.0, 0.0, 0.0, 1.0],
                [0.994801, -0.004369, -0.101749, 0.000795, -0.101768, -0.004339, -0.994799, 0.024047, 0.003904, 0.999981, -0.004761, 0.757389, 0.0, 0.0, 0.0, 1.0],
                [0.994801, -0.004369, -0.101749, 0.000795, -0.101768, -0.004339, -0.994799, 0.024047, 0.003904, 0.999981, -0.004761, 0.757389, 0.0, 0.0, 0.0, 1.0],
                [0.994801, -0.004369, -0.101749, 0.000795, -0.101768, -0.004339, -0.994799, 0.024047, 0.003904, 0.999981, -0.004761, 0.757389, 0.0, 0.0, 0.0, 1.0],
                [0.994801, -0.004369, -0.101749, 0.000795, -0.101768, -0.004339, -0.994799, 0.024047, 0.003904, 0.999981, -0.004761, 0.757389, 0.0, 0.0, 0.0, 1.0],
                [0.994801, -0.004369, -0.101749, 0.000795, -0.101768, -0.004339, -0.994799, 0.024047, 0.003904, 0.999981, -0.004761, 0.757389, 0.0, 0.0, 0.0, 1.0],
                [0.994801, -0.004369, -0.101749, 0.000795, -0.101768, -0.004339, -0.994799, 0.024047, 0.003904, 0.999981, -0.004761, 0.757389, 0.0, 0.0, 0.0, 1.0],
                [0.994801, -0.004369, -0.101749, 0.000795, -0.101768, -0.004339, -0.994799, 0.024047, 0.003904, 0.999981, -0.004761, 0.757389, 0.0, 0.0, 0.0, 1.0],
                [0.994801, -0.004369, -0.101749, 0.000795, -0.101768, -0.004339, -0.994799, 0.024047, 0.003904, 0.999981, -0.004761, 0.757389, 0.0, 0.0, 0.0, 1.0],
                [0.994801, -0.004369, -0.101749, 0.000795, -0.101768, -0.004339, -0.994799, 0.024047, 0.003904, 0.999981, -0.004761, 0.757389, 0.0, 0.0, 0.0, 1.0],
                [0.994801, -0.004369, -0.101749, 0.000795, -0.101768, -0.004339, -0.994799, 0.024047, 0.003904, 0.999981, -0.004761, 0.757389, 0.0, 0.0, 0.0, 1.0],
                [0.994801, -0.004369, -0.101749, 0.000795, -0.101768, -0.004339, -0.994799, 0.024047, 0.003904, 0.999981, -0.004761, 0.757389, 0.0, 0.0, 0.0, 1.0],
                [0.994801, -0.004369, -0.101749, 0.000795, -0.101768, -0.004339, -0.994799, 0.024047, 0.003904, 0.999981, -0.004761, 0.757389, 0.0, 0.0, 0.0, 1.0],
                [0.994801, -0.004369, -0.101749, 0.000795, -0.101768, -0.004339, -0.994799, 0.024047, 0.003904, 0.999981, -0.004761, 0.757389, 0.0, 0.0, 0.0, 1.0],
                [0.994801, -0.004369, -0.101749, 0.000795, -0.101768, -0.004339, -0.994799, 0.024047, 0.003904, 0.999981, -0.004761, 0.757389, 0.0, 0.0, 0.0, 1.0],
                [0.994801, -0.004369, -0.101749, 0.000795, -0.101768, -0.004339, -0.994799, 0.024047, 0.003904, 0.999981, -0.004761, 0.757389, 0.0, 0.0, 0.0, 1.0],
                [0.994801, -0.004369, -0.101749, 0.000795, -0.101768, -0.004339, -0.994799, 0.024047, 0.003904, 0.999981, -0.004761, 0.757389, 0.0, 0.0, 0.0, 1.0],
                [0.994801, -0.004369, -0.101749, 0.000795, -0.101768, -0.004339, -0.994799, 0.024047, 0.003904, 0.999981, -0.004761, 0.757389, 0.0, 0.0, 0.0, 1.0],
                [0.994801, -0.004369, -0.101749, 0.000795, -0.101768, -0.004339, -0.994799, 0.024047, 0.003904, 0.999981, -0.004761, 0.757389, 0.0, 0.0, 0.0, 1.0],
                [0.994801, -0.004369, -0.101749, 0.000795, -0.101768, -0.004339, -0.994799, 0.024047, 0.003904, 0.999981, -0.004761, 0.757389, 0.0, 0.0, 0.0, 1.0],
                [0.994801, -0.004369, -0.101749, 0.000795, -0.101768, -0.004339, -0.994799, 0.024047, 0.003904, 0.999981, -0.004761, 0.757389, 0.0, 0.0, 0.0, 1.0],
                [0.994801, -0.004369, -0.101749, 0.000795, -0.101768, -0.004339, -0.994799, 0.024047, 0.003904, 0.999981, -0.004761, 0.757389, 0.0, 0.0, 0.0, 1.0],
                [0.994801, -0.004369, -0.101749, 0.000795, -0.101768, -0.004339, -0.994799, 0.024047, 0.003904, 0.999981, -0.004761, 0.757389, 0.0, 0.0, 0.0, 1.0],
                [0.994801, -0.004369, -0.101749, 0.000795, -0.101768, -0.004339, -0.994799, 0.024047, 0.003904, 0.999981, -0.004761, 0.757389, 0.0, 0.0, 0.0, 1.0],
                [0.994801, -0.004369, -0.101749, 0.000795, -0.101768, -0.004339, -0.994799, 0.024047, 0.003904, 0.999981, -0.004761, 0.757389, 0.0, 0.0, 0.0, 1.0],
                [0.994801, -0.004369, -0.101749, 0.000795, -0.101768, -0.004339, -0.994799, 0.024047, 0.003904, 0.999981, -0.004761, 0.757389, 0.0, 0.0, 0.0, 1.0],
                [0.994801, -0.004369, -0.101749, 0.000795, -0.101768, -0.004339, -0.994799, 0.024047, 0.003904, 0.999981, -0.004761, 0.757389, 0.0, 0.0, 0.0, 1.0],
                [0.994801, -0.004369, -0.101749, 0.000795, -0.101768, -0.004339, -0.994799, 0.024047, 0.003904, 0.999981, -0.004761, 0.757389, 0.0, 0.0, 0.0, 1.0],
                [0.994801, -0.004369, -0.101749, 0.000795, -0.101768, -0.004339, -0.994799, 0.024047, 0.003904, 0.999981, -0.004761, 0.757389, 0.0, 0.0, 0.0, 1.0],
                [0.994801, -0.004369, -0.101749, 0.000795, -0.101768, -0.004339, -0.994799, 0.024047, 0.003904, 0.999981, -0.004761, 0.757389, 0.0, 0.0, 0.0, 1.0],
                [0.994801, -0.004369, -0.101749, 0.000795, -0.101768, -0.004339, -0.994799, 0.024047, 0.003904, 0.999981, -0.004761, 0.757389, 0.0, 0.0, 0.0, 1.0],
                [0.994801, -0.004369, -0.101749, 0.000795, -0.101768, -0.004339, -0.994799, 0.024047, 0.003904, 0.999981, -0.004761, 0.757389, 0.0, 0.0, 0.0, 1.0],
                [0.994801, -0.004369, -0.101749, 0.000795, -0.101768, -0.004339, -0.994799, 0.024047, 0.003904, 0.999981, -0.004761, 0.757389, 0.0, 0.0, 0.0, 1.0]
            ]
        },
        {
            "name": "Thigh_R",
            "time": [0.0, 0.01, 0.02, 0.03, 0.04, 0.05, 0.06, 0.07, 0.08, 0.09, 0.1, 0.11, 0.12, 0.13, 0.14, 0.15, 0.16, 0.17, 0.18, 0.19, 0.2, 0.21, 0.22, 0.23, 0.24, 0.25, 0.26, 0.27, 0.28, 0.29, 0.3, 0.31, 0.32, 0.33, 0.34, 0.35, 0.36, 0.37, 0.38, 0.39, 0.4, 0.41, 0.42, 0.43, 0.44, 0.45, 0.46, 0.47, 0.48, 0.49, 0.5, 0.51, 0.52, 0.53, 0.54, 0.55, 0.56, 0.57, 0.58, 0.59, 0.6, 0.61, 0.62, 0.63, 0.64, 0.65, 0.66, 0.67, 0.68, 0.69, 0.7, 0.71, 0.72, 0.73, 0.74, 0.75, 0.76, 0.77, 0.78, 0.79, 0.8, 0.81, 0.82, 0.83, 0.84, 0.85, 0.86, 0.87, 0.88, 0.89, 0.9, 0.91, 0.92, 0.93, 0.94, 0.95, 0.96, 0.97, 0.98, 0.99, 1.0, 1.01, 1.02, 1.03, 1.04, 1.05, 1.06, 1.07, 1.08, 1.09, 1.1, 1.11, 1.12, 1.13, 1.14, 1.15, 1.16, 1.17, 1.18, 1.19, 1.2, 1.21, 1.22, 1.23, 1.24, 1.25, 1.26, 1.27, 1.28, 1.29, 1.3, 1.31, 1.32, 1.33, 1.34, 1.35, 1.36, 1.37, 1.38, 1.39, 1.4, 1.41, 1.42, 1.43, 1.44, 1.45, 1.46, 1.47, 1.48, 1.49, 1.5, 1.51, 1.52, 1.53, 1.54, 1.55, 1.56, 1.57, 1.58, 1.59, 1.6, 1.61, 1.62, 1.63, 1.64, 1.65, 1.66, 1.67, 1.68, 1.69, 1.7, 1.71, 1.72, 1.73, 1.74, 1.75, 1.76, 1.77, 1.78, 1.79, 1.8, 1.81, 1.82, 1.83, 1.84, 1.85, 1.86, 1.87, 1.88, 1.89, 1.9, 1.91, 1.92, 1.93, 1.94, 1.95, 1.96, 1.97, 1.98, 1.99, 2.0, 2.01, 2.02, 2.03, 2.04, 2.05, 2.06, 2.07, 2.08, 2.09, 2.1, 2.11, 2.12, 2.13, 2.14, 2.15, 2.16],
            "transform": [
                [0.995114, 0.097962, 0.012323, 0.124994, 0.097948, -0.995189, 0.001749, -0.002831, 0.012435, -0.000533, -0.999923, -1.2e-05, 0.0, 0.0, 0.0, 1.0],
                [0.995157, 0.097532, 0.012281, 0.124994, 0.097518, -0.995231, 0.00173, -0.002831, 0.012391, -0.000524, -0.999923, -1.2e-05, 0.0, 0.0, 0.0, 1.0],
                [0.995282, 0.096268, 0.012157, 0.124994, 0.096255, -0.995354, 0.001674, -0.002831, 0.012262, -0.000497, -0.999925, -1.2e-05, 0.0, 0.0, 0.0, 1.0],
                [0.995481, 0.094209, 0.011955, 0.124994, 0.094197, -0.995551, 0.001584, -0.002831, 0.012051, -0.000451, -0.999927, -1.2e-05, 0.0, 0.0, 0.0, 1.0],
                [0.995747, 0.091393, 0.011679, 0.124994, 0.091383, -0.995814, 0.001463, -0.002831, 0.011764, -0.000389, -0.999931, -1.2e-05, 0.0, 0.0, 0.0, 1.0],
                [0.996069, 0.08786, 0.011332, 0.124994, 0.087851, -0.996132, 0.001311, -0.002831, 0.011403, -0.00031, -0.999935, -1.2e-05, 0.0, 0.0, 0.0, 1.0],
                [0.996436, 0.083648, 0.010919, 0.124994, 0.083641, -0.996494, 0.001132, -0.002831, 0.010975, -0.000215, -0.99994, -1.2e-05, 0.0, 0.0, 0.0, 1.0],
                [0.996837, 0.078796, 0.010443, 0.124994, 0.078791, -0.99689, 0.000928, -0.002831, 0.010484, -0.000102, -0.999945, -1.2e-05, 0.0, 0.0, 0.0, 1.0],
                [0.997258, 0.073343, 0.009908, 0.124994, 0.07334, -0.997306, 0.000702, -0.002831, 0.009933, 2.6e-05, -0.999951, -1.2e-05, 0.0, 0.0, 0.0, 1.0],
                [0.997688, 0.067329, 0.009318, 0.124994, 0.067328, -0.99773, 0.000457, -0.002831, 0.009328, 0.000171, -0.999957, -1.2e-05, 0.0, 0.0, 0.0, 1.0],
                [0.998113, 0.060793, 0.008677, 0.124994, 0.060793, -0.998149, 0.000195, -0.002831, 0.008672, 0.000332, -0.999963, -1.2e-05, 0.0, 0.0, 0.0, 1.0],
                [0.998521, 0.053774, 0.007987, 0.124994, 0.053777, -0.998552, -8e-05, -0.002831, 0.007972, 0.00051, -0.999968, -1.2e-05, 0.0, 0.0, 0.0, 1.0],
                [0.998901, 0.046314, 0.007254, 0.124994, 0.046317, -0.998926, -0.000368, -0.002831, 0.00723, 0.000703, -0.999974, -1.2e-05, 0.0, 0.0, 0.0, 1.0],
