{
    "animation": [
        {
            "name": "Root",
            "time": [0.0, 0.01, 0.02, 0.03, 0.04, 0.05, 0.06, 0.07, 0.08, 0.09, 0.1, 0.11, 0.12, 0.13, 0.14, 0.15, 0.16, 0.17, 0.18, 0.19, 0.2, 0.21, 0.22, 0.23, 0.24, 0.25, 0.26, 0.27, 0.28, 0.29, 0.3, 0.31, 0.32, 0.33, 0.34, 0.35, 0.36, 0.37, 0.38, 0.39, 0.4, 0.41, 0.42, 0.43, 0.44, 0.45, 0.46, 0.47, 0.48, 0.49, 0.5, 0.51, 0.52, 0.53, 0.54, 0.55, 0.56, 0.57, 0.58, 0.59, 0.6, 0.61, 0.62, 0.63, 0.64, 0.65, 0.66, 0.67, 0.68, 0.69, 0.7, 0.71, 0.72, 0.73, 0.74, 0.75, 0.76, 0.77, 0.78, 0.79, 0.8],
            "transform": [
                [0.929181, 0.023704, -0.368863, -5e-06, -0.367019, 0.177443, -0.913133, 0.000946, 0.043807, 0.983846, 0.173577, 0.485166, 0.0, 0.0, 0.0, 1.0],
                [0.932663, 0.021999, -0.360076, -0.007198, -0.358078, 0.177663, -0.916633, 0.011298, 0.043807, 0.983846, 0.173577, 0.484236, 0.0, 0.0, 0.0, 1.0],
                [0.941692, 0.017354, -0.336028, -0.026761, -0.333612, 0.178176, -0.925719, 0.0404, 0.043807, 0.983846, 0.173577, 0.481599, 0.0, 0.0, 0.0, 1.0],
                [0.953851, 0.010474, -0.300098, -0.055669, -0.297068, 0.178713, -0.937983, 0.085303, 0.043807, 0.983846, 0.173577, 0.477483, 0.0, 0.0, 0.0, 1.0],
                [0.966732, 0.002082, -0.255783, -0.090896, -0.252013, 0.179008, -0.951024, 0.143061, 0.043807, 0.983846, 0.173577, 0.472115, 0.0, 0.0, 0.0, 1.0],
                [0.978344, -0.007066, -0.206863, -0.129419, -0.202295, 0.17888, -0.962849, 0.210729, 0.043807, 0.983846, 0.173577, 0.465722, 0.0, 0.0, 0.0, 1.0],
                [0.987402, -0.016196, -0.157402, -0.168211, -0.152048, 0.178285, -0.97216, 0.285359, 0.043807, 0.983846, 0.173577, 0.458533, 0.0, 0.0, 0.0, 1.0],
                [0.993446, -0.024538, -0.111642, -0.204249, -0.105579, 0.17733, -0.978472, 0.364008, 0.043807, 0.983846, 0.173577, 0.450774, 0.0, 0.0, 0.0, 1.0],
                [0.996777, -0.031355, -0.073845, -0.234506, -0.06721, 0.176252, -0.982048, 0.443729, 0.043807, 0.983846, 0.173577, 0.442675, 0.0, 0.0, 0.0, 1.0],
                [0.998191, -0.035945, -0.048187, -0.255957, -0.041169, 0.175374, -0.983641, 0.521577, 0.043807, 0.983846, 0.173577, 0.434461, 0.0, 0.0, 0.0, 1.0],
                [0.998541, -0.037627, -0.038738, -0.265579, -0.031581, 0.175021, -0.984058, 0.594605, 0.043807, 0.983846, 0.173577, 0.426361, 0.0, 0.0, 0.0, 1.0],
                [0.998137, -0.03585, -0.049379, -0.2676, -0.042356, 0.17546, -0.983575, 0.660485, 0.043925, 0.983834, 0.173614, 0.418603, 0.0, 0.0, 0.0, 1.0],
                [0.996398, -0.030821, -0.078996, -0.268546, -0.072363, 0.176562, -0.981626, 0.719354, 0.044202, 0.983807, 0.173695, 0.411413, 0.0, 0.0, 0.0, 1.0],
                [0.992006, -0.022978, -0.124084, -0.268838, -0.118078, 0.17791, -0.976937, 0.771965, 0.044524, 0.983778, 0.173774, 0.405021, 0.0, 0.0, 0.0, 1.0],
                [0.983402, -0.012778, -0.180988, -0.268897, -0.175828, 0.179031, -0.968004, 0.819073, 0.044772, 0.98376, 0.173813, 0.399653, 0.0, 0.0, 0.0, 1.0],
                [0.969305, -0.000729, -0.24586, -0.269142, -0.241741, 0.179475, -0.953599, 0.86143, 0.044821, 0.983762, 0.173789, 0.395536, 0.0, 0.0, 0.0, 1.0],
                [0.949095, 0.0126, -0.314739, -0.269994, -0.311826, 0.17888, -0.933149, 0.899791, 0.044543, 0.98379, 0.173703, 0.3929, 0.0, 0.0, 0.0, 1.0],
                [0.923055, 0.026603, -0.383747, -0.271874, -0.382166, 0.177032, -0.906978, 0.934911, 0.043807, 0.983846, 0.173577, 0.39197, 0.0, 0.0, 0.0, 1.0],
                [0.892228, 0.040714, -0.449747, -0.275115, -0.449575, 0.173981, -0.876135, 0.967465, 0.042576, 0.983907, 0.173534, 0.400509, 0.0, 0.0, 0.0, 1.0],
                [0.857468, 0.054486, -0.511644, -0.279697, -0.512892, 0.169953, -0.841461, 0.997825, 0.041108, 0.983945, 0.173675, 0.423763, 0.0, 0.0, 0.0, 1.0],
                [0.819623, 0.067504, -0.568913, -0.285516, -0.571526, 0.165173, -0.803789, 1.026286, 0.03971, 0.983952, 0.17396, 0.458183, 0.0, 0.0, 0.0, 1.0],
                [0.779655, 0.079389, -0.621156, -0.292465, -0.625013, 0.159927, -0.764056, 1.053144, 0.038682, 0.983931, 0.174307, 0.500225, 0.0, 0.0, 0.0, 1.0],
                [0.738614, 0.089803, -0.668121, -0.300439, -0.67304, 0.154559, -0.723277, 1.078691, 0.038311, 0.983894, 0.174601, 0.54634, 0.0, 0.0, 0.0, 1.0],
                [0.697595, 0.098451, -0.709696, -0.309332, -0.715437, 0.149451, -0.682506, 1.103224, 0.038871, 0.983856, 0.174692, 0.592983, 0.0, 0.0, 0.0, 1.0],
                [0.657709, 0.105077, -0.745907, -0.319038, -0.752176, 0.145011, -0.642809, 1.127037, 0.04062, 0.983835, 0.174411, 0.636607, 0.0, 0.0, 0.0, 1.0],
                [0.620048, 0.109456, -0.776891, -0.329452, -0.78334, 0.141659, -0.605236, 1.150425, 0.043807, 0.983846, 0.173577, 0.673665, 0.0, 0.0, 0.0, 1.0],
                [0.585527, 0.112029, -0.802875, -0.340468, -0.809225, 0.139525, -0.57069, 1.173586, 0.048087, 0.983861, 0.172352, 0.703107, 0.0, 0.0, 0.0, 1.0],
                [0.55451, 0.11339, -0.824416, -0.351979, -0.830509, 0.13809, -0.539616, 1.196331, 0.052657, 0.983908, 0.170743, 0.726683, 0.0, 0.0, 0.0, 1.0],
                [0.527182, 0.113905, -0.842083, -0.36388, -0.847809, 0.137489, -0.512169, 1.218373, 0.057439, 0.983932, 0.169052, 0.745043, 0.0, 0.0, 0.0, 1.0],
                [0.50363, 0.113758, -0.856397, -0.376065, -0.861678, 0.137516, -0.488468, 1.239427, 0.062201, 0.983945, 0.167279, 0.758841, 0.0, 0.0, 0.0, 1.0],
                [0.483881, 0.11315, -0.867788, -0.388429, -0.872584, 0.13802, -0.468559, 1.259207, 0.066755, 0.983945, 0.165518, 0.768727, 0.0, 0.0, 0.0, 1.0],
                [0.467917, 0.112268, -0.876612, -0.400866, -0.880923, 0.138838, -0.452437, 1.277427, 0.070913, 0.983931, 0.163865, 0.775355, 0.0, 0.0, 0.0, 1.0],
                [0.455684, 0.11129, -0.883157, -0.41327, -0.88702, 0.139795, -0.44006, 1.2938, 0.074487, 0.983907, 0.162418, 0.779374, 0.0, 0.0, 0.0, 1.0],
                [0.447096, 0.110383, -0.887649, -0.425534, -0.891141, 0.140708, -0.431357, 1.30804, 0.077284, 0.983878, 0.161277, 0.781439, 0.0, 0.0, 0.0, 1.0],
                [0.442044, 0.109716, -0.890258, -0.437554, -0.893498, 0.141391, -0.426228, 1.319862, 0.07911, 0.983855, 0.160532, 0.782199, 0.0, 0.0, 0.0, 1.0],
                [0.440394, 0.109456, -0.891107, -0.449224, -0.894254, 0.141659, -0.424549, 1.32898, 0.079764, 0.983846, 0.160268, 0.782308, 0.0, 0.0, 0.0, 1.0],
                [0.471059, 0.109456, -0.875284, -0.461788, -0.878979, 0.141659, -0.455333, 1.352178, 0.074153, 0.983846, 0.16294, 0.752899, 0.0, 0.0, 0.0, 1.0],
                [0.497668, 0.109456, -0.860434, -0.473486, -0.864609, 0.141659, -0.482062, 1.372646, 0.069124, 0.983846, 0.165136, 0.72695, 0.0, 0.0, 0.0, 1.0],
                [0.520357, 0.109456, -0.846905, -0.484317, -0.851494, 0.141659, -0.504867, 1.390386, 0.064711, 0.983846, 0.166915, 0.70446, 0.0, 0.0, 0.0, 1.0],
                [0.539267, 0.109456, -0.834991, -0.494282, -0.839927, 0.141659, -0.523885, 1.405395, 0.060942, 0.983846, 0.168327, 0.685431, 0.0, 0.0, 0.0, 1.0],
                [0.554532, 0.109456, -0.824933, -0.50338, -0.83015, 0.141659, -0.539243, 1.417676, 0.057836, 0.983846, 0.16942, 0.669862, 0.0, 0.0, 0.0, 1.0],
                [0.566271, 0.109456, -0.816919, -0.511612, -0.822355, 0.141659, -0.551058, 1.427228, 0.055408, 0.983846, 0.170229, 0.657752, 0.0, 0.0, 0.0, 1.0],
                [0.574581, 0.109456, -0.811095, -0.518977, -0.816686, 0.141659, -0.559425, 1.434051, 0.053667, 0.983846, 0.170786, 0.649102, 0.0, 0.0, 0.0, 1.0],
                [0.579539, 0.109471, -0.807558, -0.525476, -0.813243, 0.141688, -0.564412, 1.438145, 0.052635, 0.98384, 0.17114, 0.643913, 0.0, 0.0, 0.0, 1.0],
                [0.581185, 0.109456, -0.806377, -0.531108, -0.812091, 0.141659, -0.566075, 1.439509, 0.052271, 0.983846, 0.171219, 0.642183, 0.0, 0.0, 0.0, 1.0],
                [0.60399, 0.106935, -0.789785, -0.535874, -0.795457, 0.142358, -0.589052, 1.478492, 0.049442, 0.984022, 0.171045, 0.642256, 0.0, 0.0, 0.0, 1.0],
                [0.626543, 0.103985, -0.772419, -0.539773, -0.778002, 0.14249, -0.61189, 1.523506, 0.046434, 0.984319, 0.170177, 0.64247, 0.0, 0.0, 0.0, 1.0],
                [0.648778, 0.100653, -0.754292, -0.542806, -0.759745, 0.142063, -0.634512, 1.571529, 0.043291, 0.984727, 0.168638, 0.642816, 0.0, 0.0, 0.0, 1.0],
                [0.67063, 0.096988, -0.735424, -0.544972, -0.74071, 0.141085, -0.656844, 1.619541, 0.040052, 0.985235, 0.166455, 0.643287, 0.0, 0.0, 0.0, 1.0],
                [0.692033, 0.093036, -0.715846, -0.546272, -0.72093, 0.139569, -0.678809, 1.664516, 0.036756, 0.985832, 0.163658, 0.643874, 0.0, 0.0, 0.0, 1.0],
                [0.712924, 0.088843, -0.69559, -0.546705, -0.700443, 0.137526, -0.700333, 1.703435, 0.033442, 0.986506, 0.160276, 0.644569, 0.0, 0.0, 0.0, 1.0],
                [0.733243, 0.084456, -0.674701, -0.546158, -0.679298, 0.134975, -0.721344, 1.737167, 0.030146, 0.987243, 0.156341, 0.645363, 0.0, 0.0, 0.0, 1.0],
                [0.752932, 0.079919, -0.653228, -0.544565, -0.657549, 0.131933, -0.741771, 1.768651, 0.026901, 0.988032, 0.151887, 0.646248, 0.0, 0.0, 0.0, 1.0],
                [0.771935, 0.075274, -0.631229, -0.542002, -0.635258, 0.128421, -0.761548, 1.797965, 0.023739, 0.988859, 0.146951, 0.647216, 0.0, 0.0, 0.0, 1.0],
                [0.790203, 0.070562, -0.60877, -0.538543, -0.612496, 0.124466, -0.780613, 1.825186, 0.020689, 0.989712, 0.141572, 0.648258, 0.0, 0.0, 0.0, 1.0],
                [0.80769, 0.065824, -0.585922, -0.534263, -0.589339, 0.120093, -0.79891, 1.850391, 0.017778, 0.990578, 0.135791, 0.649367, 0.0, 0.0, 0.0, 1.0],
                [0.824357, 0.061097, -0.562764, -0.529237, -0.565871, 0.115335, -0.816387, 1.873659, 0.015028, 0.991446, 0.12965, 0.650534, 0.0, 0.0, 0.0, 1.0],
                [0.84017, 0.056415, -0.539381, -0.523538, -0.54218, 0.110225, -0.833001, 1.895066, 0.01246, 0.992304, 0.123195, 0.65175, 0.0, 0.0, 0.0, 1.0],
                [0.855103, 0.051811, -0.515863, -0.517243, -0.518361, 0.104799, -0.848716, 1.91469, 0.010089, 0.993143, 0.116471, 0.653008, 0.0, 0.0, 0.0, 1.0],
                [0.869135, 0.047315, -0.492307, -0.510425, -0.494511, 0.099097, -0.863503, 1.932609, 0.007929, 0.993952, 0.109527, 0.654299, 0.0, 0.0, 0.0, 1.0],
                [0.882254, 0.042954, -0.468809, -0.503159, -0.470735, 0.093161, -0.877342, 1.948901, 0.005989, 0.994724, 0.102412, 0.655615, 0.0, 0.0, 0.0, 1.0],
                [0.894455, 0.038751, -0.445475, -0.495519, -0.447137, 0.087034, -0.890221, 1.963642, 0.004274, 0.995451, 0.095176, 0.656947, 0.0, 0.0, 0.0, 1.0],
                [0.90574, 0.034727, -0.422408, -0.487581, -0.423824, 0.080763, -0.902137, 1.97691, 0.002786, 0.996128, 0.087869, 0.658288, 0.0, 0.0, 0.0, 1.0],
                [0.916118, 0.030899, -0.399716, -0.47942, -0.400906, 0.074396, -0.913094, 1.988782, 0.001523, 0.99675, 0.080543, 0.659629, 0.0, 0.0, 0.0, 1.0],
                [0.925605, 0.027281, -0.377506, -0.471108, -0.37849, 0.06798, -0.923106, 1.999337, 0.000479, 0.997314, 0.073249, 0.660961, 0.0, 0.0, 0.0, 1.0],
                [0.934224, 0.023884, -0.355886, -0.462723, -0.356686, 0.061567, -0.932193, 2.008652, -0.000354, 0.997817, 0.066037, 0.662277, 0.0, 0.0, 0.0, 1.0],
                [0.942003, 0.020715, -0.334964, -0.454337, -0.335602, 0.055208, -0.940385, 2.016805, -0.000988, 0.99826, 0.058958, 0.663568, 0.0, 0.0, 0.0, 1.0],
                [0.948977, 0.01778, -0.314845, -0.446026, -0.315343, 0.048952, -0.947714, 2.023871, -0.001438, 0.998643, 0.052062, 0.664826, 0.0, 0.0, 0.0, 1.0],
                [0.955182, 0.015081, -0.295635, -0.437864, -0.296014, 0.042853, -0.954222, 2.029931, -0.001722, 0.998968, 0.045396, 0.666043, 0.0, 0.0, 0.0, 1.0],
                [0.960661, 0.012618, -0.277435, -0.429926, -0.277716, 0.036961, -0.959952, 2.035059, -0.001858, 0.999237, 0.039011, 0.667209, 0.0, 0.0, 0.0, 1.0],
                [0.965459, 0.010388, -0.260348, -0.422287, -0.260548, 0.031327, -0.964953, 2.039335, -0.001868, 0.999455, 0.032951, 0.668318, 0.0, 0.0, 0.0, 1.0],
                [0.969621, 0.008389, -0.244469, -0.415021, -0.244606, 0.026002, -0.969274, 2.042837, -0.001774, 0.999627, 0.027264, 0.669361, 0.0, 0.0, 0.0, 1.0],
                [0.973193, 0.006615, -0.229894, -0.408202, -0.229984, 0.021035, -0.972967, 2.04564, -0.0016, 0.999757, 0.021993, 0.670329, 0.0, 0.0, 0.0, 1.0],
                [0.976222, 0.005061, -0.216716, -0.401907, -0.216771, 0.016478, -0.976083, 2.047823, -0.001369, 0.999851, 0.017183, 0.671214, 0.0, 0.0, 0.0, 1.0],
                [0.97875, 0.003722, -0.205025, -0.396208, -0.205056, 0.012377, -0.978672, 2.049464, -0.001105, 0.999916, 0.012878, 0.672008, 0.0, 0.0, 0.0, 1.0],
                [0.980818, 0.002593, -0.194907, -0.391182, -0.194923, 0.008782, -0.980779, 2.05064, -0.000831, 0.999958, 0.009119, 0.672702, 0.0, 0.0, 0.0, 1.0],
                [0.982463, 0.001668, -0.186448, -0.386902, -0.186455, 0.005739, -0.982447, 2.051428, -0.000569, 0.999982, 0.005949, 0.673289, 0.0, 0.0, 0.0, 1.0],
                [0.983715, 0.000945, -0.179731, -0.383443, -0.179734, 0.003294, -0.98371, 2.051906, -0.000338, 0.999994, 0.00341, 0.67376, 0.0, 0.0, 0.0, 1.0],
                [0.984597, 0.000425, -0.174837, -0.38088, -0.174838, 0.001493, -0.984596, 2.052152, -0.000157, 0.999999, 0.001544, 0.674106, 0.0, 0.0, 0.0, 1.0],
                [0.985124, 0.000108, -0.171844, -0.379288, -0.171844, 0.00038, -0.985124, 2.052241, -4.1e-05, 1.0, 0.000393, 0.67432, 0.0, 0.0, 0.0, 1.0],
                [0.985299, 7.4e-05, -0.170837, -0.37874, -0.170837, -6e-06, -0.985299, 2.052241, -7.4e-05, 1.0, 6e-06, 0.67432, 0.0, 0.0, 0.0, 1.0]
            ]
        },
        {
            "name": "Thigh_R",
            "time": [0.0, 0.8],
            "transform": [
                [0.80397, 0.59215, 0.054688, 0.124994, 0.561186, -0.725061, -0.399195, -0.002831, -0.196731, 0.351631, -0.915233, -1.2e-05, 0.0, 0.0, 0.0, 1.0],
                [0.981208, 0.150307, -0.12099, 0.124994, 0.192164, -0.817886, 0.542343, -0.002831, -0.017438, -0.555401, -0.8314, -1.2e-05, 0.0, 0.0, 0.0, 1.0]
            ]
        },
        {
            "name": "Leg_R",
            "time": [0.0, 0.47, 0.48, 0.49, 0.5, 0.51, 0.52, 0.53, 0.54, 0.55, 0.56, 0.57, 0.58, 0.59, 0.6, 0.61, 0.62, 0.63, 0.64, 0.65, 0.8],
            "transform": [
                [1.0, -1e-06, -5.1e-05, 0.0, 1e-06, 0.999989, 0.004555, 0.374721, 5.1e-05, -0.004555, 0.99999, -0.0, 0.0, 0.0, 0.0, 1.0],
                [1.0, -0.000148, -0.000125, -0.0, 0.000189, 0.597021, 0.802225, 0.374722, -4.4e-05, -0.802225, 0.597021, 0.0, 0.0, 0.0, 0.0, 1.0],
                [1.0, -0.000156, -0.000135, -0.0, 0.000199, 0.546389, 0.837532, 0.374722, -5.7e-05, -0.837531, 0.546389, 0.0, 0.0, 0.0, 0.0, 1.0],
                [1.0, -0.00017, -0.000151, -0.0, 0.000214, 0.478994, 0.877818, 0.374722, -7.7e-05, -0.877818, 0.478994, -0.0, 0.0, 0.0, 0.0, 1.0],
                [1.0, -0.000187, -0.000174, -0.0, 0.000234, 0.393156, 0.919472, 0.374721, -0.000104, -0.919472, 0.393156, -0.0, 0.0, 0.0, 0.0, 1.0],
                [1.0, -0.00021, -0.000205, -0.0, 0.000257, 0.293841, 0.955855, 0.374721, -0.00014, -0.955854, 0.29384, -0.0, 0.0, 0.0, 0.0, 1.0],
                [1.0, -0.000236, -0.000244, 0.0, 0.000284, 0.189978, 0.981788, 0.374722, -0.000185, -0.981788, 0.189978, -0.0, 0.0, 0.0, 0.0, 1.0],
                [1.0, -0.000267, -0.000294, -0.0, 0.000316, 0.086409, 0.996259, 0.374722, -0.00024, -0.99626, 0.086409, 0.0, 0.0, 0.0, 0.0, 1.0],
                [1.0, -0.000304, -0.000357, -0.0, 0.000353, -0.012329, 0.999924, 0.374722, -0.000309, -0.999923, -0.012329, -0.0, 0.0, 0.0, 0.0, 1.0],
                [1.0, -0.000351, -0.000437, 0.0, 0.000399, -0.10242, 0.994741, 0.374721, -0.000394, -0.994741, -0.10242, 0.0, 0.0, 0.0, 0.0, 1.0],
                [1.0, -0.00041, -0.00054, -0.0, 0.000457, -0.17996, 0.983674, 0.374722, -0.000501, -0.983674, -0.17996, 0.0, 0.0, 0.0, 0.0, 1.0],
                [1.0, -0.000491, -0.000676, -0.0, 0.000537, -0.242433, 0.970168, 0.374722, -0.00064, -0.970168, -0.242433, 0.0, 0.0, 0.0, 0.0, 1.0],
                [0.999999, -0.000604, -0.00086, -0.0, 0.000649, -0.287969, 0.95764, 0.374721, -0.000826, -0.95764, -0.287968, 0.0, 0.0, 0.0, 0.0, 1.0],
                [0.999999, -0.000773, -0.001118, 0.0, 0.000818, -0.314708, 0.949188, 0.374721, -0.001086, -0.949188, -0.314707, -0.0, 0.0, 0.0, 0.0, 1.0],
                [0.999998, -0.00104, -0.001497, -0.0, 0.001083, -0.321525, 0.9469, 0.374722, -0.001466, -0.946901, -0.321523, -0.0, 0.0, 0.0, 0.0, 1.0],
                [0.999997, -0.001486, -0.002094, 0.0, 0.00153, -0.310207, 0.950668, 0.374722, -0.002062, -0.950667, -0.310204, 0.0, 0.0, 0.0, 0.0, 1.0],
                [0.999993, -0.002285, -0.003107, 0.0, 0.002329, -0.284452, 0.958688, 0.374722, -0.003074, -0.958687, -0.284444, -0.0, 0.0, 0.0, 0.0, 1.0],
                [0.999981, -0.0038, -0.004929, -0.0, 0.003844, -0.245822, 0.969308, 0.374722, -0.004895, -0.969308, -0.245802, -0.0, 0.0, 0.0, 0.0, 1.0],
                [0.999948, -0.006463, -0.007925, -0.0, 0.006508, -0.195659, 0.98065, 0.374722, -0.007889, -0.98065, -0.195606, 0.0, 0.0, 0.0, 0.0, 1.0],
                [0.999915, -0.008565, -0.009862, 0.0, 0.00861, -0.135599, 0.990726, 0.374721, -0.009823, -0.990727, -0.135513, 0.0, 0.0, 0.0, 0.0, 1.0],
                [0.999994, -0.003407, -0.000745, 0.0, 0.003425, 0.919048, 0.394131, 0.374721, -0.000658, -0.394131, 0.919054, -0.0, 0.0, 0.0, 0.0, 1.0]
            ]
        },
        {
            "name": "Knee_R",
            "time": [0.0, 0.8],
            "transform": [
                [1.0, -5.7e-05, 5.7e-05, -2.1e-05, 5.7e-05, 0.002669, -0.999996, 0.374719, 5.7e-05, 0.999996, 0.002669, -0.001, 0.0, 0.0, 0.0, 1.0],
                [1.0, -5.7e-05, 5.7e-05, -2.1e-05, 5.7e-05, 0.002669, -0.999996, 0.374719, 5.7e-05, 0.999996, 0.002669, -0.001, 0.0, 0.0, 0.0, 1.0]
            ]
        },
        {
            "name": "Thigh_L",
            "time": [0.0, 0.8],
            "transform": [
                [0.199069, -0.95431, -0.222854, -0.125006, 0.011685, -0.225077, 0.974271, -0.002831, -0.979916, -0.196551, -0.033655, -1.2e-05, 0.0, 0.0, 0.0, 1.0],
                [0.826478, -0.362356, -0.430851, -0.125006, -0.375025, -0.925155, 0.058687, -0.002831, -0.41987, 0.113076, -0.900513, -1.1e-05, 0.0, 0.0, 0.0, 1.0]
            ]
        },
        {
            "name": "Leg_L",
            "time": [0.0, 0.5, 0.51, 0.52, 0.53, 0.54, 0.55, 0.56, 0.57, 0.58, 0.59, 0.6, 0.61, 0.63, 0.8],
            "transform": [
                [0.99993, 0.007457, 0.009188, -0.0, -0.007529, -0.197995, 0.980174, 0.374721, 0.009128, -0.980174, -0.197925, -0.0, 0.0, 0.0, 0.0, 1.0],
                [0.999965, 0.007046, 0.004588, -0.0, -0.007113, 0.417975, 0.908431, 0.374721, 0.004483, -0.908431, 0.418011, 0.0, 0.0, 0.0, 0.0, 1.0],
                [0.999964, 0.007166, 0.004702, 0.0, -0.007233, 0.411207, 0.911513, 0.374722, 0.004598, -0.911514, 0.411244, -0.0, 0.0, 0.0, 0.0, 1.0],
                [0.999962, 0.007282, 0.004771, -0.0, -0.00735, 0.412408, 0.91097, 0.374722, 0.004666, -0.910971, 0.412446, -0.0, 0.0, 0.0, 0.0, 1.0],
                [0.999961, 0.007396, 0.004801, 0.0, -0.007463, 0.419857, 0.907559, 0.374721, 0.004697, -0.90756, 0.419896, 0.0, 0.0, 0.0, 0.0, 1.0],
                [0.99996, 0.007505, 0.004797, -0.0, -0.007572, 0.432561, 0.901573, 0.374722, 0.004691, -0.901573, 0.4326, 0.0, 0.0, 0.0, 0.0, 1.0],
                [0.999959, 0.007608, 0.004764, -0.0, -0.007674, 0.449221, 0.893387, 0.374721, 0.004657, -0.893388, 0.449261, 0.0, 0.0, 0.0, 0.0, 1.0],
                [0.999959, 0.007707, 0.004708, -0.0, -0.007772, 0.468864, 0.883236, 0.374721, 0.004599, -0.883236, 0.468905, -0.0, 0.0, 0.0, 0.0, 1.0],
                [0.999959, 0.00779, 0.004627, 0.0, -0.007855, 0.490665, 0.871313, 0.374721, 0.004518, -0.871313, 0.490706, 0.0, 0.0, 0.0, 0.0, 1.0],
                [0.999959, 0.007863, 0.004529, -0.0, -0.007927, 0.51393, 0.857796, 0.374721, 0.004417, -0.857795, 0.513971, -0.0, 0.0, 0.0, 0.0, 1.0],
                [0.999959, 0.007912, 0.004409, 0.0, -0.007974, 0.538083, 0.842854, 0.374721, 0.004296, -0.842854, 0.538124, 0.0, 0.0, 0.0, 0.0, 1.0],
                [0.999959, 0.007937, 0.004273, 0.0, -0.007998, 0.562652, 0.826654, 0.374722, 0.004157, -0.826655, 0.562693, -0.0, 0.0, 0.0, 0.0, 1.0],
                [0.99996, 0.00793, 0.004118, -0.0, -0.00799, 0.587254, 0.809363, 0.374722, 0.004, -0.809363, 0.587294, -0.0, 0.0, 0.0, 0.0, 1.0],
                [0.999963, 0.007802, 0.003757, -0.0, -0.007859, 0.635469, 0.772086, 0.374722, 0.003636, -0.772087, 0.635507, -0.0, 0.0, 0.0, 0.0, 1.0],
                [0.999986, 0.005142, 0.00148, -0.0, -0.005179, 0.860827, 0.508872, 0.374722, 0.001343, -0.508872, 0.860841, 0.0, 0.0, 0.0, 0.0, 1.0]
            ]
        },
        {
            "name": "Knee_L",
            "time": [0.0, 0.8],
            "transform": [
                [1.0, 0.0, -0.0, 0.0, -0.0, 0.002669, -0.999997, 0.479718, -0.0, 0.999997, 0.002669, -0.00128, 0.0, 0.0, 0.0, 1.0],
                [1.0, 0.0, -0.0, 0.0, -0.0, 0.002669, -0.999996, 0.386133, -0.0, 0.999997, 0.002669, -0.00103, 0.0, 0.0, 0.0, 1.0]
            ]
        },
        {
            "name": "Torso",
            "time": [0.0, 0.01, 0.02, 0.03, 0.04, 0.05, 0.06, 0.07, 0.08, 0.09, 0.1, 0.11, 0.12, 0.13, 0.14, 0.15, 0.16, 0.17, 0.18, 0.19, 0.2, 0.21, 0.22, 0.23, 0.24, 0.25, 0.26, 0.27, 0.28, 0.29, 0.3, 0.31, 0.32, 0.33, 0.34, 0.35, 0.36, 0.37, 0.38, 0.39, 0.4, 0.41, 0.42, 0.43, 0.44, 0.45, 0.46, 0.47, 0.48, 0.49, 0.5, 0.51, 0.52, 0.53, 0.54, 0.55, 0.56, 0.57, 0.58, 0.59, 0.6, 0.61, 0.62, 0.63, 0.64, 0.65, 0.66, 0.67, 0.68, 0.69, 0.7, 0.71, 0.72, 0.73, 0.74, 0.75, 0.76, 0.77, 0.78, 0.79, 0.8],
            "transform": [
                [0.963373, -0.052591, 0.262955, 0.0, -0.082003, 0.875832, 0.475598, 0.05, -0.255317, -0.479742, 0.839441, -0.0, 0.0, 0.0, 0.0, 1.0],
                [0.960887, -0.051407, 0.272129, 0.0, -0.084635, 0.881102, 0.465291, 0.05, -0.263693, -0.470123, 0.842289, 0.0, 0.0, 0.0, 0.0, 1.0],
                [0.953713, -0.047656, 0.296919, 0.0, -0.091281, 0.894901, 0.43683, 0.05, -0.28653, -0.443713, 0.849129, 0.0, 0.0, 0.0, 0.0, 1.0],
                [0.942029, -0.040695, 0.333054, -0.0, -0.099713, 0.913819, 0.393691, 0.05, -0.320373, -0.404078, 0.856786, 0.0, 0.0, 0.0, 0.0, 1.0],
                [0.926112, -0.029963, 0.376056, 0.0, -0.107686, 0.934368, 0.339646, 0.05, -0.361552, -0.355046, 0.862103, -0.0, 0.0, 0.0, 0.0, 1.0],
                [0.906742, -0.0155, 0.4214, -0.0, -0.113446, 0.953514, 0.279179, 0.05, -0.406138, -0.300949, 0.862833, 0.0, 0.0, 0.0, 0.0, 1.0],
                [0.885393, 0.001754, 0.46484, 0.0, -0.116106, 0.969132, 0.217494, 0.05, -0.450109, -0.246538, 0.858266, 0.0, 0.0, 0.0, 0.0, 1.0],
                [0.864196, 0.01993, 0.502761, -0.0, -0.115806, 0.980268, 0.1602, 0.05, -0.489647, -0.196666, 0.849451, 0.0, 0.0, 0.0, 0.0, 1.0],
                [0.845728, 0.036455, 0.532368, 0.0, -0.113608, 0.987092, 0.112886, 0.05, -0.521381, -0.155952, 0.838952, 0.0, 0.0, 0.0, 0.0, 1.0],
                [0.832732, 0.048414, 0.551556, 0.0, -0.111132, 0.990512, 0.080842, 0.05, -0.542409, -0.128616, 0.830211, -0.0, 0.0, 0.0, 0.0, 1.0],
                [0.827858, 0.052963, 0.558432, 0.0, -0.110023, 0.991526, 0.069066, 0.05, -0.550042, -0.118618, 0.82667, -0.0, 0.0, 0.0, 0.0, 1.0],
                [0.846806, 0.052963, 0.529258, 0.0, -0.107551, 0.991526, 0.072857, 0.05, -0.520915, -0.118618, 0.845327, 0.0, 0.0, 0.0, 0.0, 1.0],
                [0.891219, 0.052963, 0.450471, -0.0, -0.100518, 0.991526, 0.082289, 0.05, -0.442296, -0.118618, 0.888991, 0.0, 0.0, 0.0, 0.0, 1.0],
                [0.940464, 0.052963, 0.335741, -0.0, -0.089464, 0.991526, 0.094189, 0.05, -0.327907, -0.118618, 0.937234, -0.0, 0.0, 0.0, 0.0, 1.0],
                [0.977483, 0.052963, 0.20426, 0.0, -0.075774, 0.991526, 0.105516, 0.05, -0.196941, -0.118618, 0.973213, 0.0, 0.0, 0.0, 0.0, 1.0],
                [0.995331, 0.052963, 0.08069, -0.0, -0.062015, 0.991526, 0.114147, 0.05, -0.073961, -0.118618, 0.990182, -0.0, 0.0, 0.0, 0.0, 1.0],
                [0.998549, 0.052963, -0.009695, -0.0, -0.051433, 0.991526, 0.119289, 0.05, 0.015931, -0.118618, 0.992812, 0.0, 0.0, 0.0, 0.0, 1.0],
                [0.997606, 0.052963, -0.04447, 0.0, -0.047246, 0.991526, 0.121008, 0.05, 0.050502, -0.118618, 0.991655, -0.0, 0.0, 0.0, 0.0, 1.0],
                [0.998101, 0.052959, -0.031449, -0.0, -0.048854, 0.991643, 0.119405, 0.05, 0.03751, -0.117642, 0.992347, -0.0, 0.0, 0.0, 0.0, 1.0],
                [0.998584, 0.053109, 0.002937, 0.0, -0.053096, 0.992001, 0.114521, 0.05, 0.003168, -0.114515, 0.993416, 0.0, 0.0, 0.0, 0.0, 1.0],
                [0.99722, 0.05374, 0.051607, -0.0, -0.058987, 0.992593, 0.106203, 0.05, -0.045518, -0.108952, 0.993004, 0.0, 0.0, 0.0, 0.0, 1.0],
                [0.992694, 0.055245, 0.107267, 0.0, -0.065481, 0.993381, 0.09437, 0.05, -0.101343, -0.100705, 0.989741, -0.0, 0.0, 0.0, 0.0, 1.0],
                [0.985002, 0.057995, 0.162504, 0.0, -0.071594, 0.994291, 0.079114, 0.05, -0.156988, -0.089561, 0.983531, 0.0, 0.0, 0.0, 0.0, 1.0],
                [0.975703, 0.062243, 0.210068, 0.0, -0.076558, 0.995215, 0.060704, 0.05, -0.205284, -0.075312, 0.9758, -0.0, 0.0, 0.0, 0.0, 1.0],
                [0.967616, 0.06802, 0.24309, 0.0, -0.079944, 0.996016, 0.039516, 0.05, -0.239434, -0.05767, 0.969198, -0.0, 0.0, 0.0, 0.0, 1.0],
                [0.964026, 0.075013, 0.255005, 0.0, -0.081752, 0.996526, 0.015916, 0.05, -0.252925, -0.036191, 0.966809, 0.0, 0.0, 0.0, 0.0, 1.0],
                [0.963713, 0.082318, 0.25393, 0.0, -0.082422, 0.996545, -0.010248, 0.05, -0.253897, -0.011054, 0.967168, 0.0, 0.0, 0.0, 0.0, 1.0],
                [0.963578, 0.089428, 0.25203, 0.0, -0.082345, 0.995859, -0.038536, 0.05, -0.254433, 0.016379, 0.966952, 0.0, 0.0, 0.0, 0.0, 1.0],
                [0.963755, 0.096268, 0.248813, 0.0, -0.081832, 0.99434, -0.067754, 0.05, -0.253927, 0.044937, 0.966179, 0.0, 0.0, 0.0, 0.0, 1.0],
                [0.964367, 0.102737, 0.243807, -0.0, -0.08123, 0.991992, -0.09671, 0.05, -0.25179, 0.07346, 0.96499, -0.0, 0.0, 0.0, 0.0, 1.0],
                [0.965516, 0.108716, 0.236557, 0.0, -0.080918, 0.988949, -0.12423, 0.05, -0.247449, 0.100804, 0.963643, 0.0, 0.0, 0.0, 0.0, 1.0],
                [0.967278, 0.114086, 0.22662, 0.0, -0.081286, 0.985467, -0.149158, 0.05, -0.240344, 0.125856, 0.962494, 0.0, 0.0, 0.0, 0.0, 1.0],
                [0.969688, 0.118744, 0.213552, -0.0, -0.082721, 0.981903, -0.170363, 0.05, -0.229917, 0.147533, 0.961963, 0.0, 0.0, 0.0, 0.0, 1.0],
                [0.972725, 0.122621, 0.196901, 0.0, -0.085576, 0.978679, -0.186718, 0.05, -0.215598, 0.164776, 0.962479, 0.0, 0.0, 0.0, 0.0, 1.0],
                [0.976295, 0.125719, 0.176191, 0.0, -0.090143, 0.976233, -0.197087, 0.05, -0.196781, 0.176533, 0.964424, -0.0, 0.0, 0.0, 0.0, 1.0],
                [0.980207, 0.128131, 0.150918, -0.0, -0.096608, 0.974963, -0.200285, 0.05, -0.172803, 0.181741, 0.968044, 0.0, 0.0, 0.0, 0.0, 1.0],
                [0.985202, 0.129313, 0.112491, 0.0, -0.105384, 0.974637, -0.197424, 0.05, -0.135168, 0.182648, 0.973843, -0.0, 0.0, 0.0, 0.0, 1.0],
                [0.989565, 0.129161, 0.063862, -0.0, -0.114832, 0.974671, -0.191909, 0.05, -0.087031, 0.182573, 0.979333, 0.0, 0.0, 0.0, 0.0, 1.0],
                [0.991461, 0.12851, 0.022125, -0.0, -0.122199, 0.974853, -0.186356, 0.05, -0.045517, 0.182061, 0.982233, 0.0, 0.0, 0.0, 0.0, 1.0],
                [0.991747, 0.128131, 0.004431, 0.0, -0.125141, 0.974963, -0.183812, 0.05, -0.027872, 0.181741, 0.982951, -0.0, 0.0, 0.0, 0.0, 1.0],
                [0.991191, 0.128432, 0.032338, -0.0, -0.12026, 0.975073, -0.186468, 0.05, -0.055481, 0.180936, 0.981929, -0.0, 0.0, 0.0, 0.0, 1.0],
                [0.986709, 0.128955, 0.09887, 0.0, -0.10817, 0.975307, -0.192552, 0.05, -0.121259, 0.179298, 0.976293, 0.0, 0.0, 0.0, 0.0, 1.0],
                [0.975557, 0.129218, 0.177742, 0.0, -0.092878, 0.975503, -0.199416, 0.05, -0.199156, 0.178033, 0.96366, 0.0, 0.0, 0.0, 0.0, 1.0],
                [0.961449, 0.128985, 0.242855, 0.0, -0.078952, 0.975463, -0.205519, 0.05, -0.263405, 0.178422, 0.948042, -0.0, 0.0, 0.0, 0.0, 1.0],
                [0.954361, 0.128131, 0.269772, 0.0, -0.071365, 0.974963, -0.210605, 0.05, -0.290003, 0.181741, 0.939611, 0.0, 0.0, 0.0, 0.0, 1.0],
                [0.954589, 0.126922, 0.269538, -0.0, -0.068709, 0.974114, -0.215363, 0.05, -0.289895, 0.187063, 0.938599, -0.0, 0.0, 0.0, 0.0, 1.0],
                [0.954911, 0.125812, 0.268916, 0.0, -0.066166, 0.973175, -0.220347, 0.05, -0.289425, 0.192619, 0.93762, -0.0, 0.0, 0.0, 0.0, 1.0],
                [0.955322, 0.124793, 0.267928, -0.0, -0.063737, 0.972147, -0.225538, 0.05, -0.288611, 0.198385, 0.936668, 0.0, 0.0, 0.0, 0.0, 1.0],
                [0.955817, 0.123858, 0.266597, -0.0, -0.061423, 0.971033, -0.230914, 0.05, -0.287475, 0.204336, 0.935738, -0.0, 0.0, 0.0, 0.0, 1.0],
                [0.956387, 0.122999, 0.264945, -0.0, -0.059225, 0.969836, -0.236454, 0.05, -0.286037, 0.21045, 0.934823, 0.0, 0.0, 0.0, 0.0, 1.0],
                [0.957026, 0.122211, 0.262994, -0.0, -0.057144, 0.968558, -0.242136, 0.05, -0.284317, 0.216702, 0.933919, 0.0, 0.0, 0.0, 0.0, 1.0],
                [0.957727, 0.121485, 0.260767, -0.0, -0.055179, 0.967203, -0.247939, 0.05, -0.282336, 0.223069, 0.93302, 0.0, 0.0, 0.0, 0.0, 1.0],
                [0.958484, 0.120817, 0.258286, -0.0, -0.053332, 0.965774, -0.253841, 0.05, -0.280114, 0.229527, 0.932123, 0.0, 0.0, 0.0, 0.0, 1.0],
                [0.959288, 0.120199, 0.255574, -0.0, -0.051602, 0.964277, -0.259821, 0.05, -0.277674, 0.236055, 0.931222, 0.0, 0.0, 0.0, 0.0, 1.0],
                [0.960133, 0.119626, 0.252653, -0.0, -0.049989, 0.962716, -0.265856, 0.05, -0.275036, 0.242627, 0.930316, -0.0, 0.0, 0.0, 0.0, 1.0],
                [0.961012, 0.119093, 0.249546, 0.0, -0.048492, 0.961096, -0.271925, 0.05, -0.272222, 0.249222, 0.9294, 0.0, 0.0, 0.0, 0.0, 1.0],
                [0.961917, 0.118594, 0.246275, 0.0, -0.04711, 0.959423, -0.278006, 0.05, -0.269252, 0.255816, 0.928472, 0.0, 0.0, 0.0, 0.0, 1.0],
                [0.962841, 0.118126, 0.242865, 0.0, -0.045841, 0.957705, -0.284077, 0.05, -0.266149, 0.262388, 0.927533, -0.0, 0.0, 0.0, 0.0, 1.0],
                [0.963778, 0.117684, 0.239336, 0.0, -0.044683, 0.955948, -0.290117, 0.05, -0.262935, 0.268914, 0.92658, 0.0, 0.0, 0.0, 0.0, 1.0],
                [0.964722, 0.117266, 0.235713, 0.0, -0.043634, 0.954159, -0.296103, 0.05, -0.259631, 0.275372, 0.925614, 0.0, 0.0, 0.0, 0.0, 1.0],
                [0.965665, 0.116867, 0.232019, -0.0, -0.042691, 0.952347, -0.302015, 0.05, -0.256258, 0.281741, 0.924637, 0.0, 0.0, 0.0, 0.0, 1.0],
                [0.966603, 0.116486, 0.228277, -0.0, -0.041849, 0.95052, -0.307832, 0.05, -0.25284, 0.287998, 0.92365, -0.0, 0.0, 0.0, 0.0, 1.0],
                [0.967528, 0.116121, 0.22451, 0.0, -0.041106, 0.948688, -0.313532, 0.05, -0.249397, 0.294122, 0.922656, -0.0, 0.0, 0.0, 0.0, 1.0],
                [0.968437, 0.11577, 0.220741, 0.0, -0.040458, 0.946859, -0.319094, 0.05, -0.245952, 0.300092, 0.921657, -0.0, 0.0, 0.0, 0.0, 1.0],
                [0.969324, 0.115432, 0.216994, -0.0, -0.039898, 0.945044, -0.324499, 0.05, -0.242527, 0.305886, 0.92066, 0.0, 0.0, 0.0, 0.0, 1.0],
                [0.970184, 0.115107, 0.213293, -0.0, -0.039423, 0.943254, -0.329724, 0.05, -0.239143, 0.311485, 0.919667, -0.0, 0.0, 0.0, 0.0, 1.0],
                [0.971012, 0.114795, 0.209661, -0.0, -0.039026, 0.941498, -0.334752, 0.05, -0.235823, 0.316866, 0.918686, 0.0, 0.0, 0.0, 0.0, 1.0],
                [0.971805, 0.114496, 0.20612, 0.0, -0.038702, 0.939787, -0.339561, 0.05, -0.232587, 0.32201, 0.917722, 0.0, 0.0, 0.0, 0.0, 1.0],
                [0.972559, 0.11421, 0.202696, -0.0, -0.038445, 0.938134, -0.344132, 0.05, -0.229459, 0.326896, 0.916781, 0.0, 0.0, 0.0, 0.0, 1.0],
                [0.973269, 0.113939, 0.19941, -0.0, -0.038248, 0.936548, -0.348446, 0.05, -0.226459, 0.331505, 0.915872, 0.0, 0.0, 0.0, 0.0, 1.0],
                [0.973934, 0.113683, 0.196288, 0.0, -0.038104, 0.935042, -0.352484, 0.05, -0.223609, 0.335816, 0.915001, -0.0, 0.0, 0.0, 0.0, 1.0],
                [0.974549, 0.113446, 0.193351, 0.0, -0.038006, 0.933627, -0.356226, 0.05, -0.22093, 0.339811, 0.914177, -0.0, 0.0, 0.0, 0.0, 1.0],
                [0.975111, 0.113226, 0.190624, 0.0, -0.037948, 0.932314, -0.359653, 0.05, -0.218444, 0.343468, 0.913407, 0.0, 0.0, 0.0, 0.0, 1.0],
                [0.975618, 0.113039, 0.188128, -0.0, -0.037934, 0.931114, -0.362749, 0.05, -0.216174, 0.346768, 0.9127, -0.0, 0.0, 0.0, 0.0, 1.0],
                [0.976068, 0.112852, 0.185893, -0.0, -0.037922, 0.930042, -0.365491, 0.05, -0.214134, 0.349695, 0.912064, -0.0, 0.0, 0.0, 0.0, 1.0],
                [0.976452, 0.112756, 0.183924, -0.0, -0.037996, 0.929101, -0.367869, 0.05, -0.212363, 0.352218, 0.911506, 0.0, 0.0, 0.0, 0.0, 1.0],
                [0.976773, 0.112669, 0.182262, -0.0, -0.038064, 0.928309, -0.369857, 0.05, -0.210867, 0.354329, 0.911036, -0.0, 0.0, 0.0, 0.0, 1.0],
                [0.97703, 0.112595, 0.180929, 0.0, -0.038123, 0.927676, -0.371435, 0.05, -0.209666, 0.356006, 0.910659, -0.0, 0.0, 0.0, 0.0, 1.0],
                [0.977217, 0.112538, 0.179949, -0.0, -0.038169, 0.927212, -0.372586, 0.05, -0.208781, 0.357229, 0.910383, -0.0, 0.0, 0.0, 0.0, 1.0],
                [0.977334, 0.112495, 0.179338, -0.0, -0.038199, 0.926933, -0.373276, 0.05, -0.208226, 0.357965, 0.910221, -0.0, 0.0, 0.0, 0.0, 1.0],
                [0.977336, 0.112515, 0.179319, 0.0, -0.038172, 0.92684, -0.37351, 0.05, -0.208226, 0.3582, 0.910129, -0.0, 0.0, 0.0, 0.0, 1.0]
            ]
        },
        {
            "name": "Chest",
            "time": [0.0, 0.01, 0.02, 0.03, 0.04, 0.05, 0.06, 0.07, 0.08, 0.09, 0.1, 0.11, 0.12, 0.13, 0.14, 0.15, 0.16, 0.17, 0.18, 0.19, 0.2, 0.21, 0.22, 0.23, 0.24, 0.25, 0.26, 0.27, 0.28, 0.29, 0.3, 0.31, 0.32, 0.33, 0.34, 0.35, 0.36, 0.37, 0.38, 0.39, 0.4, 0.41, 0.42, 0.43, 0.44, 0.47, 0.48, 0.49, 0.5, 0.51, 0.52, 0.53, 0.54, 0.55, 0.56, 0.57, 0.58, 0.59, 0.6, 0.61, 0.62, 0.63, 0.64, 0.65, 0.8],
            "transform": [
                [0.812008, -0.280706, 0.51171, 0.0, -0.12398, 0.773778, 0.621205, 0.3, -0.570327, -0.567866, 0.593512, -0.0, 0.0, 0.0, 0.0, 1.0],
                [0.809514, -0.278777, 0.516692, -0.0, -0.126822, 0.776263, 0.617521, 0.3, -0.57324, -0.565419, 0.59304, -0.0, 0.0, 0.0, 0.0, 1.0],
                [0.802616, -0.273408, 0.530147, -0.0, -0.13441, 0.783015, 0.607307, 0.3, -0.581156, -0.558692, 0.591711, -0.0, 0.0, 0.0, 0.0, 1.0],
                [0.79212, -0.265158, 0.549761, 0.0, -0.145271, 0.792923, 0.591751, 0.3, -0.592826, -0.548602, 0.58957, 0.0, 0.0, 0.0, 0.0, 1.0],
                [0.778855, -0.254593, 0.573209, 0.0, -0.157921, 0.804865, 0.572061, 0.3, -0.606998, -0.536074, 0.586667, -0.0, 0.0, 0.0, 0.0, 1.0],
                [0.763781, -0.242374, 0.598242, -0.0, -0.170955, 0.817768, 0.549573, 0.3, -0.622425, -0.522025, 0.58316, 0.0, 0.0, 0.0, 0.0, 1.0],
                [0.748044, -0.229314, 0.622772, 0.0, -0.183106, 0.830666, 0.525801, 0.3, -0.637889, -0.507355, 0.579386, 0.0, 0.0, 0.0, 0.0, 1.0],
                [0.732979, -0.216387, 0.644918, -0.0, -0.193286, 0.842732, 0.502437, 0.3, -0.652213, -0.49293, 0.57588, -0.0, 0.0, 0.0, 0.0, 1.0],
                [0.720072, -0.204711, 0.663016, -0.0, -0.200591, 0.853289, 0.481313, 0.3, -0.664274, -0.479575, 0.573366, 0.0, 0.0, 0.0, 0.0, 1.0],
                [0.710896, -0.195512, 0.675575, 0.0, -0.204254, 0.861785, 0.464334, 0.3, -0.672983, -0.468082, 0.572706, -0.0, 0.0, 0.0, 0.0, 1.0],
                [0.707027, -0.190063, 0.681167, -0.0, -0.203564, 0.867742, 0.453415, 0.3, -0.677255, -0.459238, 0.574827, 0.0, 0.0, 0.0, 0.0, 1.0],
                [0.720764, -0.213946, 0.659338, 0.0, -0.166002, 0.870225, 0.463844, 0.3, -0.67301, -0.443773, 0.591712, 0.0, 0.0, 0.0, 0.0, 1.0],
                [0.753678, -0.280592, 0.594338, -0.0, -0.070696, 0.864432, 0.497755, 0.3, -0.653431, -0.417164, 0.631666, 0.0, 0.0, 0.0, 0.0, 1.0],
                [0.787897, -0.371563, 0.49108, 0.0, 0.064659, 0.842966, 0.534068, 0.3, -0.612403, -0.389038, 0.688195, -0.0, 0.0, 0.0, 0.0, 1.0],
                [0.808696, -0.465877, 0.359123, -0.0, 0.217542, 0.804103, 0.553258, 0.3, -0.546521, -0.369293, 0.751623, -0.0, 0.0, 0.0, 0.0, 1.0],
                [0.81198, -0.543053, 0.213968, 0.0, 0.362367, 0.756387, 0.544582, 0.3, -0.457579, -0.364654, 0.810955, -0.0, 0.0, 0.0, 0.0, 1.0],
                [0.806099, -0.587349, 0.072287, 0.0, 0.476489, 0.716632, 0.509309, 0.3, -0.350945, -0.376109, 0.857542, -0.0, 0.0, 0.0, 0.0, 1.0],
                [0.807238, -0.587775, -0.053736, 0.0, 0.543018, 0.703909, 0.457869, 0.3, -0.231298, -0.398789, 0.887394, 0.0, 0.0, 0.0, 0.0, 1.0],
                [0.839595, -0.520443, -0.155628, -0.0, 0.534851, 0.741937, 0.404307, 0.3, -0.094952, -0.422692, 0.901286, -0.0, 0.0, 0.0, 0.0, 1.0],
                [0.896571, -0.373228, -0.238455, -0.0, 0.438598, 0.82305, 0.36086, 0.3, 0.061577, -0.428123, 0.90162, -0.0, 0.0, 0.0, 0.0, 1.0],
                [0.938385, -0.156235, -0.308262, -0.0, 0.260685, 0.905596, 0.334575, 0.3, 0.226888, -0.394319, 0.890525, 0.0, 0.0, 0.0, 0.0, 1.0],
                [0.926097, 0.099214, -0.364007, -0.0, 0.027552, 0.944444, 0.327515, 0.3, 0.376278, -0.31334, 0.871913, -0.0, 0.0, 0.0, 0.0, 1.0],
                [0.849241, 0.341128, -0.403016, -0.0, -0.209743, 0.918425, 0.335416, 0.3, 0.484559, -0.200319, 0.851513, 0.0, 0.0, 0.0, 0.0, 1.0],
                [0.736515, 0.524843, -0.426714, -0.0, -0.400861, 0.846796, 0.349637, 0.3, 0.544845, -0.08646, 0.834067, 0.0, 0.0, 0.0, 0.0, 1.0],
                [0.63464, 0.634363, -0.441379, -0.0, -0.520811, 0.773035, 0.362178, 0.3, 0.570954, 2.2e-05, 0.820982, 0.0, 0.0, 0.0, 0.0, 1.0],
                [0.583468, 0.672752, -0.454939, 0.0, -0.564797, 0.73866, 0.367948, 0.3, 0.583583, 0.042262, 0.810953, 0.0, 0.0, 0.0, 0.0, 1.0],
                [0.569904, 0.675706, -0.467579, -0.0, -0.569239, 0.735024, 0.368384, 0.3, 0.592602, 0.056221, 0.803531, -0.0, 0.0, 0.0, 0.0, 1.0],
                [0.560846, 0.677832, -0.47539, 0.0, -0.573218, 0.732228, 0.367782, 0.3, 0.597388, 0.066233, 0.799213, 0.0, 0.0, 0.0, 0.0, 1.0],
                [0.555339, 0.679383, -0.479623, -0.0, -0.576688, 0.730138, 0.366509, 0.3, 0.599191, 0.073056, 0.797266, -0.0, 0.0, 0.0, 0.0, 1.0],
                [0.552348, 0.680521, -0.481459, -0.0, -0.579582, 0.728622, 0.364957, 0.3, 0.599163, 0.077462, 0.796871, 0.0, 0.0, 0.0, 0.0, 1.0],
                [0.550802, 0.681355, -0.482051, -0.0, -0.581828, 0.727543, 0.363535, 0.3, 0.598409, 0.080234, 0.797163, -0.0, 0.0, 0.0, 0.0, 1.0],
                [0.549623, 0.681964, -0.482535, -0.0, -0.583352, 0.726757, 0.362664, 0.3, 0.598009, 0.082159, 0.797267, 0.0, 0.0, 0.0, 0.0, 1.0],
                [0.547729, 0.682416, -0.484047, -0.0, -0.584079, 0.726119, 0.362771, 0.3, 0.599036, 0.084021, 0.796302, 0.0, 0.0, 0.0, 0.0, 1.0],
                [0.544023, 0.68277, -0.487713, -0.0, -0.583929, 0.725482, 0.364285, 0.3, 0.60255, 0.08661, 0.793368, -0.0, 0.0, 0.0, 0.0, 1.0],
                [0.537372, 0.683086, -0.494596, 0.0, -0.582765, 0.724692, 0.367704, 0.3, 0.609603, 0.09064, 0.787508, -0.0, 0.0, 0.0, 0.0, 1.0],
                [0.52655, 0.683286, -0.505832, -0.0, -0.58054, 0.72366, 0.373214, 0.3, 0.621063, 0.09714, 0.777718, 0.0, 0.0, 0.0, 0.0, 1.0],
                [0.507394, 0.683706, -0.524498, 0.0, -0.575044, 0.721966, 0.384823, 0.3, 0.641775, 0.106353, 0.759482, -0.0, 0.0, 0.0, 0.0, 1.0],
                [0.482137, 0.684793, -0.546445, 0.0, -0.565512, 0.719642, 0.402879, 0.3, 0.669134, 0.114778, 0.734225, -0.0, 0.0, 0.0, 0.0, 1.0],
                [0.459942, 0.687196, -0.562331, -0.0, -0.554178, 0.716969, 0.422898, 0.3, 0.693787, 0.117123, 0.710593, 0.0, 0.0, 0.0, 0.0, 1.0],
