{
    "animation": [
        {
            "name": "Root",
            "time": [0.0, 0.01, 0.02, 0.03, 0.04, 0.05, 0.06, 0.07, 0.08, 0.09, 0.1, 0.11, 0.12, 0.13, 0.14, 0.15, 0.16, 0.17, 0.18, 0.19, 0.2, 0.21, 0.22, 0.23, 0.24, 0.25, 0.26, 0.27, 0.28, 0.29, 0.3, 0.31, 0.32, 0.33, 0.34, 0.35, 0.36, 0.37, 0.38, 0.39, 0.4, 0.41, 0.42, 0.43, 0.44, 0.45, 0.46, 0.47, 0.48, 0.49, 0.5, 0.51, 0.52, 0.53, 0.54, 0.55, 0.56, 0.57, 0.58, 0.59, 0.6],
            "transform": [
                [0.985301, 0.0, -0.17083, -5e-06, -0.17083, 0.0, -0.985301, 0.000946, 0.0, 1.0, 0.0, 0.674392, 0.0, 0.0, 0.0, 1.0],
                [0.985814, 0.0, -0.167843, 3.1e-05, -0.167843, 0.0, -0.985814, 0.00037, 0.0, 1.0, 0.0, 0.674392, 0.0, 0.0, 0.0, 1.0],
                [0.987221, 0.0, -0.159359, 6.6e-05, -0.159359, 0.0, -0.987221, -0.001273, 0.0, 1.0, 0.0, 0.674392, 0.0, 0.0, 0.0, 1.0],
                [0.989273, 0.0, -0.146079, 0.000148, -0.146079, 0.0, -0.989273, -0.003856, 0.0, 1.0, 0.0, 0.674392, 0.0, 0.0, 0.0, 1.0],
                [0.991683, 0.0, -0.128705, 0.000255, -0.128705, 0.0, -0.991683, -0.007251, 0.0, 1.0, 0.0, 0.674392, 0.0, 0.0, 0.0, 1.0],
                [0.994157, 0.0, -0.107942, 0.000382, -0.107942, 0.0, -0.994157, -0.011332, 0.0, 1.0, 0.0, 0.674392, 0.0, 0.0, 0.0, 1.0],
                [0.996422, 0.0, -0.084512, 0.000525, -0.084512, 0.0, -0.996422, -0.015969, 0.0, 1.0, 0.0, 0.674392, 0.0, 0.0, 0.0, 1.0],
                [0.998249, 0.0, -0.059156, 0.000679, -0.059156, 0.0, -0.998249, -0.021037, 0.0, 1.0, 0.0, 0.674392, 0.0, 0.0, 0.0, 1.0],
                [0.999467, 0.0, -0.03263, 0.00084, -0.03263, 0.0, -0.999467, -0.026408, 0.0, 1.0, 0.0, 0.674392, 0.0, 0.0, 0.0, 1.0],
                [0.999984, 0.0, -0.005702, 0.001003, -0.005702, 0.0, -0.999984, -0.031954, 0.0, 1.0, 0.0, 0.674392, 0.0, 0.0, 0.0, 1.0],
                [0.999783, 0.0, 0.020851, 0.001164, 0.020851, 0.0, -0.999783, -0.037548, 0.0, 1.0, 0.0, 0.674392, 0.0, 0.0, 0.0, 1.0],
                [0.99893, 0.0, 0.046259, 0.001318, 0.046259, 0.0, -0.99893, -0.043062, 0.0, 1.0, 0.0, 0.674392, 0.0, 0.0, 0.0, 1.0],
                [0.997564, 0.0, 0.069758, 0.001461, 0.069758, 0.0, -0.997564, -0.048351, 0.0, 1.0, 0.0, 0.674392, 0.0, 0.0, 0.0, 1.0],
                [0.995887, 0.0, 0.0906, 0.001588, 0.0906, 0.0, -0.995887, -0.053201, 0.0, 1.0, 0.0, 0.674392, 0.0, 0.0, 0.0, 1.0],
                [0.994145, 0.0, 0.108054, 0.001694, 0.108054, 0.0, -0.994145, -0.057379, 0.0, 1.0, 0.0, 0.674392, 0.0, 0.0, 0.0, 1.0],
                [0.992603, 0.0, 0.121403, 0.001776, 0.121403, 0.0, -0.992603, -0.060651, 0.0, 1.0, 0.0, 0.674392, 0.0, 0.0, 0.0, 1.0],
                [0.991522, 0.0, 0.129935, 0.001811, 0.129935, 0.0, -0.991522, -0.062785, 0.0, 1.0, 0.0, 0.674392, 0.0, 0.0, 0.0, 1.0],
                [0.991124, 0.0, 0.132939, 0.001847, 0.132939, 0.0, -0.991124, -0.063548, 0.0, 1.0, 0.0, 0.674392, 0.0, 0.0, 0.0, 1.0],
                [0.997105, 0.0, 0.076043, 0.001654, 0.076043, 0.0, -0.997105, -0.036105, 0.0, 1.0, 0.0, 0.670279, 0.0, 0.0, 0.0, 1.0],
                [0.998102, 0.0, -0.061585, 0.001195, -0.061585, 0.0, -0.998102, 0.029335, 0.0, 1.0, 0.0, 0.66047, 0.0, 0.0, 0.0, 1.0],
                [0.974359, 0.0, -0.225, 0.000647, -0.225, 0.0, -0.974359, 0.107441, 0.0, 1.0, 0.0, 0.648763, 0.0, 0.0, 0.0, 1.0],
                [0.934237, 0.0, -0.356653, 0.000188, -0.356653, 0.0, -0.934237, 0.172881, 0.0, 1.0, 0.0, 0.638955, 0.0, 0.0, 0.0, 1.0],
                [0.912312, 0.0, -0.409495, -5e-06, -0.409495, 0.0, -0.912312, 0.200324, 0.0, 1.0, 0.0, 0.634841, 0.0, 0.0, 0.0, 1.0],
                [0.913252, 0.0, -0.407395, -5e-06, -0.407395, 0.0, -0.913252, 0.198794, 0.0, 1.0, 0.0, 0.634922, 0.0, 0.0, 0.0, 1.0],
                [0.915844, 0.0, -0.401534, -5e-06, -0.401534, 0.0, -0.915844, 0.194518, 0.0, 1.0, 0.0, 0.635158, 0.0, 0.0, 0.0, 1.0],
                [0.919726, 0.0, -0.392562, -5e-06, -0.392562, 0.0, -0.919726, 0.187962, 0.0, 1.0, 0.0, 0.635542, 0.0, 0.0, 0.0, 1.0],
                [0.924524, 0.0, -0.381123, -5e-06, -0.381123, 0.0, -0.924524, 0.179593, 0.0, 1.0, 0.0, 0.636064, 0.0, 0.0, 0.0, 1.0],
                [0.929878, 0.0, -0.367869, -5e-06, -0.367869, 0.0, -0.929878, 0.16988, 0.0, 1.0, 0.0, 0.636715, 0.0, 0.0, 0.0, 1.0],
                [0.935449, 0.0, -0.353461, -5e-06, -0.353461, 0.0, -0.935449, 0.159289, 0.0, 1.0, 0.0, 0.637488, 0.0, 0.0, 0.0, 1.0],
                [0.94094, 0.0, -0.338573, -5e-06, -0.338573, 0.0, -0.94094, 0.148289, 0.0, 1.0, 0.0, 0.638373, 0.0, 0.0, 0.0, 1.0],
                [0.946093, 0.0, -0.323894, -5e-06, -0.323894, 0.0, -0.946093, 0.137346, 0.0, 1.0, 0.0, 0.639362, 0.0, 0.0, 0.0, 1.0],
                [0.950747, 0.0, -0.309969, -5e-06, -0.309969, 0.0, -0.950747, 0.126848, 0.0, 1.0, 0.0, 0.640446, 0.0, 0.0, 0.0, 1.0],
                [0.954919, 0.0, -0.296866, -5e-06, -0.296866, 0.0, -0.954919, 0.116865, 0.0, 1.0, 0.0, 0.641617, 0.0, 0.0, 0.0, 1.0],
                [0.958654, 0.0, -0.284573, -5e-06, -0.284573, 0.0, -0.958654, 0.107384, 0.0, 1.0, 0.0, 0.642865, 0.0, 0.0, 0.0, 1.0],
                [0.961993, 0.0, -0.273074, -5e-06, -0.273074, 0.0, -0.961993, 0.098395, 0.0, 1.0, 0.0, 0.644183, 0.0, 0.0, 0.0, 1.0],
                [0.964973, 0.0, -0.26235, -5e-06, -0.26235, 0.0, -0.964973, 0.089887, 0.0, 1.0, 0.0, 0.645561, 0.0, 0.0, 0.0, 1.0],
                [0.967628, 0.0, -0.252381, -5e-06, -0.252381, 0.0, -0.967628, 0.081849, 0.0, 1.0, 0.0, 0.646991, 0.0, 0.0, 0.0, 1.0],
                [0.96999, 0.0, -0.243145, -5e-06, -0.243145, 0.0, -0.96999, 0.074269, 0.0, 1.0, 0.0, 0.648464, 0.0, 0.0, 0.0, 1.0],
                [0.972087, 0.0, -0.234619, -5e-06, -0.234619, 0.0, -0.972087, 0.067136, 0.0, 1.0, 0.0, 0.649972, 0.0, 0.0, 0.0, 1.0],
                [0.973946, 0.0, -0.226779, -5e-06, -0.226779, 0.0, -0.973946, 0.06044, 0.0, 1.0, 0.0, 0.651506, 0.0, 0.0, 0.0, 1.0],
                [0.97559, 0.0, -0.219599, -5e-06, -0.219599, 0.0, -0.97559, 0.054169, 0.0, 1.0, 0.0, 0.653057, 0.0, 0.0, 0.0, 1.0],
                [0.977041, 0.0, -0.213052, -5e-06, -0.213052, 0.0, -0.977041, 0.048312, 0.0, 1.0, 0.0, 0.654617, 0.0, 0.0, 0.0, 1.0],
                [0.978317, 0.0, -0.207112, -5e-06, -0.207112, 0.0, -0.978317, 0.042858, 0.0, 1.0, 0.0, 0.656177, 0.0, 0.0, 0.0, 1.0],
                [0.979437, 0.0, -0.20175, -5e-06, -0.20175, 0.0, -0.979437, 0.037796, 0.0, 1.0, 0.0, 0.657728, 0.0, 0.0, 0.0, 1.0],
                [0.980416, 0.0, -0.196939, -5e-06, -0.196939, 0.0, -0.980416, 0.033115, 0.0, 1.0, 0.0, 0.659262, 0.0, 0.0, 0.0, 1.0],
                [0.981267, 0.0, -0.19265, -5e-06, -0.19265, 0.0, -0.981267, 0.028803, 0.0, 1.0, 0.0, 0.660769, 0.0, 0.0, 0.0, 1.0],
                [0.982005, 0.0, -0.188855, -5e-06, -0.188855, 0.0, -0.982005, 0.02485, 0.0, 1.0, 0.0, 0.662243, 0.0, 0.0, 0.0, 1.0],
                [0.98264, 0.0, -0.185522, -5e-06, -0.185522, 0.0, -0.98264, 0.021244, 0.0, 1.0, 0.0, 0.663673, 0.0, 0.0, 0.0, 1.0],
                [0.983183, 0.0, -0.182624, -5e-06, -0.182624, 0.0, -0.983183, 0.017975, 0.0, 1.0, 0.0, 0.665051, 0.0, 0.0, 0.0, 1.0],
                [0.983643, 0.0, -0.180131, -5e-06, -0.180131, 0.0, -0.983643, 0.015032, 0.0, 1.0, 0.0, 0.666369, 0.0, 0.0, 0.0, 1.0],
                [0.984028, 0.0, -0.178013, -5e-06, -0.178013, 0.0, -0.984028, 0.012402, 0.0, 1.0, 0.0, 0.667617, 0.0, 0.0, 0.0, 1.0],
                [0.984347, 0.0, -0.17624, -5e-06, -0.17624, 0.0, -0.984347, 0.010076, 0.0, 1.0, 0.0, 0.668788, 0.0, 0.0, 0.0, 1.0],
                [0.984607, 0.0, -0.174782, -5e-06, -0.174782, 0.0, -0.984607, 0.008041, 0.0, 1.0, 0.0, 0.669872, 0.0, 0.0, 0.0, 1.0],
                [0.984815, 0.0, -0.173609, -5e-06, -0.173609, 0.0, -0.984815, 0.006288, 0.0, 1.0, 0.0, 0.670861, 0.0, 0.0, 0.0, 1.0],
                [0.984976, 0.0, -0.172689, -5e-06, -0.172689, 0.0, -0.984976, 0.004804, 0.0, 1.0, 0.0, 0.671746, 0.0, 0.0, 0.0, 1.0],
                [0.985097, 0.0, -0.172, -5e-06, -0.172, 0.0, -0.985097, 0.003579, 0.0, 1.0, 0.0, 0.672518, 0.0, 0.0, 0.0, 1.0],
                [0.985184, 0.0, -0.171503, -5e-06, -0.171503, 0.0, -0.985184, 0.002602, 0.0, 1.0, 0.0, 0.67317, 0.0, 0.0, 0.0, 1.0],
                [0.985242, 0.0, -0.17117, -5e-06, -0.17117, 0.0, -0.985242, 0.001861, 0.0, 1.0, 0.0, 0.673692, 0.0, 0.0, 0.0, 1.0],
                [0.985277, 0.0, -0.170968, -5e-06, -0.170968, 0.0, -0.985277, 0.001345, 0.0, 1.0, 0.0, 0.674075, 0.0, 0.0, 0.0, 1.0],
                [0.985277, 0.0, -0.170968, -5e-06, -0.170968, 0.0, -0.985277, 0.001044, 0.0, 1.0, 0.0, 0.674312, 0.0, 0.0, 0.0, 1.0],
                [0.985277, 0.0, -0.170968, -5e-06, -0.170968, 0.0, -0.985277, 0.001044, 0.0, 1.0, 0.0, 0.674312, 0.0, 0.0, 0.0, 1.0]
            ]
        },
        {
            "name": "Thigh_R",
            "time": [0.0, 0.6],
            "transform": [
                [0.981239, 0.150329, -0.120712, 0.124994, 0.192019, -0.818181, 0.541949, -0.002831, -0.017294, -0.55496, -0.831697, -1.2e-05, 0.0, 0.0, 0.0, 1.0],
                [0.981242, 0.150253, -0.120783, 0.124994, 0.192006, -0.817839, 0.54247, -0.002831, -0.017274, -0.555485, -0.831347, -1.2e-05, 0.0, 0.0, 0.0, 1.0]
            ]
        },
        {
            "name": "Leg_R",
            "time": [0.0, 0.6],
            "transform": [
                [0.999994, -0.003412, -0.000744, 0.0, 0.00343, 0.919413, 0.393279, 0.374722, -0.000657, -0.393279, 0.919419, -0.0, 0.0, 0.0, 0.0, 1.0],
                [0.999994, -0.003423, -0.000749, 0.0, 0.003441, 0.918889, 0.394502, 0.374721, -0.000662, -0.394502, 0.918895, 0.0, 0.0, 0.0, 0.0, 1.0]
            ]
        },
        {
            "name": "Knee_R",
            "time": [0.0, 0.6],
            "transform": [
                [1.0, -5.7e-05, 5.7e-05, -2.1e-05, 5.7e-05, 0.002669, -0.999996, 0.374719, 5.7e-05, 0.999996, 0.002669, -0.001, 0.0, 0.0, 0.0, 1.0],
                [1.0, -5.7e-05, 5.7e-05, -2.1e-05, 5.7e-05, 0.002669, -0.999996, 0.374719, 5.7e-05, 0.999996, 0.002669, -0.001, 0.0, 0.0, 0.0, 1.0]
            ]
        },
        {
            "name": "Thigh_L",
            "time": [0.0, 0.6],
            "transform": [
                [0.823784, -0.302909, -0.479193, -0.125006, -0.336645, -0.941489, 0.016409, -0.002831, -0.456125, 0.1478, -0.877557, -1.2e-05, 0.0, 0.0, 0.0, 1.0],
                [0.823791, -0.303013, -0.479116, -0.125006, -0.336718, -0.941462, 0.016468, -0.002831, -0.456059, 0.14776, -0.877597, -1.2e-05, 0.0, 0.0, 0.0, 1.0]
            ]
        },
        {
            "name": "Leg_L",
            "time": [0.0, 0.6],
            "transform": [
                [0.999984, 0.005362, 0.001593, -0.0, -0.0054, 0.851413, 0.524468, 0.374721, 0.001456, -0.524468, 0.851429, -0.0, 0.0, 0.0, 0.0, 1.0],
                [0.999984, 0.005367, 0.001596, -0.0, -0.005406, 0.851095, 0.524984, 0.374721, 0.001459, -0.524984, 0.851111, 0.0, 0.0, 0.0, 0.0, 1.0]
            ]
        },
        {
            "name": "Knee_L",
            "time": [0.0, 0.6],
            "transform": [
                [1.0, 0.0, -0.0, 0.0, -0.0, 0.002669, -0.999996, 0.387768, -0.0, 0.999996, 0.002669, -0.001035, 0.0, 0.0, 0.0, 1.0],
                [1.0, 0.0, -0.0, -0.0, -0.0, 0.002669, -0.999996, 0.387823, -0.0, 0.999996, 0.002669, -0.001035, 0.0, 0.0, 0.0, 1.0]
            ]
        },
        {
            "name": "Torso",
            "time": [0.0, 0.01, 0.02, 0.03, 0.04, 0.05, 0.06, 0.07, 0.08, 0.09, 0.1, 0.11, 0.12, 0.13, 0.14, 0.15, 0.16, 0.17, 0.18, 0.19, 0.2, 0.21, 0.22, 0.23, 0.24, 0.25, 0.26, 0.27, 0.28, 0.29, 0.3, 0.31, 0.32, 0.33, 0.34, 0.35, 0.36, 0.37, 0.38, 0.39, 0.4, 0.41, 0.42, 0.43, 0.44, 0.45, 0.46, 0.47, 0.48, 0.49, 0.5, 0.51, 0.52, 0.53, 0.54, 0.55, 0.56, 0.57, 0.58, 0.59, 0.6],
            "transform": [
                [0.977383, 0.112344, 0.179166, 0.0, -0.038064, 0.926842, -0.373518, 0.05, -0.208021, 0.35825, 0.910156, 0.0, 0.0, 0.0, 0.0, 1.0],
                [0.976887, 0.11293, 0.181491, 0.0, -0.037745, 0.926842, -0.37355, 0.05, -0.210398, 0.358066, 0.909682, -0.0, 0.0, 0.0, 0.0, 1.0],
                [0.975492, 0.114584, 0.187845, -0.0, -0.036907, 0.926818, -0.373692, 0.05, -0.216917, 0.357601, 0.908333, 0.0, 0.0, 0.0, 0.0, 1.0],
                [0.973319, 0.117139, 0.197305, 0.0, -0.035738, 0.926771, -0.373922, 0.05, -0.226658, 0.356894, 0.90623, 0.0, 0.0, 0.0, 0.0, 1.0],
                [0.970484, 0.120431, 0.208942, 0.0, -0.034428, 0.926699, -0.374224, 0.05, -0.238695, 0.355985, 0.903493, 0.0, 0.0, 0.0, 0.0, 1.0],
                [0.96713, 0.124277, 0.221845, -0.0, -0.033188, 0.926661, -0.374431, 0.05, -0.252108, 0.354761, 0.900326, -0.0, 0.0, 0.0, 0.0, 1.0],
                [0.963439, 0.128515, 0.235093, 0.0, -0.032205, 0.926638, -0.374574, 0.05, -0.265984, 0.353308, 0.896898, -0.0, 0.0, 0.0, 0.0, 1.0],
                [0.959646, 0.13298, 0.247783, 0.0, -0.031677, 0.926635, -0.374626, 0.05, -0.279422, 0.351659, 0.893454, -0.0, 0.0, 0.0, 0.0, 1.0],
                [0.956032, 0.13751, 0.259025, -0.0, -0.031801, 0.926655, -0.374566, 0.05, -0.291534, 0.34986, 0.890284, -0.0, 0.0, 0.0, 0.0, 1.0],
                [0.95292, 0.14195, 0.267945, 0.0, -0.032775, 0.926697, -0.374378, 0.05, -0.301446, 0.34797, 0.88772, 0.0, 0.0, 0.0, 0.0, 1.0],
                [0.950654, 0.14615, 0.273675, -0.0, -0.034798, 0.92676, -0.374039, 0.05, -0.308296, 0.346058, 0.886113, 0.0, 0.0, 0.0, 0.0, 1.0],
                [0.949575, 0.149964, 0.27535, 0.0, -0.038064, 0.926842, -0.373518, 0.05, -0.31122, 0.344202, 0.885814, -0.0, 0.0, 0.0, 0.0, 1.0],
                [0.951838, 0.151529, 0.266541, 0.0, -0.044754, 0.928692, -0.368143, 0.05, -0.303318, 0.338484, 0.890745, -0.0, 0.0, 0.0, 0.0, 1.0],
                [0.958305, 0.149792, 0.24334, 0.0, -0.056019, 0.933547, -0.354051, 0.05, -0.280203, 0.325658, 0.903013, 0.0, 0.0, 0.0, 0.0, 1.0],
                [0.96706, 0.145971, 0.208537, 0.0, -0.07031, 0.940547, -0.332307, 0.05, -0.244646, 0.306698, 0.919828, -0.0, 0.0, 0.0, 0.0, 1.0],
                [0.976114, 0.14133, 0.165009, -0.0, -0.085974, 0.948771, -0.304041, 0.05, -0.199526, 0.282592, 0.93826, 0.0, 0.0, 0.0, 0.0, 1.0],
                [0.983762, 0.137026, 0.115912, -0.0, -0.101454, 0.957319, -0.270642, 0.05, -0.148049, 0.254488, 0.955676, -0.0, 0.0, 0.0, 0.0, 1.0],
                [0.98887, 0.133966, 0.064717, -0.0, -0.115483, 0.965396, -0.233827, 0.05, -0.093803, 0.223751, 0.970122, -0.0, 0.0, 0.0, 0.0, 1.0],
                [0.991039, 0.132713, 0.015108, -0.0, -0.127234, 0.972392, -0.195614, 0.05, -0.040652, 0.191939, 0.980565, 0.0, 0.0, 0.0, 0.0, 1.0],
                [0.990627, 0.133439, -0.029202, -0.0, -0.136394, 0.97794, -0.158208, 0.05, 0.007447, 0.160708, 0.986974, -0.0, 0.0, 0.0, 0.0, 1.0],
                [0.988604, 0.13596, -0.064637, 0.0, -0.143139, 0.981922, -0.123858, 0.05, 0.046629, 0.131698, 0.990193, 0.0, 0.0, 0.0, 0.0, 1.0],
                [0.986273, 0.139832, -0.087826, 0.0, -0.14801, 0.984436, -0.094754, 0.05, 0.073209, 0.106452, 0.991619, 0.0, 0.0, 0.0, 0.0, 1.0],
                [0.984881, 0.144501, -0.095543, 0.0, -0.151706, 0.985727, -0.072987, 0.05, 0.083633, 0.086378, 0.992746, -0.0, 0.0, 0.0, 0.0, 1.0],
                [0.986656, 0.150434, -0.062289, -0.0, -0.154203, 0.986161, -0.060899, 0.05, 0.052265, 0.069692, 0.996198, -0.0, 0.0, 0.0, 0.0, 1.0],
                [0.987421, 0.156873, 0.019746, 0.0, -0.15552, 0.986152, -0.057599, 0.05, -0.028508, 0.053803, 0.998145, 0.0, 0.0, 0.0, 0.0, 1.0],
                [0.97868, 0.162129, 0.12609, -0.0, -0.155589, 0.985988, -0.06016, 0.05, -0.134077, 0.03926, 0.990193, 0.0, 0.0, 0.0, 0.0, 1.0],
                [0.958841, 0.165483, 0.230737, -0.0, -0.154377, 0.985838, -0.065513, 0.05, -0.238311, 0.027196, 0.970808, -0.0, 0.0, 0.0, 0.0, 1.0],
                [0.936249, 0.167103, 0.309055, -0.0, -0.152608, 0.985756, -0.070677, 0.05, -0.316463, 0.019007, 0.948414, -0.0, 0.0, 0.0, 0.0, 1.0],
                [0.925469, 0.167587, 0.339737, -0.0, -0.151706, 0.985727, -0.072987, 0.05, -0.34712, 0.016007, 0.937684, 0.0, 0.0, 0.0, 0.0, 1.0],
                [0.925598, 0.16758, 0.339391, -0.0, -0.151374, 0.985712, -0.07388, 0.05, -0.346922, 0.017008, 0.93774, -0.0, 0.0, 0.0, 0.0, 1.0],
                [0.926087, 0.167426, 0.338129, -0.0, -0.150302, 0.985683, -0.076408, 0.05, -0.34608, 0.01994, 0.937993, 0.0, 0.0, 0.0, 0.0, 1.0],
                [0.926912, 0.167125, 0.336011, -0.0, -0.148542, 0.985627, -0.080467, 0.05, -0.344629, 0.024674, 0.938414, -0.0, 0.0, 0.0, 0.0, 1.0],
                [0.928044, 0.166676, 0.333097, -0.0, -0.146149, 0.985521, -0.085953, 0.05, -0.3426, 0.031086, 0.938967, 0.0, 0.0, 0.0, 0.0, 1.0],
                [0.929454, 0.166074, 0.329446, -0.0, -0.14318, 0.98534, -0.092762, 0.05, -0.340021, 0.039048, 0.939607, 0.0, 0.0, 0.0, 0.0, 1.0],
                [0.931113, 0.16531, 0.325119, -0.0, -0.139693, 0.985052, -0.10079, 0.05, -0.33692, 0.04843, 0.940287, -0.0, 0.0, 0.0, 0.0, 1.0],
                [0.932989, 0.164377, 0.320176, -0.0, -0.135748, 0.984625, -0.109933, 0.05, -0.333324, 0.059103, 0.940958, 0.0, 0.0, 0.0, 0.0, 1.0],
                [0.935052, 0.163267, 0.314679, 0.0, -0.131405, 0.984029, -0.120085, 0.05, -0.329259, 0.070935, 0.941572, -0.0, 0.0, 0.0, 0.0, 1.0],
                [0.93727, 0.161973, 0.30869, 0.0, -0.126725, 0.983231, -0.131138, 0.05, -0.324754, 0.083793, 0.942079, 0.0, 0.0, 0.0, 0.0, 1.0],
                [0.939614, 0.160489, 0.302272, 0.0, -0.121767, 0.982206, -0.142983, 0.05, -0.319841, 0.097542, 0.942437, -0.0, 0.0, 0.0, 0.0, 1.0],
                [0.942053, 0.158814, 0.29549, -0.0, -0.11659, 0.98093, -0.155507, 0.05, -0.314552, 0.112045, 0.942604, 0.0, 0.0, 0.0, 0.0, 1.0],
                [0.944557, 0.156946, 0.288408, -0.0, -0.111254, 0.979386, -0.168599, 0.05, -0.308924, 0.127165, 0.942547, 0.0, 0.0, 0.0, 0.0, 1.0],
                [0.947096, 0.154896, 0.2811, -0.0, -0.105816, 0.977561, -0.182148, 0.05, -0.303006, 0.142767, 0.942234, 0.0, 0.0, 0.0, 0.0, 1.0],
                [0.949652, 0.152652, 0.273604, 0.0, -0.100325, 0.975454, -0.19602, 0.05, -0.296811, 0.158702, 0.941656, -0.0, 0.0, 0.0, 0.0, 1.0],
                [0.952189, 0.150245, 0.266012, 0.0, -0.094839, 0.973065, -0.210117, 0.05, -0.290416, 0.174843, 0.940791, 0.0, 0.0, 0.0, 0.0, 1.0],
                [0.954688, 0.147684, 0.258381, -0.0, -0.089407, 0.970407, -0.224313, 0.05, -0.283862, 0.191048, 0.93964, 0.0, 0.0, 0.0, 0.0, 1.0],
                [0.957126, 0.144989, 0.250774, 0.0, -0.084074, 0.967498, -0.238492, 0.05, -0.277202, 0.207184, 0.938208, 0.0, 0.0, 0.0, 0.0, 1.0],
                [0.959485, 0.142184, 0.243254, -0.0, -0.078883, 0.964366, -0.252536, 0.05, -0.270493, 0.223116, 0.936511, -0.0, 0.0, 0.0, 0.0, 1.0],
                [0.961746, 0.139298, 0.235885, -0.0, -0.073875, 0.961047, -0.266329, 0.05, -0.263795, 0.238715, 0.934573, -0.0, 0.0, 0.0, 0.0, 1.0],
                [0.963893, 0.136363, 0.228725, -0.0, -0.069086, 0.957582, -0.279757, 0.05, -0.257172, 0.253854, 0.932427, 0.0, 0.0, 0.0, 0.0, 1.0],
                [0.965914, 0.133415, 0.221835, 0.0, -0.064548, 0.954022, -0.292705, 0.05, -0.250687, 0.268409, 0.930114, -0.0, 0.0, 0.0, 0.0, 1.0],
                [0.967796, 0.130492, 0.215272, -0.0, -0.060292, 0.950421, -0.305065, 0.05, -0.244408, 0.282262, 0.927681, 0.0, 0.0, 0.0, 0.0, 1.0],
                [0.969531, 0.127636, 0.209091, -0.0, -0.056342, 0.946841, -0.316729, 0.05, -0.238402, 0.295297, 0.925183, 0.0, 0.0, 0.0, 0.0, 1.0],
                [0.971109, 0.12489, 0.203346, -0.0, -0.052724, 0.943348, -0.327589, 0.05, -0.232739, 0.307404, 0.922678, 0.0, 0.0, 0.0, 0.0, 1.0],
                [0.972524, 0.122299, 0.198089, -0.0, -0.049458, 0.940009, -0.337545, 0.05, -0.227487, 0.318473, 0.920231, -0.0, 0.0, 0.0, 0.0, 1.0],
                [0.97377, 0.119911, 0.193371, 0.0, -0.046563, 0.936896, -0.346493, 0.05, -0.222717, 0.328401, 0.917905, -0.0, 0.0, 0.0, 0.0, 1.0],
                [0.974842, 0.11777, 0.189242, -0.0, -0.044059, 0.93408, -0.354336, 0.05, -0.218497, 0.337084, 0.915769, 0.0, 0.0, 0.0, 0.0, 1.0],
                [0.975735, 0.115923, 0.185752, 0.0, -0.041964, 0.931631, -0.360974, 0.05, -0.214897, 0.34442, 0.913889, -0.0, 0.0, 0.0, 0.0, 1.0],
                [0.976442, 0.114415, 0.182949, -0.0, -0.040295, 0.92962, -0.36631, 0.05, -0.211984, 0.350309, 0.91233, 0.0, 0.0, 0.0, 0.0, 1.0],
                [0.976958, 0.113289, 0.180883, -0.0, -0.039074, 0.928111, -0.370246, 0.05, -0.209824, 0.354648, 0.911153, 0.0, 0.0, 0.0, 0.0, 1.0],
                [0.977275, 0.112586, 0.179604, -0.0, -0.038322, 0.927167, -0.372683, 0.05, -0.208482, 0.357331, 0.910412, 0.0, 0.0, 0.0, 0.0, 1.0],
                [0.977386, 0.112336, 0.179157, -0.0, -0.038065, 0.92685, -0.373496, 0.05, -0.208009, 0.358231, 0.910167, 0.0, 0.0, 0.0, 0.0, 1.0]
            ]
        },
        {
            "name": "Chest",
            "time": [0.0, 0.01, 0.02, 0.03, 0.04, 0.05, 0.06, 0.07, 0.08, 0.09, 0.1, 0.11, 0.12, 0.13, 0.14, 0.15, 0.16, 0.17, 0.18, 0.19, 0.2, 0.21, 0.22, 0.23, 0.24, 0.25, 0.26, 0.27, 0.28, 0.29, 0.3, 0.31, 0.32, 0.33, 0.34, 0.35, 0.36, 0.37, 0.38, 0.39, 0.4, 0.41, 0.42, 0.43, 0.44, 0.45, 0.46, 0.47, 0.48, 0.49, 0.5, 0.51, 0.52, 0.53, 0.54, 0.55, 0.56, 0.57, 0.58, 0.59, 0.6],
            "transform": [
                [0.999545, -0.004787, 0.029794, -0.0, -0.013156, 0.819429, 0.57303, 0.3, -0.027157, -0.573161, 0.818993, -0.0, 0.0, 0.0, 0.0, 1.0],
                [0.9994, -0.006052, 0.034098, 0.0, -0.014594, 0.819308, 0.573167, 0.3, -0.031406, -0.573321, 0.818729, 0.0, 0.0, 0.0, 0.0, 1.0],
                [0.998873, -0.009862, 0.046432, -0.0, -0.018574, 0.818981, 0.57352, 0.3, -0.043683, -0.573736, 0.817874, 0.0, 0.0, 0.0, 0.0, 1.0],
                [0.997689, -0.015665, 0.066115, -0.0, -0.025183, 0.818506, 0.573945, 0.3, -0.063106, -0.574284, 0.81622, -0.0, 0.0, 0.0, 0.0, 1.0],
                [0.995456, -0.023166, 0.092367, -0.0, -0.034249, 0.817956, 0.57426, 0.3, -0.088856, -0.574814, 0.813446, 0.0, 0.0, 0.0, 0.0, 1.0],
                [0.991717, -0.031999, 0.124393, 0.0, -0.045654, 0.817409, 0.574245, 0.3, -0.120055, -0.575168, 0.809178, 0.0, 0.0, 0.0, 0.0, 1.0],
                [0.986013, -0.041778, 0.161346, -0.0, -0.059257, 0.816943, 0.573666, 0.3, -0.155777, -0.575203, 0.803041, 0.0, 0.0, 0.0, 0.0, 1.0],
                [0.977933, -0.052101, 0.202319, -0.0, -0.074889, 0.81663, 0.572282, 0.3, -0.195036, -0.574805, 0.794708, -0.0, 0.0, 0.0, 0.0, 1.0],
                [0.96716, -0.062547, 0.246352, 0.0, -0.092348, 0.816534, 0.569863, 0.3, -0.236797, -0.573898, 0.783944, -0.0, 0.0, 0.0, 0.0, 1.0],
                [0.953518, -0.072682, 0.292439, 0.0, -0.111399, 0.816702, 0.566205, 0.3, -0.279989, -0.572464, 0.770643, -0.0, 0.0, 0.0, 0.0, 1.0],
                [0.936995, -0.082072, 0.339565, -0.0, -0.131782, 0.81716, 0.561145, 0.3, -0.323533, -0.570539, 0.754859, -0.0, 0.0, 0.0, 0.0, 1.0],
                [0.917764, -0.090287, 0.386727, -0.0, -0.153221, 0.817909, 0.55457, 0.3, -0.366378, -0.568219, 0.736813, -0.0, 0.0, 0.0, 0.0, 1.0],
                [0.895966, -0.090298, 0.434846, -0.0, -0.181246, 0.819527, 0.543623, 0.3, -0.405456, -0.565881, 0.717902, -0.0, 0.0, 0.0, 0.0, 1.0],
                [0.872284, -0.078743, 0.482618, 0.0, -0.217069, 0.822028, 0.526451, 0.3, -0.43818, -0.563976, 0.69995, -0.0, 0.0, 0.0, 0.0, 1.0],
                [0.848265, -0.060637, 0.526089, -0.0, -0.254335, 0.824708, 0.505145, 0.3, -0.4645, -0.562299, 0.684149, -0.0, 0.0, 0.0, 0.0, 1.0],
                [0.826187, -0.040875, 0.561911, -0.0, -0.287301, 0.827374, 0.482609, 0.3, -0.484637, -0.560163, 0.671822, 0.0, 0.0, 0.0, 0.0, 1.0],
                [0.808983, -0.024232, 0.587332, -0.0, -0.310777, 0.830467, 0.462323, 0.3, -0.498963, -0.55654, 0.664303, 0.0, 0.0, 0.0, 0.0, 1.0],
                [0.79994, -0.01551, 0.59988, -0.0, -0.319775, 0.834886, 0.448006, 0.3, -0.50778, -0.550204, 0.662899, -0.0, 0.0, 0.0, 0.0, 1.0],
                [0.876254, 0.009983, 0.481746, -0.0, -0.271175, 0.836647, 0.475906, 0.3, -0.3983, -0.547652, 0.735822, -0.0, 0.0, 0.0, 0.0, 1.0],
                [0.98938, 0.066684, 0.129152, -0.0, -0.125591, 0.839495, 0.528653, 0.3, -0.07317, -0.539259, 0.838955, -0.0, 0.0, 0.0, 0.0, 1.0],
                [0.935892, 0.119091, -0.331547, 0.0, 0.074446, 0.853015, 0.51655, 0.3, 0.344331, -0.508117, 0.789464, 0.0, 0.0, 0.0, 0.0, 1.0],
                [0.744276, 0.132604, -0.654576, -0.0, 0.230074, 0.869195, 0.437683, 0.3, 0.626993, -0.476358, 0.616412, 0.0, 0.0, 0.0, 0.0, 1.0],
                [0.636835, 0.105827, -0.763703, 0.0, 0.308418, 0.872864, 0.378136, 0.3, 0.706626, -0.47635, 0.523231, -0.0, 0.0, 0.0, 0.0, 1.0],
                [0.651994, 0.060399, -0.755815, -0.0, 0.342387, 0.865951, 0.364556, 0.3, 0.676517, -0.496469, 0.543914, -0.0, 0.0, 0.0, 0.0, 1.0],
                [0.697333, 0.017546, -0.716533, 0.0, 0.357161, 0.858233, 0.368607, 0.3, 0.62142, -0.51296, 0.592207, 0.0, 0.0, 0.0, 0.0, 1.0],
                [0.756282, -0.021757, -0.653883, 0.0, 0.357048, 0.851217, 0.384639, 0.3, 0.548228, -0.524363, 0.651528, 0.0, 0.0, 0.0, 0.0, 1.0],
                [0.813675, -0.055509, -0.578664, 0.0, 0.346517, 0.845565, 0.406135, 0.3, 0.466754, -0.530979, 0.70725, 0.0, 0.0, 0.0, 0.0, 1.0],
                [0.858753, -0.0814, -0.505882, 0.0, 0.331493, 0.841105, 0.427382, 0.3, 0.390711, -0.534712, 0.749285, -0.0, 0.0, 0.0, 0.0, 1.0],
                [0.886028, -0.097382, -0.453289, 0.0, 0.319336, 0.836989, 0.444381, 0.3, 0.336123, -0.538485, 0.772693, 0.0, 0.0, 0.0, 0.0, 1.0],
                [0.902348, -0.106999, -0.417516, 0.0, 0.310642, 0.832964, 0.4579, 0.3, 0.298781, -0.542883, 0.784861, -0.0, 0.0, 0.0, 0.0, 1.0],
                [0.916545, -0.115036, -0.383029, -0.0, 0.300767, 0.829521, 0.470568, 0.3, 0.263599, -0.546499, 0.794893, -0.0, 0.0, 0.0, 0.0, 1.0],
                [0.928857, -0.121523, -0.349939, -0.0, 0.289871, 0.826624, 0.482356, 0.3, 0.230651, -0.549477, 0.803041, 0.0, 0.0, 0.0, 0.0, 1.0],
                [0.939503, -0.126504, -0.318324, 0.0, 0.278107, 0.824231, 0.493254, 0.3, 0.199974, -0.551942, 0.809549, 0.0, 0.0, 0.0, 0.0, 1.0],
                [0.948688, -0.130037, -0.288239, -0.0, 0.265619, 0.822296, 0.503265, 0.3, 0.171575, -0.554003, 0.814643, 0.0, 0.0, 0.0, 0.0, 1.0],
                [0.956595, -0.13219, -0.259716, 0.0, 0.252539, 0.820772, 0.512404, 0.3, 0.145433, -0.555751, 0.818529, 0.0, 0.0, 0.0, 0.0, 1.0],
                [0.96339, -0.133038, -0.232769, -0.0, 0.238991, 0.81961, 0.520695, 0.3, 0.121507, -0.557262, 0.821398, 0.0, 0.0, 0.0, 0.0, 1.0],
                [0.96922, -0.132663, -0.207396, -0.0, 0.225088, 0.818762, 0.528171, 0.3, 0.099739, -0.558596, 0.823421, 0.0, 0.0, 0.0, 0.0, 1.0],
                [0.974216, -0.13115, -0.183584, -0.0, 0.210936, 0.818182, 0.534868, 0.3, 0.080057, -0.559802, 0.82475, -0.0, 0.0, 0.0, 0.0, 1.0],
                [0.978491, -0.128588, -0.16131, -0.0, 0.196633, 0.817825, 0.54083, 0.3, 0.062379, -0.560916, 0.825519, 0.0, 0.0, 0.0, 0.0, 1.0],
                [0.982143, -0.125069, -0.140543, -0.0, 0.182268, 0.817651, 0.5461, 0.3, 0.046615, -0.561965, 0.825847, -0.0, 0.0, 0.0, 0.0, 1.0],
                [0.985258, -0.120688, -0.121247, 0.0, 0.167926, 0.81762, 0.550725, 0.3, 0.032668, -0.562967, 0.825834, -0.0, 0.0, 0.0, 0.0, 1.0],
                [0.987908, -0.11554, -0.103381, 0.0, 0.153686, 0.817698, 0.554753, 0.3, 0.020438, -0.563934, 0.825567, -0.0, 0.0, 0.0, 0.0, 1.0],
                [0.990156, -0.109722, -0.086902, -0.0, 0.139622, 0.817852, 0.558232, 0.3, 0.009823, -0.56487, 0.825121, -0.0, 0.0, 0.0, 0.0, 1.0],
                [0.992055, -0.103331, -0.071764, 0.0, 0.125804, 0.818057, 0.561209, 0.3, 0.000716, -0.565779, 0.824557, 0.0, 0.0, 0.0, 0.0, 1.0],
                [0.99365, -0.096466, -0.057917, 0.0, 0.1123, 0.818288, 0.563731, 0.3, -0.006988, -0.566656, 0.823925, 0.0, 0.0, 0.0, 0.0, 1.0],
                [0.99498, -0.089227, -0.045313, -0.0, 0.099173, 0.818526, 0.565844, 0.3, -0.013399, -0.567497, 0.823266, -0.0, 0.0, 0.0, 0.0, 1.0],
                [0.996079, -0.081714, -0.033901, 0.0, 0.086485, 0.818756, 0.567591, 0.3, -0.018623, -0.568297, 0.822613, 0.0, 0.0, 0.0, 0.0, 1.0],
                [0.996976, -0.074026, -0.023631, 0.0, 0.074296, 0.818965, 0.569014, 0.3, -0.022769, -0.569049, 0.821989, -0.0, 0.0, 0.0, 0.0, 1.0],
                [0.997697, -0.066269, -0.014453, 0.0, 0.062667, 0.819131, 0.570174, 0.3, -0.025946, -0.569766, 0.821397, 0.0, 0.0, 0.0, 0.0, 1.0],
                [0.998265, -0.058538, -0.006311, -0.0, 0.051652, 0.819268, 0.57108, 0.3, -0.02826, -0.570415, 0.820871, -0.0, 0.0, 0.0, 0.0, 1.0],
                [0.998701, -0.050938, 0.000845, 0.0, 0.041308, 0.819374, 0.571769, 0.3, -0.029817, -0.570991, 0.820415, -0.0, 0.0, 0.0, 0.0, 1.0],
                [0.999025, -0.043571, 0.007067, -0.0, 0.03169, 0.819449, 0.572275, 0.3, -0.030726, -0.571493, 0.820031, 0.0, 0.0, 0.0, 0.0, 1.0],
                [0.999255, -0.036539, 0.012409, 0.0, 0.022855, 0.819495, 0.572631, 0.3, -0.031092, -0.571921, 0.819719, 0.0, 0.0, 0.0, 0.0, 1.0],
                [0.999408, -0.029946, 0.016922, 0.0, 0.014856, 0.819515, 0.572865, 0.3, -0.031022, -0.572275, 0.819475, 0.0, 0.0, 0.0, 0.0, 1.0],
                [0.999501, -0.023895, 0.020659, 0.0, 0.007748, 0.819515, 0.573006, 0.3, -0.030622, -0.57256, 0.819291, -0.0, 0.0, 0.0, 0.0, 1.0],
                [0.999549, -0.01849, 0.023674, -0.0, 0.001586, 0.819501, 0.573075, 0.3, -0.029997, -0.572779, 0.819161, 0.0, 0.0, 0.0, 0.0, 1.0],
                [0.999566, -0.013834, 0.026021, -0.0, -0.003576, 0.819493, 0.573078, 0.3, -0.029252, -0.572922, 0.819088, 0.0, 0.0, 0.0, 0.0, 1.0],
                [0.999564, -0.010033, 0.027752, 0.0, -0.007687, 0.819459, 0.573086, 0.3, -0.028491, -0.57305, 0.819025, -0.0, 0.0, 0.0, 0.0, 1.0],
                [0.999556, -0.007188, 0.028923, -0.0, -0.010689, 0.819459, 0.573038, 0.3, -0.02782, -0.573093, 0.819018, -0.0, 0.0, 0.0, 0.0, 1.0],
                [0.999551, -0.005375, 0.029494, 0.0, -0.012501, 0.819454, 0.573009, 0.3, -0.027249, -0.57312, 0.819018, 0.0, 0.0, 0.0, 0.0, 1.0],
                [0.999548, -0.004753, 0.029689, 0.0, -0.013123, 0.819452, 0.572998, 0.3, -0.027053, -0.573129, 0.819019, -0.0, 0.0, 0.0, 0.0, 1.0]
            ]
        },
        {
            "name": "Head",
            "time": [0.0, 0.01, 0.02, 0.03, 0.04, 0.05, 0.06, 0.07, 0.08, 0.09, 0.1, 0.11, 0.12, 0.13, 0.14, 0.15, 0.16, 0.17, 0.18, 0.19, 0.2, 0.21, 0.22, 0.23, 0.24, 0.25, 0.26, 0.27, 0.28, 0.29, 0.3, 0.31, 0.32, 0.33, 0.34, 0.35, 0.36, 0.37, 0.38, 0.39, 0.4, 0.41, 0.42, 0.43, 0.44, 0.45, 0.46, 0.47, 0.48, 0.49, 0.5, 0.51, 0.52, 0.53, 0.54, 0.55, 0.56, 0.57, 0.58, 0.59, 0.6],
            "transform": [
                [0.996818, -0.030156, -0.073783, -0.0, 0.02717, 0.998784, -0.04114, 0.4, 0.074934, 0.039004, 0.996425, -0.0, 0.0, 0.0, 0.0, 1.0],
                [0.996496, -0.029993, -0.078078, 0.0, 0.026683, 0.998715, -0.043086, 0.4, 0.07927, 0.040851, 0.996016, -0.0, 0.0, 0.0, 0.0, 1.0],
                [0.995463, -0.029432, -0.09048, -0.0, 0.025113, 0.998507, -0.04851, 0.4, 0.091772, 0.046017, 0.994716, 0.0, 0.0, 0.0, 0.0, 1.0],
                [0.993495, -0.028412, -0.110273, -0.0, 0.022243, 0.998139, -0.056779, 0.4, 0.111681, 0.053957, 0.992278, 0.0, 0.0, 0.0, 0.0, 1.0],
                [0.990239, -0.026905, -0.13676, -0.0, 0.017818, 0.997578, -0.06724, 0.4, 0.138238, 0.064147, 0.988319, -0.0, 0.0, 0.0, 0.0, 1.0],
                [0.985257, -0.024885, -0.169261, -0.0, 0.011567, 0.99679, -0.079217, 0.4, 0.170689, 0.076092, 0.982382, -0.0, 0.0, 0.0, 0.0, 1.0],
                [0.978064, -0.022312, -0.207105, -0.0, 0.003233, 0.995753, -0.092008, 0.4, 0.208278, 0.08932, 0.973983, 0.0, 0.0, 0.0, 0.0, 1.0],
                [0.968153, -0.01911, -0.24963, 0.0, -0.007413, 0.994457, -0.104878, 0.4, 0.25025, 0.103389, 0.962645, 0.0, 0.0, 0.0, 0.0, 1.0],
                [0.955012, -0.015149, -0.29618, -0.0, -0.020554, 0.992912, -0.11706, 0.4, 0.295854, 0.117882, 0.947931, -0.0, 0.0, 0.0, 0.0, 1.0],
                [0.938138, -0.010235, -0.34611, 0.0, -0.036318, 0.991141, -0.12775, 0.4, 0.344351, 0.132417, 0.929456, 0.0, 0.0, 0.0, 0.0, 1.0],
                [0.917037, -0.004095, -0.398781, -0.0, -0.054768, 0.98918, -0.136102, 0.4, 0.395024, 0.146651, 0.90689, -0.0, 0.0, 0.0, 0.0, 1.0],
                [0.891215, 0.003635, -0.453566, -0.0, -0.075896, 0.987065, -0.141218, 0.4, 0.447186, 0.16028, 0.879963, 0.0, 0.0, 0.0, 0.0, 1.0],
                [0.860477, 0.013114, -0.50932, -0.0, -0.099324, 0.984807, -0.142447, 0.4, 0.499714, 0.17316, 0.848706, -0.0, 0.0, 0.0, 0.0, 1.0],
                [0.826265, 0.023331, -0.562799, 0.0, -0.123406, 0.982367, -0.140452, 0.4, 0.549598, 0.185503, 0.814574, 0.0, 0.0, 0.0, 0.0, 1.0],
                [0.791485, 0.032945, -0.610301, -0.0, -0.146148, 0.97978, -0.136647, 0.4, 0.593458, 0.197349, 0.780295, -0.0, 0.0, 0.0, 0.0, 1.0],
                [0.760222, 0.040608, -0.648392, -0.0, -0.165593, 0.977191, -0.132953, 0.4, 0.628204, 0.208443, 0.749607, -0.0, 0.0, 0.0, 0.0, 1.0],
                [0.73738, 0.045009, -0.673977, 0.0, -0.17986, 0.974839, -0.13168, 0.4, 0.651092, 0.21832, 0.726922, -0.0, 0.0, 0.0, 0.0, 1.0],
                [0.728007, 0.044892, -0.684098, 0.0, -0.187095, 0.972986, -0.135255, 0.4, 0.659546, 0.226458, 0.71674, -0.0, 0.0, 0.0, 0.0, 1.0],
                [0.847488, 0.047, -0.52873, 0.0, -0.1614, 0.971728, -0.172325, 0.4, 0.505682, 0.23138, 0.831113, -0.0, 0.0, 0.0, 0.0, 1.0],
                [0.997348, 0.056718, -0.045595, -0.0, -0.065649, 0.971585, -0.227404, 0.4, 0.031401, 0.229794, 0.972733, 0.0, 0.0, 0.0, 0.0, 1.0],
                [0.84099, 0.06494, 0.537139, 0.0, 0.065436, 0.973275, -0.220121, 0.4, -0.537079, 0.220268, 0.814266, 0.0, 0.0, 0.0, 0.0, 1.0],
                [0.526661, 0.066709, 0.847454, 0.0, 0.145715, 0.975076, -0.167312, 0.4, -0.837493, 0.211603, 0.503815, -0.0, 0.0, 0.0, 0.0, 1.0],
                [0.384168, 0.06763, 0.920783, 0.0, 0.169062, 0.975298, -0.14217, 0.4, -0.907653, 0.210287, 0.363244, -0.0, 0.0, 0.0, 0.0, 1.0],
                [0.423591, 0.069756, 0.903164, -0.0, 0.163524, 0.974762, -0.15198, 0.4, -0.890971, 0.212067, 0.401494, 0.0, 0.0, 0.0, 0.0, 1.0],
                [0.520514, 0.071454, 0.850858, -0.0, 0.144618, 0.974718, -0.170326, 0.4, -0.841517, 0.211707, 0.497021, 0.0, 0.0, 0.0, 0.0, 1.0],
                [0.641018, 0.072589, 0.764086, 0.0, 0.116028, 0.974912, -0.189958, 0.4, -0.758705, 0.210422, 0.616514, 0.0, 0.0, 0.0, 0.0, 1.0],
                [0.752863, 0.07282, 0.654136, 0.0, 0.083845, 0.975152, -0.205056, 0.4, -0.652815, 0.209225, 0.72805, -0.0, 0.0, 0.0, 0.0, 1.0],
                [0.834588, 0.071469, 0.546219, -0.0, 0.056236, 0.975315, -0.213537, 0.4, -0.547997, 0.208933, 0.809967, 0.0, 0.0, 0.0, 0.0, 1.0],
                [0.878872, 0.06763, 0.47224, 0.0, 0.041526, 0.975298, -0.216956, 0.4, -0.475247, 0.210287, 0.854353, -0.0, 0.0, 0.0, 0.0, 1.0],
                [0.90231, 0.06209, 0.426594, 0.0, 0.035981, 0.975273, -0.218054, 0.4, -0.429584, 0.212101, 0.877764, -0.0, 0.0, 0.0, 0.0, 1.0],
                [0.922187, 0.056359, 0.382615, -0.0, 0.030745, 0.97551, -0.217795, 0.4, -0.385519, 0.212611, 0.897871, -0.0, 0.0, 0.0, 0.0, 1.0],
                [0.938864, 0.050551, 0.340556, -0.0, 0.025906, 0.975985, -0.21629, 0.4, -0.343312, 0.211889, 0.915008, 0.0, 0.0, 0.0, 0.0, 1.0],
                [0.952697, 0.044763, 0.300608, 0.0, 0.021525, 0.976673, -0.213653, 0.4, -0.30316, 0.210017, 0.929509, -0.0, 0.0, 0.0, 0.0, 1.0],
                [0.964031, 0.039072, 0.262901, 0.0, 0.017648, 0.977543, -0.209997, 0.4, -0.265202, 0.207083, 0.941692, -0.0, 0.0, 0.0, 0.0, 1.0],
                [0.973197, 0.033541, 0.227515, 0.0, 0.014301, 0.978567, -0.205433, 0.4, -0.229529, 0.20318, 0.951858, -0.0, 0.0, 0.0, 0.0, 1.0],
                [0.980499, 0.028215, 0.194489, -0.0, 0.011493, 0.979714, -0.20007, 0.4, -0.196188, 0.198403, 0.960284, -0.0, 0.0, 0.0, 0.0, 1.0],
                [0.986218, 0.023129, 0.163824, 0.0, 0.009222, 0.980956, -0.19401, 0.4, -0.165191, 0.192847, 0.967224, -0.0, 0.0, 0.0, 0.0, 1.0],
                [0.990609, 0.018305, 0.135496, 0.0, 0.007476, 0.982265, -0.187351, 0.4, -0.136522, 0.186604, 0.972903, 0.0, 0.0, 0.0, 0.0, 1.0],
                [0.993896, 0.013756, 0.109457, 0.0, 0.00623, 0.983613, -0.180186, 0.4, -0.110141, 0.179768, 0.977524, -0.0, 0.0, 0.0, 0.0, 1.0],
                [0.996281, 0.009487, 0.08564, -0.0, 0.005457, 0.984976, -0.172602, 0.4, -0.085991, 0.172428, 0.981262, -0.0, 0.0, 0.0, 0.0, 1.0],
                [0.997937, 0.005499, 0.063969, 0.0, 0.005122, 0.986333, -0.164682, 0.4, -0.064, 0.16467, 0.98427, 0.0, 0.0, 0.0, 0.0, 1.0],
                [0.999014, 0.001784, 0.044353, 0.0, 0.005184, 0.987664, -0.156505, 0.4, -0.044085, 0.156581, 0.986681, -0.0, 0.0, 0.0, 0.0, 1.0],
                [0.999642, -0.001665, 0.026698, 0.0, 0.005604, 0.98895, -0.148144, 0.4, -0.026157, 0.14824, 0.988605, -0.0, 0.0, 0.0, 0.0, 1.0],
                [0.999929, -0.004861, 0.010904, 0.0, 0.006336, 0.990178, -0.139671, 0.4, -0.010118, 0.13973, 0.990138, -0.0, 0.0, 0.0, 0.0, 1.0],
                [0.999964, -0.007816, -0.003133, 0.0, 0.007338, 0.991335, -0.131154, 0.4, 0.004131, 0.131126, 0.991357, 0.0, 0.0, 0.0, 0.0, 1.0],
                [0.999824, -0.010545, -0.015517, -0.0, 0.008563, 0.992412, -0.12266, 0.4, 0.016693, 0.122505, 0.992328, -0.0, 0.0, 0.0, 0.0, 1.0],
                [0.999567, -0.013061, -0.026354, 0.0, 0.009968, 0.993402, -0.114253, 0.4, 0.027673, 0.113941, 0.993102, -0.0, 0.0, 0.0, 0.0, 1.0],
                [0.999242, -0.015377, -0.03575, -0.0, 0.011508, 0.9943, -0.105997, 0.4, 0.037176, 0.105506, 0.993724, 0.0, 0.0, 0.0, 0.0, 1.0],
                [0.998886, -0.017505, -0.04381, 0.0, 0.013142, 0.995104, -0.097956, 0.4, 0.04531, 0.097271, 0.994226, 0.0, 0.0, 0.0, 0.0, 1.0],
                [0.998527, -0.019456, -0.050638, -0.0, 0.014829, 0.995814, -0.090191, 0.4, 0.052181, 0.089307, 0.994636, -0.0, 0.0, 0.0, 0.0, 1.0],
                [0.998186, -0.021238, -0.056339, -0.0, 0.016529, 0.996432, -0.082764, 0.4, 0.057896, 0.081683, 0.994975, 0.0, 0.0, 0.0, 0.0, 1.0],
                [0.997875, -0.022858, -0.061016, -0.0, 0.018206, 0.996961, -0.07574, 0.4, 0.062562, 0.074468, 0.995259, 0.0, 0.0, 0.0, 0.0, 1.0],
                [0.997604, -0.024321, -0.064772, 0.0, 0.019824, 0.997407, -0.069179, 0.4, 0.066287, 0.06773, 0.995499, -0.0, 0.0, 0.0, 0.0, 1.0],
                [0.997376, -0.025628, -0.067707, 0.0, 0.021352, 0.997776, -0.063146, 0.4, 0.069175, 0.061535, 0.995705, -0.0, 0.0, 0.0, 0.0, 1.0],
                [0.997193, -0.02678, -0.069925, -0.0, 0.022757, 0.998074, -0.057706, 0.4, 0.071335, 0.055952, 0.995882, -0.0, 0.0, 0.0, 0.0, 1.0],
                [0.997052, -0.027774, -0.071524, 0.0, 0.024013, 0.99831, -0.052921, 0.4, 0.072873, 0.051047, 0.996034, 0.0, 0.0, 0.0, 0.0, 1.0],
                [0.99695, -0.028606, -0.072607, -0.0, 0.025092, 0.998491, -0.048857, 0.4, 0.073895, 0.046887, 0.996163, 0.0, 0.0, 0.0, 0.0, 1.0],
                [0.996882, -0.029269, -0.073275, 0.0, 0.02597, 0.998623, -0.045582, 0.4, 0.074508, 0.043537, 0.99627, -0.0, 0.0, 0.0, 0.0, 1.0],
                [0.996842, -0.029756, -0.073627, -0.0, 0.026624, 0.998713, -0.04316, 0.4, 0.074816, 0.041064, 0.996351, -0.0, 0.0, 0.0, 0.0, 1.0],
                [0.996832, -0.030053, -0.073643, -0.0, 0.027034, 0.998766, -0.041656, 0.4, 0.074804, 0.039533, 0.996414, -0.0, 0.0, 0.0, 0.0, 1.0],
                [0.996832, -0.030034, -0.073651, -0.0, 0.027053, 0.998787, -0.041136, 0.4, 0.074798, 0.039013, 0.996435, -0.0, 0.0, 0.0, 0.0, 1.0]
            ]
        },
        {
            "name": "Shoulder_R",
            "time": [0.0, 0.11, 0.12, 0.13, 0.14, 0.15, 0.16, 0.17, 0.18, 0.19, 0.2, 0.21, 0.22, 0.6],
            "transform": [
                [0.225622, 0.944926, 0.237084, -0.0, -0.170407, -0.201328, 0.964587, 0.4, 0.959195, -0.258033, 0.115598, -0.0, 0.0, 0.0, 0.0, 1.0],
                [0.225622, 0.944926, 0.237084, -0.0, -0.170407, -0.201328, 0.964587, 0.4, 0.959195, -0.258033, 0.115598, 0.0, 0.0, 0.0, 0.0, 1.0],
