{
    "animation": [
        {
            "name": "Root",
            "time": [0.0, 0.01, 0.02, 0.03, 0.04, 0.05, 0.06, 0.07, 0.08, 0.09, 0.1, 0.11, 0.12, 0.13, 0.14, 0.15, 0.16, 0.17, 0.18, 0.19, 0.2, 0.21, 0.22, 0.23, 0.24, 0.25, 0.26, 0.27, 0.28, 0.29, 0.3, 0.31, 0.32, 0.33, 0.34, 0.35, 0.36, 0.37, 0.38, 0.39, 0.4, 0.41, 0.42, 0.43, 0.44, 0.45, 0.46, 0.47, 0.48, 0.49, 0.5, 0.51, 0.52, 0.53, 0.54, 0.55, 0.56, 0.57, 0.58, 0.59, 0.6, 0.61, 0.62, 0.63, 0.64, 0.65, 0.66, 0.67, 0.68, 0.69, 0.7, 0.71, 0.72, 0.73, 0.74, 0.75, 0.76, 0.77, 0.78, 0.79, 0.8, 0.81, 0.82, 0.83, 0.84, 0.85, 0.86, 0.87, 0.88, 0.89, 0.9, 0.91, 0.92, 0.93, 0.95],
            "transform": [
                [0.837762, -0.0, 0.546035, -5e-06, 0.546035, -0.0, -0.837762, 0.000946, 0.0, 1.0, 0.0, 0.596782, 0.0, 0.0, 0.0, 1.0],
                [0.787064, 0.01197, 0.616755, -5e-06, 0.616345, 0.025997, -0.787047, 0.070567, -0.025455, 0.99959, 0.013084, 0.597466, 0.0, 0.0, 0.0, 1.0],
                [0.630146, 0.031616, 0.775833, -5e-06, 0.770571, 0.097531, -0.629847, 0.237556, -0.095581, 0.99473, 0.037096, 0.599434, 0.0, 0.0, 0.0, 1.0],
                [0.376241, 0.031279, 0.925994, -5e-06, 0.905939, 0.197074, -0.374749, 0.439114, -0.194211, 0.97989, 0.045811, 0.602555, 0.0, 0.0, 0.0, 1.0],
                [0.097791, -0.0, 0.995207, -5e-06, 0.951486, 0.293144, -0.093495, 0.61244, -0.291739, 0.956068, 0.028667, 0.606702, 0.0, 0.0, 0.0, 1.0],
                [-0.123945, -0.048232, 0.991116, -5e-06, 0.921857, 0.363993, 0.132997, 0.712663, -0.367174, 0.930152, -0.000652, 0.611744, 0.0, 0.0, 0.0, 1.0],
                [-0.290788, -0.102638, 0.951267, -5e-06, 0.857811, 0.412413, 0.306718, 0.756788, -0.423796, 0.905197, -0.031881, 0.617554, 0.0, 0.0, 0.0, 1.0],
                [-0.430914, -0.163499, 0.887458, -5e-06, 0.771256, 0.443835, 0.456261, 0.774832, -0.468483, 0.881067, -0.065155, 0.624003, 0.0, 0.0, 0.0, 1.0],
                [-0.569352, -0.237269, 0.78711, -5e-06, 0.649104, 0.457798, 0.607525, 0.796809, -0.504484, 0.856811, -0.106636, 0.630961, 0.0, 0.0, 0.0, 1.0],
                [-0.714162, -0.337371, 0.613313, -5e-06, 0.458669, 0.43633, 0.774105, 0.846354, -0.528768, 0.834144, -0.156869, 0.6383, 0.0, 0.0, 0.0, 1.0],
                [-0.825927, -0.45666, 0.330615, -5e-06, 0.173538, 0.352029, 0.919761, 0.921571, -0.536404, 0.81703, -0.211502, 0.645891, 0.0, 0.0, 0.0, 1.0],
                [-0.830107, -0.554677, -0.057058, -5e-06, -0.194539, 0.192192, 0.961882, 1.014185, -0.522568, 0.809565, -0.267447, 0.653604, 0.0, 0.0, 0.0, 1.0],
                [-0.668406, -0.579332, -0.466484, -5e-06, -0.561903, -0.017625, 0.827015, 1.115919, -0.487338, 0.814901, -0.313748, 0.661311, 0.0, 0.0, 0.0, 1.0],
                [-0.375263, -0.515276, -0.770499, -5e-06, -0.815333, -0.211914, 0.538818, 1.218495, -0.440919, 0.830411, -0.340598, 0.668884, 0.0, 0.0, 0.0, 1.0],
                [-0.059154, -0.404259, -0.91273, -5e-06, -0.91644, -0.340513, 0.210211, 1.31364, -0.395776, 0.848897, -0.350336, 0.676193, 0.0, 0.0, 0.0, 1.0],
                [0.197692, -0.300481, -0.933075, -5e-06, -0.913291, -0.402256, -0.063961, 1.393074, -0.356116, 0.864813, -0.353949, 0.683109, 0.0, 0.0, 0.0, 1.0],
                [0.373054, -0.235346, -0.897465, -5e-06, -0.871461, -0.420843, -0.251886, 1.448522, -0.318412, 0.876073, -0.362092, 0.689503, 0.0, 0.0, 0.0, 1.0],
                [0.485327, -0.207665, -0.849313, -0.010045, -0.828079, -0.420934, -0.37027, 1.476843, -0.280613, 0.883, -0.376254, 0.696051, 0.0, 0.0, 0.0, 1.0],
                [0.566131, -0.200702, -0.799509, -0.020085, -0.787892, -0.416876, -0.453256, 1.495431, -0.242326, 0.886529, -0.394138, 0.706643, 0.0, 0.0, 0.0, 1.0],
                [0.634883, -0.207282, -0.744284, -0.020054, -0.746361, -0.413509, -0.521493, 1.521916, -0.199672, 0.886591, -0.417237, 0.724721, 0.0, 0.0, 0.0, 1.0],
                [0.705557, -0.221057, -0.673292, -0.01996, -0.692985, -0.413906, -0.5903, 1.55432, -0.14819, 0.883072, -0.445223, 0.748723, 0.0, 0.0, 0.0, 1.0],
                [0.786867, -0.235346, -0.570484, -0.019808, -0.611595, -0.420844, -0.669957, 1.585767, -0.082413, 0.876073, -0.475084, 0.775838, 0.0, 0.0, 0.0, 1.0],
                [0.875264, -0.241366, -0.419113, -0.0196, -0.483621, -0.427916, -0.763544, 1.6109, 0.004948, 0.870994, -0.491269, 0.80367, 0.0, 0.0, 0.0, 1.0],
                [0.946573, -0.238879, -0.216647, -0.019337, -0.302784, -0.427089, -0.852007, 1.630453, 0.110999, 0.872085, -0.4766, 0.831501, 0.0, 0.0, 0.0, 1.0],
                [0.972089, -0.233274, 0.025039, -0.019023, -0.07728, -0.41914, -0.904627, 1.646683, 0.221521, 0.877442, -0.425468, 0.85903, 0.0, 0.0, 0.0, 1.0],
                [0.932811, -0.229367, 0.277946, -0.018659, 0.167495, -0.406958, -0.897959, 1.661848, 0.319074, 0.884181, -0.341197, 0.885957, 0.0, 0.0, 0.0, 1.0],
                [0.830483, -0.229535, 0.507554, -0.018249, 0.396808, -0.395703, -0.828228, 1.678205, 0.390948, 0.889232, -0.237543, 0.911982, 0.0, 0.0, 0.0, 1.0],
                [0.686447, -0.232868, 0.688885, -0.017794, 0.58239, -0.391225, -0.712576, 1.69801, 0.435446, 0.890346, -0.132935, 0.936804, 0.0, 0.0, 0.0, 1.0],
                [0.529058, -0.236123, 0.815073, -0.017298, 0.712348, -0.398392, -0.577793, 1.723522, 0.461148, 0.886301, -0.042571, 0.960123, 0.0, 0.0, 0.0, 1.0],
                [0.381797, -0.235346, 0.89378, -0.016762, 0.788897, -0.420843, -0.447809, 1.756997, 0.481531, 0.876073, 0.024987, 0.981638, 0.0, 0.0, 0.0, 1.0],
                [0.258332, -0.201454, 0.944818, -0.016189, 0.80786, -0.491251, -0.32563, 1.79971, 0.529742, 0.847401, 0.035841, 1.001399, 0.0, 0.0, 0.0, 1.0],
                [0.160329, -0.113095, 0.980563, -0.015582, 0.770508, -0.606568, -0.195943, 1.849006, 0.616938, 0.786947, -0.01011, 1.020848, 0.0, 0.0, 0.0, 1.0],
                [0.086856, 0.01262, 0.996141, -0.014943, 0.693511, -0.718613, -0.051365, 1.901248, 0.715191, 0.695296, -0.071168, 1.041778, 0.0, 0.0, 0.0, 1.0],
                [0.028189, 0.149129, 0.988416, -0.014274, 0.604136, -0.790325, 0.102012, 1.952798, 0.796382, 0.594262, -0.112373, 1.065981, 0.0, 0.0, 0.0, 1.0],
                [-0.031055, 0.279194, 0.959733, -0.013579, 0.534834, -0.806526, 0.251931, 2.000889, 0.844387, 0.521121, -0.124276, 1.094721, 0.0, 0.0, 0.0, 1.0],
                [-0.087074, 0.402441, 0.911296, -0.012858, 0.485815, -0.781468, 0.391526, 2.046227, 0.869714, 0.476812, -0.127467, 1.12715, 0.0, 0.0, 0.0, 1.0],
                [-0.127675, 0.517194, 0.846292, -0.012116, 0.443084, -0.733652, 0.515201, 2.090387, 0.887342, 0.440756, -0.135492, 1.161892, 0.0, 0.0, 0.0, 1.0],
                [-0.14134, 0.623166, 0.769212, -0.011354, 0.399515, -0.675022, 0.620268, 2.135442, 0.905765, 0.39498, -0.153556, 1.196982, 0.0, 0.0, 0.0, 1.0],
                [-0.138603, 0.718455, 0.681624, -0.010575, 0.366269, -0.602279, 0.709301, 2.185457, 0.920129, 0.347969, -0.17967, 1.228111, 0.0, 0.0, 0.0, 1.0],
                [-0.138979, 0.800302, 0.583269, -0.009781, 0.355758, -0.509317, 0.783602, 2.244997, 0.924187, 0.316407, -0.213929, 1.25038, 0.0, 0.0, 0.0, 1.0],
                [-0.164778, 0.864763, 0.474377, -0.008974, 0.375174, -0.389848, 0.84099, 2.318625, 0.912191, 0.31655, -0.260198, 1.258891, 0.0, 0.0, 0.0, 1.0],
                [-0.229232, 0.906143, 0.355469, -0.008158, 0.41431, -0.239628, 0.878024, 2.408121, 0.880795, 0.348545, -0.320494, 1.252098, 0.0, 0.0, 0.0, 1.0],
                [-0.326613, 0.918429, 0.223187, -0.007335, 0.431593, -0.065156, 0.899713, 2.504125, 0.840864, 0.390184, -0.375106, 1.23271, 0.0, 0.0, 0.0, 1.0],
                [-0.447973, 0.891949, 0.061219, -0.006506, 0.383485, 0.129844, 0.914374, 2.594492, 0.807626, 0.433091, -0.400216, 1.202214, 0.0, 0.0, 0.0, 1.0],
                [-0.582192, 0.797784, -0.156824, -0.005675, 0.220399, 0.340516, 0.914043, 2.670026, 0.782609, 0.497584, -0.374076, 1.162097, 0.0, 0.0, 0.0, 1.0],
                [-0.668779, 0.614431, -0.41858, -0.004844, -0.057681, 0.518436, 0.853169, 2.733317, 0.74122, 0.594726, -0.311279, 1.113847, 0.0, 0.0, 0.0, 1.0],
                [-0.639592, 0.383689, -0.666112, -0.004016, -0.372161, 0.60365, 0.705056, 2.789902, 0.67262, 0.698849, -0.243296, 1.058949, 0.0, 0.0, 0.0, 1.0],
                [-0.50814, 0.189298, -0.840215, -0.003192, -0.618691, 0.598451, 0.508997, 2.845319, 0.599179, 0.778475, -0.18698, 0.998892, 0.0, 0.0, 0.0, 1.0],
                [-0.337104, 0.062231, -0.939408, -0.002376, -0.770906, 0.554529, 0.313372, 2.903251, 0.54043, 0.829835, -0.13896, 0.935765, 0.0, 0.0, 0.0, 1.0],
                [-0.151132, -0.021755, -0.988274, -0.00157, -0.859872, 0.496066, 0.120576, 2.959956, 0.487626, 0.868012, -0.093678, 0.874069, 0.0, 0.0, 0.0, 1.0],
                [0.040634, -0.072839, -0.996516, -0.000776, -0.898723, 0.433164, -0.068308, 3.009842, 0.43663, 0.898367, -0.047861, 0.818908, 0.0, 0.0, 0.0, 1.0],
                [0.231465, -0.097662, -0.967929, 4e-06, -0.893935, 0.371172, -0.251221, 3.047313, 0.383803, 0.923414, -0.00139, 0.775385, 0.0, 0.0, 0.0, 1.0],
                [0.413383, -0.10105, -0.904933, 0.000766, -0.849846, 0.313999, -0.423281, 3.0698, 0.326921, 0.94403, 0.043925, 0.746631, 0.0, 0.0, 0.0, 1.0],
                [0.576791, -0.087612, -0.81218, 0.001508, -0.772428, 0.265048, -0.577152, 3.086832, 0.265832, 0.960247, 0.085203, 0.727895, 0.0, 0.0, 0.0, 1.0],
                [0.71235, -0.062754, -0.699013, 0.002228, -0.671858, 0.226955, -0.705052, 3.110966, 0.20289, 0.971881, 0.119509, 0.712449, 0.0, 0.0, 0.0, 1.0],
                [0.813954, -0.032843, -0.58, 0.002924, -0.563101, 0.200835, -0.801612, 3.154756, 0.142812, 0.979074, 0.144977, 0.69357, 0.0, 0.0, 0.0, 1.0],
                [0.880936, -0.004574, -0.473213, 0.003593, -0.464232, 0.185766, -0.866014, 3.225438, 0.091868, 0.982583, 0.161524, 0.666857, 0.0, 0.0, 0.0, 1.0],
                [0.917555, 0.015942, -0.397289, 0.004232, -0.393536, 0.179065, -0.901701, 3.308971, 0.056766, 0.983708, 0.170576, 0.637219, 0.0, 0.0, 0.0, 1.0],
                [0.92918, 0.023676, -0.368867, 0.004839, -0.367025, 0.177298, -0.913158, 3.385995, 0.043779, 0.983872, 0.173432, 0.611887, 0.0, 0.0, 0.0, 1.0],
                [0.929181, 0.023682, -0.368867, 0.005411, -0.367025, 0.177307, -0.913157, 3.441643, 0.043777, 0.983871, 0.173442, 0.594389, 0.0, 0.0, 0.0, 1.0],
                [0.929181, 0.023689, -0.368866, 0.005947, -0.367025, 0.177316, -0.913155, 3.479028, 0.043774, 0.983869, 0.173453, 0.58266, 0.0, 0.0, 0.0, 1.0],
                [0.929181, 0.023695, -0.368865, 0.006444, -0.367025, 0.177325, -0.913153, 3.505757, 0.043772, 0.983867, 0.173463, 0.575545, 0.0, 0.0, 0.0, 1.0],
                [0.929181, 0.023701, -0.368865, 0.006898, -0.367025, 0.177333, -0.913152, 3.529436, 0.043769, 0.983865, 0.173474, 0.571892, 0.0, 0.0, 0.0, 1.0],
                [0.929181, 0.023708, -0.368864, 0.007309, -0.367025, 0.177342, -0.91315, 3.556155, 0.043766, 0.983864, 0.173484, 0.570546, 0.0, 0.0, 0.0, 1.0],
                [0.929181, 0.023714, -0.368863, 0.007672, -0.367025, 0.177351, -0.913148, 3.585941, 0.043764, 0.983862, 0.173495, 0.570354, 0.0, 0.0, 0.0, 1.0],
                [0.929181, 0.02372, -0.368863, 0.007987, -0.367025, 0.17736, -0.913146, 3.617301, 0.043761, 0.98386, 0.173505, 0.570161, 0.0, 0.0, 0.0, 1.0],
                [0.929181, 0.023727, -0.368862, 0.008249, -0.367025, 0.177369, -0.913145, 3.648744, 0.043759, 0.983858, 0.173516, 0.568815, 0.0, 0.0, 0.0, 1.0],
                [0.929181, 0.023733, -0.368861, 0.008458, -0.367025, 0.177378, -0.913143, 3.67878, 0.043756, 0.983857, 0.173527, 0.565162, 0.0, 0.0, 0.0, 1.0],
                [0.929182, 0.023739, -0.368861, 0.00861, -0.367025, 0.177386, -0.913141, 3.705916, 0.043753, 0.983855, 0.173537, 0.558047, 0.0, 0.0, 0.0, 1.0],
                [0.929182, 0.023746, -0.36886, 0.008703, -0.367025, 0.177395, -0.913139, 3.728662, 0.043751, 0.983853, 0.173548, 0.546318, 0.0, 0.0, 0.0, 1.0],
                [0.929182, 0.023752, -0.368859, 0.008696, -0.367025, 0.177404, -0.913138, 3.745526, 0.043748, 0.983851, 0.173558, 0.52882, 0.0, 0.0, 0.0, 1.0],
                [0.929182, 0.023758, -0.368859, 0.00869, -0.367025, 0.177413, -0.913136, 3.755851, 0.043746, 0.98385, 0.173569, 0.505926, 0.0, 0.0, 0.0, 1.0],
                [0.929182, 0.023765, -0.368858, 0.008683, -0.367025, 0.177422, -0.913134, 3.762313, 0.043743, 0.983848, 0.173579, 0.485166, 0.0, 0.0, 0.0, 1.0],
                [0.929182, 0.023771, -0.368857, 0.008676, -0.367025, 0.177431, -0.913132, 3.768422, 0.04374, 0.983846, 0.17359, 0.476117, 0.0, 0.0, 0.0, 1.0],
                [0.929723, 0.023406, -0.367515, 0.00867, -0.365697, 0.176213, -0.913901, 3.777041, 0.04337, 0.984074, 0.172389, 0.477554, 0.0, 0.0, 0.0, 1.0],
                [0.931263, 0.022562, -0.363649, 0.008483, -0.361905, 0.172686, -0.916081, 3.788465, 0.042129, 0.984719, 0.168981, 0.481668, 0.0, 0.0, 0.0, 1.0],
                [0.933663, 0.021258, -0.357521, 0.008189, -0.355889, 0.1671, -0.919467, 3.802343, 0.040196, 0.985711, 0.163581, 0.488162, 0.0, 0.0, 0.0, 1.0],
                [0.936777, 0.019591, -0.349378, 0.007801, -0.347891, 0.15969, -0.923835, 3.818322, 0.037694, 0.986973, 0.156409, 0.496737, 0.0, 0.0, 0.0, 1.0],
                [0.940451, 0.01766, -0.339469, 0.007332, -0.338148, 0.150688, -0.928951, 3.836052, 0.034748, 0.988424, 0.147686, 0.507097, 0.0, 0.0, 0.0, 1.0],
                [0.944534, 0.015567, -0.328044, 0.006796, -0.3269, 0.14033, -0.934582, 3.855183, 0.031486, 0.989982, 0.137635, 0.518944, 0.0, 0.0, 0.0, 1.0],
                [0.948877, 0.013405, -0.31536, 0.006206, -0.314398, 0.128859, -0.940505, 3.875362, 0.028029, 0.991572, 0.126486, 0.531981, 0.0, 0.0, 0.0, 1.0],
                [0.953341, 0.011263, -0.301685, 0.005575, -0.3009, 0.116522, -0.94651, 3.896239, 0.024492, 0.993124, 0.114474, 0.54591, 0.0, 0.0, 0.0, 1.0],
                [0.957797, 0.009216, -0.287299, 0.004918, -0.28668, 0.103577, -0.952411, 3.917463, 0.02098, 0.994579, 0.101848, 0.560434, 0.0, 0.0, 0.0, 1.0],
                [0.96213, 0.007325, -0.272491, 0.004247, -0.272022, 0.09029, -0.958046, 3.938684, 0.017585, 0.995889, 0.088863, 0.575255, 0.0, 0.0, 0.0, 1.0],
                [0.966245, 0.005638, -0.257564, 0.003576, -0.257224, 0.076931, -0.963285, 3.959548, 0.014384, 0.99702, 0.075785, 0.590076, 0.0, 0.0, 0.0, 1.0],
                [0.97006, 0.004184, -0.24283, 0.002919, -0.242597, 0.063781, -0.968028, 3.979708, 0.011438, 0.997955, 0.062886, 0.6046, 0.0, 0.0, 0.0, 1.0],
                [0.973514, 0.002976, -0.228609, 0.002288, -0.228459, 0.051119, -0.972211, 3.99881, 0.008793, 0.998688, 0.050445, 0.618529, 0.0, 0.0, 0.0, 1.0],
                [0.976563, 0.002013, -0.215224, 0.001698, -0.215136, 0.039232, -0.975796, 4.016503, 0.006479, 0.999228, 0.038746, 0.631566, 0.0, 0.0, 0.0, 1.0],
                [0.979177, 0.001279, -0.203004, 0.001162, -0.202958, 0.028403, -0.978776, 4.032438, 0.004514, 0.999596, 0.028071, 0.643413, 0.0, 0.0, 0.0, 1.0],
                [0.98134, 0.000748, -0.192278, 0.000693, -0.192257, 0.018917, -0.981162, 4.046263, 0.002903, 0.999821, 0.018708, 0.653773, 0.0, 0.0, 0.0, 1.0],
                [0.983043, 0.000387, -0.183373, 0.000305, -0.183366, 0.011055, -0.982983, 4.057626, 0.001647, 0.999939, 0.010938, 0.662348, 0.0, 0.0, 0.0, 1.0],
                [0.98428, 0.000161, -0.176616, 1.1e-05, -0.176615, 0.005097, -0.984267, 4.066178, 0.000742, 0.999987, 0.005045, 0.668842, 0.0, 0.0, 0.0, 1.0],
                [0.985039, 3.9e-05, -0.172329, -0.000175, -0.172329, 0.00132, -0.985039, 4.071566, 0.000189, 0.999999, 0.001307, 0.672956, 0.0, 0.0, 0.0, 1.0],
                [0.985299, -7.5e-05, -0.170841, -0.000175, -0.170841, 6e-06, -0.985299, 4.07344, 7.5e-05, 1.0, -6e-06, 0.674393, 0.0, 0.0, 0.0, 1.0],
                [0.985299, -7.5e-05, -0.170841, -0.000175, -0.170841, 6e-06, -0.985299, 4.07344, 7.5e-05, 1.0, -6e-06, 0.674393, 0.0, 0.0, 0.0, 1.0]
            ]
        },
        {
            "name": "Thigh_R",
            "time": [0.0, 0.95],
            "transform": [
                [0.820576, 0.167394, 0.546475, 0.124994, 0.091081, -0.982228, 0.164108, -0.002831, 0.564234, -0.084889, -0.821239, -1.2e-05, 0.0, 0.0, 0.0, 1.0],
                [0.9813, 0.150234, -0.120334, 0.124994, 0.191732, -0.818185, 0.542045, -0.002831, -0.017022, -0.55498, -0.831689, -1.2e-05, 0.0, 0.0, 0.0, 1.0]
            ]
        },
        {
            "name": "Leg_R",
            "time": [0.0, 0.21, 0.23, 0.25, 0.27, 0.29, 0.31, 0.33, 0.36, 0.75, 0.76, 0.77, 0.78, 0.79, 0.8, 0.81, 0.82, 0.83, 0.84, 0.85, 0.86, 0.87, 0.88, 0.89, 0.9, 0.91, 0.92, 0.93, 0.94, 0.95],
            "transform": [
                [1.0, -0.000153, -0.000134, 0.0, 0.000196, 0.547169, 0.837022, 0.374721, -5.5e-05, -0.837022, 0.547169, 0.0, 0.0, 0.0, 0.0, 1.0],
                [1.0, -1e-06, -5.1e-05, 0.0, 1e-06, 0.999989, 0.004662, 0.374721, 5e-05, -0.004662, 0.999989, 0.0, 0.0, 0.0, 0.0, 1.0],
                [1.0, -1e-06, -5.1e-05, 0.0, 1e-06, 0.999989, 0.004714, 0.374721, 5.1e-05, -0.004714, 0.999989, 0.0, 0.0, 0.0, 0.0, 1.0],
                [1.0, -1e-06, -5.1e-05, -0.0, 1e-06, 0.999989, 0.00473, 0.374721, 5.1e-05, -0.00473, 0.999989, -0.0, 0.0, 0.0, 0.0, 1.0],
                [1.0, -1e-06, -5.1e-05, 0.0, 1e-06, 0.999989, 0.004705, 0.374722, 5e-05, -0.004705, 0.999989, -0.0, 0.0, 0.0, 0.0, 1.0],
                [1.0, -1e-06, -5.1e-05, 0.0, 1e-06, 0.999989, 0.004644, 0.374721, 5e-05, -0.004644, 0.999989, 0.0, 0.0, 0.0, 0.0, 1.0],
                [1.0, -1e-06, -5.1e-05, -0.0, 1e-06, 0.999989, 0.004542, 0.374721, 5.1e-05, -0.004542, 0.99999, -0.0, 0.0, 0.0, 0.0, 1.0],
                [1.0, -0.000184, -0.000229, -0.0, 0.000235, 0.029981, 0.99955, 0.374722, -0.000177, -0.99955, 0.029981, -0.0, 0.0, 0.0, 0.0, 1.0],
                [1.0, -9.1e-05, -7.5e-05, -0.0, 0.000117, 0.868258, 0.496112, 0.374721, 2e-05, -0.496112, 0.868258, 0.0, 0.0, 0.0, 0.0, 1.0],
                [1.0, -1e-06, -5e-05, -0.0, 1e-06, 0.999989, 0.004567, 0.374721, 5.1e-05, -0.004567, 0.999989, -0.0, 0.0, 0.0, 0.0, 1.0],
                [1.0, -1e-06, -5.1e-05, -0.0, 1e-06, 0.999986, 0.005376, 0.374721, 5.1e-05, -0.005377, 0.999986, 0.0, 0.0, 0.0, 0.0, 1.0],
                [1.0, -1e-06, -5e-05, -0.0, 1e-06, 0.999986, 0.005254, 0.374721, 5e-05, -0.005254, 0.999986, -0.0, 0.0, 0.0, 0.0, 1.0],
                [1.0, -1e-06, -5e-05, 0.0, 1e-06, 0.999987, 0.005057, 0.374721, 5e-05, -0.005057, 0.999987, -0.0, 0.0, 0.0, 0.0, 1.0],
                [1.0, -8.4e-05, -6.7e-05, 0.0, 0.000104, 0.918488, 0.395448, 0.374721, 2.9e-05, -0.395448, 0.918489, -0.0, 0.0, 0.0, 0.0, 1.0],
                [1.0, -0.000161, -0.000115, -0.0, 0.000196, 0.712642, 0.701527, 0.374722, -3e-05, -0.701528, 0.712642, -0.0, 0.0, 0.0, 0.0, 1.0],
                [1.0, -0.000212, -0.000167, -0.0, 0.000254, 0.528905, 0.848681, 0.374722, -9.2e-05, -0.848681, 0.528905, 1e-06, 0.0, 0.0, 0.0, 1.0],
                [1.0, -0.000256, -0.000219, -0.0, 0.000301, 0.388651, 0.921384, 0.374722, -0.000151, -0.921385, 0.388651, -0.0, 0.0, 0.0, 0.0, 1.0],
                [1.0, -0.000298, -0.000266, -0.0, 0.000344, 0.304961, 0.952365, 0.374721, -0.000203, -0.952365, 0.304961, -0.0, 0.0, 0.0, 0.0, 1.0],
                [1.0, -0.000343, -0.000305, 0.0, 0.00039, 0.281823, 0.959467, 0.374722, -0.000244, -0.959467, 0.281823, 0.0, 0.0, 0.0, 0.0, 1.0],
                [1.0, -0.000396, -0.000333, -0.0, 0.000441, 0.315381, 0.948965, 0.374721, -0.000271, -0.948965, 0.315381, -1e-06, 0.0, 0.0, 0.0, 1.0],
                [1.0, -0.000458, -0.000353, 0.0, 0.000501, 0.383867, 0.923388, 0.374721, -0.000287, -0.923388, 0.383867, -1e-06, 0.0, 0.0, 0.0, 1.0],
                [1.0, -0.000533, -0.00037, 0.0, 0.000575, 0.46363, 0.886028, 0.374722, -0.000301, -0.886028, 0.463631, -0.0, 0.0, 0.0, 0.0, 1.0],
                [1.0, -0.000629, -0.000387, -0.0, 0.000668, 0.547302, 0.836934, 0.374721, -0.000315, -0.836934, 0.547303, -0.0, 0.0, 0.0, 0.0, 1.0],
                [1.0, -0.000752, -0.000405, -0.0, 0.000788, 0.6302, 0.776432, 0.374721, -0.000329, -0.776432, 0.630201, -0.0, 0.0, 0.0, 0.0, 1.0],
                [1.0, -0.000917, -0.000425, 0.0, 0.000949, 0.708845, 0.705364, 0.374722, -0.000346, -0.705364, 0.708845, 0.0, 0.0, 0.0, 0.0, 1.0],
                [0.999999, -0.001148, -0.000449, -0.0, 0.001176, 0.779878, 0.625931, 0.374721, -0.000368, -0.625931, 0.779878, -1e-06, 0.0, 0.0, 0.0, 1.0],
                [0.999999, -0.001492, -0.000486, -0.0, 0.001517, 0.839514, 0.543336, 0.374722, -0.000403, -0.543336, 0.839515, 0.0, 0.0, 0.0, 0.0, 1.0],
                [0.999998, -0.002045, -0.000554, -0.0, 0.002066, 0.883222, 0.468948, 0.374721, -0.000469, -0.468949, 0.883225, -0.0, 0.0, 0.0, 0.0, 1.0],
                [0.999996, -0.00286, -0.000666, 0.0, 0.002879, 0.91, 0.414597, 0.374721, -0.00058, -0.414598, 0.910005, -1e-06, 0.0, 0.0, 0.0, 1.0],
                [0.999994, -0.0034, -0.000742, 0.0, 0.003418, 0.919382, 0.393351, 0.374722, -0.000655, -0.393351, 0.919389, -0.0, 0.0, 0.0, 0.0, 1.0]
            ]
        },
        {
            "name": "Knee_R",
            "time": [0.0, 0.95],
            "transform": [
                [1.0, -5.7e-05, 5.7e-05, -2.4e-05, 5.7e-05, 0.002669, -0.999996, 0.427252, 5.7e-05, 0.999996, 0.002669, -0.00114, 0.0, 0.0, 0.0, 1.0],
                [1.0, -5.7e-05, 5.7e-05, -2.1e-05, 5.7e-05, 0.002669, -0.999996, 0.374719, 5.7e-05, 0.999996, 0.002669, -0.001, 0.0, 0.0, 0.0, 1.0]
            ]
        },
        {
            "name": "Thigh_L",
            "time": [0.0, 0.95],
            "transform": [
                [0.940426, -0.1398, -0.309927, -0.125006, 0.163295, -0.61382, 0.772373, -0.002831, -0.298217, -0.776969, -0.554424, -1.2e-05, 0.0, 0.0, 0.0, 1.0],
                [0.823812, -0.303072, -0.479042, -0.125006, -0.336734, -0.941455, 0.016541, -0.002831, -0.456009, 0.147683, -0.877636, -1.2e-05, 0.0, 0.0, 0.0, 1.0]
            ]
        },
        {
            "name": "Leg_L",
            "time": [0.0, 0.79, 0.8, 0.81, 0.82, 0.83, 0.84, 0.85, 0.86, 0.87, 0.88, 0.89, 0.9, 0.92, 0.95],
            "transform": [
                [0.999985, 0.005015, 0.001961, -0.0, -0.005064, 0.751882, 0.659279, 0.374721, 0.001832, -0.659278, 0.751896, -0.0, 0.0, 0.0, 0.0, 1.0],
                [0.999933, 0.00779, 0.008519, 0.0, -0.007863, -0.080636, 0.996713, 0.374721, 0.008451, -0.996713, -0.08057, -0.0, 0.0, 0.0, 0.0, 1.0],
                [0.999935, 0.007922, 0.00819, -0.0, -0.007995, -0.024313, 0.999672, 0.374721, 0.008118, -0.999673, -0.024248, -0.0, 0.0, 0.0, 0.0, 1.0],
                [0.999937, 0.008045, 0.007799, 0.0, -0.008119, 0.040588, 0.999143, 0.374722, 0.007722, -0.999143, 0.04065, 0.0, 0.0, 0.0, 0.0, 1.0],
                [0.99994, 0.008145, 0.007346, -0.0, -0.008218, 0.112792, 0.993585, 0.374721, 0.007264, -0.993585, 0.112852, 0.0, 0.0, 0.0, 0.0, 1.0],
                [0.999943, 0.008206, 0.006835, 0.0, -0.008279, 0.191329, 0.981491, 0.374722, 0.006747, -0.981492, 0.191386, -1e-06, 0.0, 0.0, 0.0, 1.0],
                [0.999947, 0.008208, 0.006265, 0.0, -0.008279, 0.274673, 0.961503, 0.374721, 0.006171, -0.961503, 0.274726, -0.0, 0.0, 0.0, 0.0, 1.0],
                [0.999951, 0.008135, 0.005647, -0.0, -0.008204, 0.361102, 0.932491, 0.374721, 0.005547, -0.932491, 0.361151, 0.0, 0.0, 0.0, 0.0, 1.0],
                [0.999956, 0.007973, 0.004996, 0.0, -0.008039, 0.448161, 0.893917, 0.374721, 0.004889, -0.893918, 0.448205, 0.0, 0.0, 0.0, 0.0, 1.0],
                [0.999961, 0.007714, 0.004328, 0.0, -0.007776, 0.533469, 0.845784, 0.374721, 0.004215, -0.845784, 0.533508, -0.0, 0.0, 0.0, 0.0, 1.0],
                [0.999967, 0.007354, 0.003667, -0.0, -0.007412, 0.614421, 0.788943, 0.374722, 0.003548, -0.788943, 0.614455, -0.0, 0.0, 0.0, 0.0, 1.0],
                [0.999972, 0.006907, 0.003043, -0.0, -0.00696, 0.687959, 0.725716, 0.374721, 0.002919, -0.725716, 0.687988, -0.0, 0.0, 0.0, 0.0, 1.0],
                [0.999976, 0.006406, 0.00249, 0.0, -0.006455, 0.750998, 0.660273, 0.374721, 0.00236, -0.660274, 0.751021, 0.0, 0.0, 0.0, 0.0, 1.0],
                [0.999983, 0.005528, 0.001738, 0.0, -0.005568, 0.833848, 0.551965, 0.374722, 0.001602, -0.551966, 0.833865, 1e-06, 0.0, 0.0, 0.0, 1.0],
                [0.999985, 0.005253, 0.001562, -0.0, -0.005291, 0.851386, 0.524512, 0.374721, 0.001425, -0.524513, 0.851402, -0.0, 0.0, 0.0, 0.0, 1.0]
            ]
        },
        {
            "name": "Knee_L",
            "time": [0.0, 0.95],
            "transform": [
                [1.0, 0.0, -0.0, 0.0, -0.0, 0.002669, -0.999996, 0.402832, -0.0, 0.999996, 0.002669, -0.001075, 0.0, 0.0, 0.0, 1.0],
                [1.0, -0.0, -0.0, 0.0, -0.0, 0.002669, -0.999996, 0.387773, -0.0, 0.999996, 0.002669, -0.001035, 0.0, 0.0, 0.0, 1.0]
            ]
        },
        {
            "name": "Torso",
            "time": [0.0, 0.01, 0.02, 0.03, 0.04, 0.05, 0.06, 0.07, 0.08, 0.09, 0.1, 0.11, 0.12, 0.13, 0.14, 0.15, 0.16, 0.17, 0.18, 0.19, 0.2, 0.21, 0.22, 0.23, 0.24, 0.25, 0.26, 0.27, 0.28, 0.29, 0.3, 0.31, 0.32, 0.33, 0.34, 0.35, 0.36, 0.37, 0.38, 0.39, 0.4, 0.41, 0.42, 0.43, 0.44, 0.45, 0.46, 0.47, 0.48, 0.49, 0.5, 0.51, 0.52, 0.53, 0.54, 0.55, 0.56, 0.57, 0.58, 0.59, 0.6, 0.61, 0.62, 0.73, 0.74, 0.75, 0.76, 0.77, 0.78, 0.79, 0.8, 0.81, 0.82, 0.83, 0.84, 0.85, 0.86, 0.87, 0.88, 0.89, 0.9, 0.91, 0.92, 0.93, 0.95],
            "transform": [
                [0.562662, -0.01335, 0.82658, -0.0, -0.24311, 0.952985, 0.180879, 0.05, -0.790133, -0.302723, 0.532963, 0.0, 0.0, 0.0, 0.0, 1.0],
                [0.564201, -0.012806, 0.825538, -0.0, -0.242437, 0.953233, 0.180477, 0.05, -0.789241, -0.301967, 0.53471, -0.0, 0.0, 0.0, 0.0, 1.0],
                [0.56927, -0.010987, 0.822077, -0.0, -0.240702, 0.95387, 0.179429, 0.05, -0.786126, -0.300019, 0.540365, 0.0, 0.0, 0.0, 0.0, 1.0],
                [0.578484, -0.007629, 0.815658, -0.0, -0.238334, 0.954739, 0.177962, 0.05, -0.780099, -0.297348, 0.550482, -0.0, 0.0, 0.0, 0.0, 1.0],
                [0.592376, -0.002485, 0.805658, 0.0, -0.23576, 0.955687, 0.176295, 0.05, -0.770395, -0.294375, 0.56554, 0.0, 0.0, 0.0, 0.0, 1.0],
                [0.611397, 0.004705, 0.79131, -0.0, -0.233391, 0.956572, 0.17464, 0.05, -0.756123, -0.291459, 0.585943, -0.0, 0.0, 0.0, 0.0, 1.0],
                [0.635905, 0.014233, 0.771636, 0.0, -0.231615, 0.957262, 0.173217, 0.05, -0.736192, -0.288871, 0.612025, 0.0, 0.0, 0.0, 0.0, 1.0],
                [0.666141, 0.026457, 0.745356, -0.0, -0.230795, 0.95763, 0.172274, 0.05, -0.709218, -0.286783, 0.644023, 0.0, 0.0, 0.0, 0.0, 1.0],
                [0.702162, 0.041827, 0.710788, 0.0, -0.231267, 0.957545, 0.172113, 0.05, -0.673412, -0.285233, 0.682025, 0.0, 0.0, 0.0, 0.0, 1.0],
                [0.743718, 0.060913, 0.665713, -0.0, -0.233332, 0.956863, 0.173119, 0.05, -0.626451, -0.284084, 0.725849, -0.0, 0.0, 0.0, 0.0, 1.0],
                [0.790019, 0.084424, 0.607242, -0.0, -0.237232, 0.955412, 0.175808, 0.05, -0.565324, -0.282949, 0.774822, -0.0, 0.0, 0.0, 0.0, 1.0],
                [0.839344, 0.113205, 0.531683, -0.0, -0.24311, 0.952985, 0.180879, 0.05, -0.486209, -0.281077, 0.827403, 0.0, 0.0, 0.0, 0.0, 1.0],
                [0.885379, 0.178586, 0.429199, -0.0, -0.278894, 0.942711, 0.183068, 0.05, -0.371917, -0.281785, 0.884463, 0.0, 0.0, 0.0, 0.0, 1.0],
                [0.907496, 0.289253, 0.304605, 0.0, -0.35443, 0.916466, 0.185662, 0.05, -0.225457, -0.276449, 0.934208, 0.0, 0.0, 0.0, 0.0, 1.0],
                [0.894517, 0.407756, 0.183234, 0.0, -0.439688, 0.876515, 0.195946, 0.05, -0.080709, -0.255843, 0.963344, -0.0, 0.0, 0.0, 0.0, 1.0],
                [0.861073, 0.499736, 0.0939, -0.0, -0.507797, 0.835544, 0.209781, 0.05, 0.026378, -0.228319, 0.973229, 0.0, 0.0, 0.0, 0.0, 1.0],
                [0.83848, 0.541594, 0.06023, -0.0, -0.540703, 0.813129, 0.215549, 0.05, 0.067765, -0.2133, 0.974634, -0.0, 0.0, 0.0, 0.0, 1.0],
                [0.832032, 0.550977, 0.064403, 0.0, -0.550896, 0.807075, 0.212471, 0.05, 0.065089, -0.212262, 0.975043, -0.0, 0.0, 0.0, 0.0, 1.0],
                [0.826297, 0.558279, 0.074552, 0.0, -0.560417, 0.801702, 0.207862, 0.05, 0.056276, -0.213536, 0.975313, 0.0, 0.0, 0.0, 0.0, 1.0],
                [0.821097, 0.563719, 0.089557, 0.0, -0.569207, 0.797009, 0.201939, 0.05, 0.042459, -0.216788, 0.975295, 0.0, 0.0, 0.0, 0.0, 1.0],
                [0.816227, 0.567488, 0.10831, -0.0, -0.577201, 0.792989, 0.194955, 0.05, 0.024746, -0.221644, 0.974814, 0.0, 0.0, 0.0, 0.0, 1.0],
                [0.811506, 0.569766, 0.129709, -0.0, -0.584328, 0.789631, 0.187198, 0.05, 0.004237, -0.227705, 0.973721, 0.0, 0.0, 0.0, 0.0, 1.0],
                [0.806812, 0.570748, 0.152648, 0.0, -0.590535, 0.786913, 0.178987, 0.05, -0.017964, -0.234553, 0.971937, 0.0, 0.0, 0.0, 0.0, 1.0],
                [0.802106, 0.57065, 0.176024, -0.0, -0.59579, 0.784797, 0.170667, 0.05, -0.040752, -0.241766, 0.969478, 0.0, 0.0, 0.0, 0.0, 1.0],
                [0.797448, 0.56972, 0.198736, -0.0, -0.600088, 0.783234, 0.162603, 0.05, -0.063019, -0.248926, 0.96647, -0.0, 0.0, 0.0, 0.0, 1.0],
                [0.792996, 0.568232, 0.219703, 0.0, -0.603456, 0.782148, 0.155195, 0.05, -0.083653, -0.25565, 0.963143, 0.0, 0.0, 0.0, 0.0, 1.0],
                [0.788993, 0.566506, 0.237827, -0.0, -0.605946, 0.781476, 0.148745, 0.05, -0.101591, -0.261469, 0.959851, 0.0, 0.0, 0.0, 0.0, 1.0],
                [0.785743, 0.564856, 0.252083, 0.0, -0.607632, 0.781106, 0.143723, 0.05, -0.115721, -0.266102, 0.956974, 0.0, 0.0, 0.0, 0.0, 1.0],
                [0.783576, 0.56363, 0.261402, 0.0, -0.608594, 0.780956, 0.140434, 0.05, -0.124991, -0.269128, 0.954959, -0.0, 0.0, 0.0, 0.0, 1.0],
                [0.782797, 0.563153, 0.264742, 0.0, -0.608902, 0.780927, 0.139252, 0.05, -0.128324, -0.270208, 0.954212, 0.0, 0.0, 0.0, 0.0, 1.0],
                [0.784055, 0.561371, 0.264802, -0.0, -0.607249, 0.782072, 0.140044, 0.05, -0.128478, -0.270603, 0.954079, 0.0, 0.0, 0.0, 0.0, 1.0],
                [0.787705, 0.556195, 0.264894, 0.0, -0.60243, 0.785368, 0.142392, 0.05, -0.128841, -0.271743, 0.953706, -0.0, 0.0, 0.0, 0.0, 1.0],
                [0.793496, 0.547822, 0.265056, -0.0, -0.594646, 0.790584, 0.146194, 0.05, -0.129461, -0.273619, 0.953086, -0.0, 0.0, 0.0, 0.0, 1.0],
                [0.801173, 0.536444, 0.265234, 0.0, -0.584073, 0.797461, 0.151378, 0.05, -0.130308, -0.276196, 0.952227, -0.0, 0.0, 0.0, 0.0, 1.0],
                [0.810456, 0.522239, 0.265382, -0.0, -0.570877, 0.805717, 0.157862, 0.05, -0.13138, -0.279441, 0.951132, -0.0, 0.0, 0.0, 0.0, 1.0],
                [0.821052, 0.505382, 0.265446, 0.0, -0.55522, 0.815057, 0.165568, 0.05, -0.132679, -0.283321, 0.949803, 0.0, 0.0, 0.0, 0.0, 1.0],
                [0.832665, 0.486053, 0.265371, -0.0, -0.53727, 0.82518, 0.17441, 0.05, -0.134206, -0.287801, 0.94824, -0.0, 0.0, 0.0, 0.0, 1.0],
                [0.844993, 0.464445, 0.2651, -0.0, -0.517204, 0.835782, 0.184303, 0.05, -0.135968, -0.292846, 0.946443, 0.0, 0.0, 0.0, 0.0, 1.0],
                [0.857743, 0.440766, 0.26458, -0.0, -0.49522, 0.846565, 0.195155, 0.05, -0.137966, -0.298418, 0.944411, -0.0, 0.0, 0.0, 0.0, 1.0],
                [0.870633, 0.415246, 0.263759, 0.0, -0.471531, 0.857241, 0.206872, 0.05, -0.140203, -0.30448, 0.942144, 0.0, 0.0, 0.0, 0.0, 1.0],
                [0.883409, 0.388149, 0.262545, 0.0, -0.446373, 0.867542, 0.219368, 0.05, -0.142621, -0.310984, 0.939653, 0.0, 0.0, 0.0, 0.0, 1.0],
                [0.89581, 0.359733, 0.260993, -0.0, -0.420014, 0.877225, 0.232519, 0.05, -0.145305, -0.317913, 0.936919, 0.0, 0.0, 0.0, 0.0, 1.0],
                [0.907622, 0.330297, 0.259089, 0.0, -0.392742, 0.886076, 0.246219, 0.05, -0.148247, -0.325229, 0.933943, -0.0, 0.0, 0.0, 0.0, 1.0],
                [0.918664, 0.300159, 0.256829, 0.0, -0.364863, 0.893914, 0.260368, 0.05, -0.151431, -0.332898, 0.930724, 0.0, 0.0, 0.0, 0.0, 1.0],
                [0.928818, 0.269678, 0.254109, 0.0, -0.336688, 0.900599, 0.274886, 0.05, -0.15472, -0.340874, 0.92729, 0.0, 0.0, 0.0, 0.0, 1.0],
                [0.937956, 0.239178, 0.251064, 0.0, -0.308568, 0.90603, 0.289648, 0.05, -0.158194, -0.349147, 0.923618, 0.0, 0.0, 0.0, 0.0, 1.0],
                [0.946024, 0.209027, 0.247682, -0.0, -0.28084, 0.910146, 0.30457, 0.05, -0.161763, -0.35769, 0.919723, 0.0, 0.0, 0.0, 0.0, 1.0],
                [0.952995, 0.179577, 0.244036, -0.0, -0.253858, 0.912928, 0.31956, 0.05, -0.165401, -0.36649, 0.915602, 0.0, 0.0, 0.0, 0.0, 1.0],
                [0.958879, 0.151184, 0.240197, 0.0, -0.22797, 0.914393, 0.334536, 0.05, -0.169058, -0.375537, 0.911258, 0.0, 0.0, 0.0, 0.0, 1.0],
                [0.963723, 0.124195, 0.23625, -0.0, -0.203523, 0.914594, 0.349424, 0.05, -0.172676, -0.38483, 0.906691, -0.0, 0.0, 0.0, 0.0, 1.0],
                [0.9676, 0.09895, 0.232291, 0.0, -0.180852, 0.913608, 0.364161, 0.05, -0.176189, -0.394373, 0.901902, 0.0, 0.0, 0.0, 0.0, 1.0],
                [0.970607, 0.075775, 0.22843, -0.0, -0.160288, 0.911538, 0.378692, 0.05, -0.179527, -0.404175, 0.896891, 0.0, 0.0, 0.0, 0.0, 1.0],
                [0.972565, 0.054619, 0.226129, -0.0, -0.142356, 0.908531, 0.392818, 0.05, -0.18399, -0.414231, 0.891381, -0.0, 0.0, 0.0, 0.0, 1.0],
                [0.97339, 0.035229, 0.226429, -0.0, -0.127264, 0.904827, 0.406315, 0.05, -0.190565, -0.42432, 0.885233, -0.0, 0.0, 0.0, 0.0, 1.0],
                [0.97331, 0.017627, 0.228816, -0.0, -0.114831, 0.900663, 0.419071, 0.05, -0.198699, -0.434161, 0.878648, -0.0, 0.0, 0.0, 0.0, 1.0],
                [0.972528, 0.001843, 0.23278, -0.0, -0.104848, 0.896266, 0.430946, 0.05, -0.207838, -0.443514, 0.871837, 0.0, 0.0, 0.0, 0.0, 1.0],
                [0.971235, -0.012079, 0.237817, -0.0, -0.097084, 0.891853, 0.441784, 0.05, -0.217434, -0.452164, 0.865026, 0.0, 0.0, 0.0, 0.0, 1.0],
                [0.969619, -0.024083, 0.24343, -0.0, -0.091285, 0.887631, 0.451417, 0.05, -0.226947, -0.459925, 0.858466, -0.0, 0.0, 0.0, 0.0, 1.0],
                [0.96787, -0.0341, 0.249128, 0.0, -0.087182, 0.883797, 0.459677, 0.05, -0.235853, -0.466627, 0.852427, 0.0, 0.0, 0.0, 0.0, 1.0],
                [0.966179, -0.042051, 0.254421, 0.0, -0.084491, 0.880534, 0.466392, 0.05, -0.243639, -0.472115, 0.8472, -0.0, 0.0, 0.0, 0.0, 1.0],
                [0.964739, -0.047845, 0.258822, 0.0, -0.082923, 0.878015, 0.471395, 0.05, -0.249804, -0.476236, 0.843088, -0.0, 0.0, 0.0, 0.0, 1.0],
                [0.963743, -0.05139, 0.261836, -0.0, -0.082188, 0.8764, 0.474519, 0.05, -0.253858, -0.478834, 0.840401, 0.0, 0.0, 0.0, 0.0, 1.0],
                [0.963374, -0.052591, 0.262955, -0.0, -0.082003, 0.875832, 0.475598, 0.05, -0.255317, -0.479742, 0.839441, 0.0, 0.0, 0.0, 0.0, 1.0],
                [0.963373, -0.052591, 0.262955, -0.0, -0.082003, 0.875832, 0.475598, 0.05, -0.255317, -0.479742, 0.839441, -0.0, 0.0, 0.0, 0.0, 1.0],
                [0.963457, -0.051247, 0.262916, 0.0, -0.081564, 0.878791, 0.470184, 0.05, -0.255144, -0.474447, 0.842497, -0.0, 0.0, 0.0, 0.0, 1.0],
                [0.963698, -0.047392, 0.262756, 0.0, -0.080309, 0.887095, 0.454548, 0.05, -0.254631, -0.459148, 0.851085, 0.0, 0.0, 0.0, 0.0, 1.0],
                [0.964086, -0.041286, 0.262361, -0.0, -0.07834, 0.899686, 0.42945, 0.05, -0.253773, -0.43458, 0.864141, 0.0, 0.0, 0.0, 0.0, 1.0],
                [0.964614, -0.033194, 0.261569, -0.0, -0.075764, 0.915311, 0.395557, 0.05, -0.252547, -0.401377, 0.880407, 0.0, 0.0, 0.0, 0.0, 1.0],
                [0.965273, -0.023396, 0.260195, -0.0, -0.072698, 0.932587, 0.353549, 0.05, -0.250926, -0.360187, 0.8985, -0.0, 0.0, 0.0, 0.0, 1.0],
                [0.966053, -0.012201, 0.258056, 0.0, -0.069266, 0.950079, 0.304223, 0.05, -0.248886, -0.31177, 0.916982, 0.0, 0.0, 0.0, 0.0, 1.0],
                [0.966941, 5.1e-05, 0.255, -0.0, -0.065602, 0.966392, 0.248564, 0.05, -0.246417, -0.257075, 0.934447, 0.0, 0.0, 0.0, 0.0, 1.0],
                [0.96792, 0.012991, 0.250922, -0.0, -0.061838, 0.980261, 0.187787, 0.05, -0.243529, -0.19728, 0.949618, -0.0, 0.0, 0.0, 0.0, 1.0],
                [0.968968, 0.026235, 0.245788, 0.0, -0.058108, 0.990662, 0.12334, 0.05, -0.240257, -0.133795, 0.961444, -0.0, 0.0, 0.0, 0.0, 1.0],
                [0.97006, 0.039396, 0.239649, 0.0, -0.054533, 0.996892, 0.056862, 0.05, -0.236664, -0.068228, 0.969193, -0.0, 0.0, 0.0, 0.0, 1.0],
                [0.971167, 0.05211, 0.232637, -0.0, -0.051216, 0.998639, -0.009889, 0.05, -0.232835, -0.002311, 0.972513, 1e-06, 0.0, 0.0, 0.0, 1.0],
                [0.972258, 0.064055, 0.224969, 0.0, -0.048236, 0.996007, -0.075127, 0.05, -0.228883, 0.062192, 0.971465, -0.0, 0.0, 0.0, 0.0, 1.0],
                [0.973305, 0.074965, 0.216927, 0.0, -0.045646, 0.989499, -0.137142, 0.05, -0.22493, 0.12358, 0.966506, 0.0, 0.0, 0.0, 0.0, 1.0],
                [0.97428, 0.084641, 0.208843, 0.0, -0.04347, 0.979964, -0.194374, 0.05, -0.22111, 0.180296, 0.958438, -0.0, 0.0, 0.0, 0.0, 1.0],
                [0.975156, 0.092952, 0.201073, 0.0, -0.041705, 0.968509, -0.245462, 0.05, -0.217558, 0.230979, 0.948324, 0.0, 0.0, 0.0, 0.0, 1.0],
                [0.975913, 0.099823, 0.193983, -0.0, -0.04033, 0.9564, -0.289261, 0.05, -0.2144, 0.274471, 0.937389, -0.0, 0.0, 0.0, 0.0, 1.0],
                [0.976531, 0.10522, 0.187926, 0.0, -0.039312, 0.944963, -0.324806, 0.05, -0.21176, 0.309795, 0.926922, 1e-06, 0.0, 0.0, 0.0, 1.0],
                [0.976993, 0.109127, 0.183238, 0.0, -0.038613, 0.935485, -0.351251, 0.05, -0.209748, 0.336095, 0.918176, -0.0, 0.0, 0.0, 0.0, 1.0],
                [0.977283, 0.111522, 0.180226, -0.0, -0.038202, 0.929126, -0.367784, 0.05, -0.208469, 0.352543, 0.912279, -0.0, 0.0, 0.0, 0.0, 1.0],
                [0.977383, 0.112344, 0.179166, 0.0, -0.038064, 0.926842, -0.373518, 0.05, -0.208021, 0.35825, 0.910156, -0.0, 0.0, 0.0, 0.0, 1.0],
                [0.977383, 0.112344, 0.179166, 0.0, -0.038064, 0.926842, -0.373518, 0.05, -0.208021, 0.35825, 0.910156, -0.0, 0.0, 0.0, 0.0, 1.0]
            ]
        },
        {
            "name": "Chest",
            "time": [0.0, 0.01, 0.02, 0.03, 0.04, 0.05, 0.06, 0.07, 0.08, 0.09, 0.1, 0.11, 0.12, 0.13, 0.14, 0.15, 0.16, 0.17, 0.18, 0.19, 0.2, 0.21, 0.22, 0.23, 0.24, 0.25, 0.26, 0.27, 0.28, 0.29, 0.3, 0.31, 0.32, 0.33, 0.34, 0.35, 0.36, 0.37, 0.38, 0.39, 0.4, 0.41, 0.42, 0.43, 0.44, 0.45, 0.46, 0.47, 0.48, 0.49, 0.5, 0.51, 0.52, 0.53, 0.54, 0.55, 0.56, 0.57, 0.58, 0.59, 0.6, 0.61, 0.62, 0.7, 0.71, 0.72, 0.73, 0.74, 0.75, 0.76, 0.77, 0.78, 0.79, 0.8, 0.81, 0.82, 0.83, 0.84, 0.85, 0.86, 0.87, 0.88, 0.89, 0.9, 0.91, 0.92, 0.93, 0.95],
            "transform": [
                [0.734197, -0.506564, 0.452048, 0.0, 0.206473, 0.800874, 0.562112, 0.3, -0.646779, -0.319366, 0.692591, 0.0, 0.0, 0.0, 0.0, 1.0],
                [0.735784, -0.508231, 0.447575, -0.0, 0.210071, 0.799589, 0.562608, 0.3, -0.643811, -0.319936, 0.695089, 0.0, 0.0, 0.0, 0.0, 1.0],
                [0.740595, -0.512837, 0.434186, -0.0, 0.220558, 0.795884, 0.563846, 0.3, -0.634723, -0.321818, 0.702538, 0.0, 0.0, 0.0, 0.0, 1.0],
                [0.748533, -0.519742, 0.411785, 0.0, 0.237517, 0.789952, 0.565298, 0.3, -0.619099, -0.325338, 0.714752, 0.0, 0.0, 0.0, 0.0, 1.0],
                [0.759266, -0.528243, 0.380097, -0.0, 0.260565, 0.781965, 0.566248, 0.3, -0.59634, -0.330893, 0.731361, -0.0, 0.0, 0.0, 0.0, 1.0],
                [0.772211, -0.537551, 0.338716, -0.0, 0.289311, 0.772121, 0.565799, 0.3, -0.565675, -0.338923, 0.75176, -0.0, 0.0, 0.0, 0.0, 1.0],
                [0.786502, -0.546767, 0.287158, 0.0, 0.323297, 0.760677, 0.562894, 0.3, -0.526206, -0.34988, 0.775043, -0.0, 0.0, 0.0, 0.0, 1.0],
                [0.800948, -0.554869, 0.22495, -0.0, 0.361934, 0.747993, 0.556336, 0.3, -0.476955, -0.364179, 0.799929, -0.0, 0.0, 0.0, 0.0, 1.0],
                [0.813995, -0.5607, 0.151748, -0.0, 0.404418, 0.73457, 0.544841, 0.3, -0.416962, -0.382129, 0.824694, 0.0, 0.0, 0.0, 0.0, 1.0],
                [0.823711, -0.56298, 0.067486, 0.0, 0.449652, 0.721084, 0.527115, 0.3, -0.345418, -0.403845, 0.84711, -0.0, 0.0, 0.0, 0.0, 1.0],
