{
    "animation": [
        {
            "name": "Root",
            "time": [0.0, 0.01, 0.02, 0.03, 0.04, 0.05, 0.06, 0.07, 0.08, 0.09, 0.1, 0.11, 0.12, 0.13, 0.14, 0.15, 0.16, 0.17, 0.18, 0.19, 0.2, 0.21, 0.22, 0.23, 0.24, 0.25, 0.26, 0.27, 0.28, 0.29, 0.3, 0.31, 0.32, 0.33, 0.34, 0.35, 0.36, 0.37, 0.38, 0.39, 0.4, 0.41, 0.42, 0.43, 0.44, 0.45, 0.46, 0.47, 0.48, 0.49, 0.5, 0.51, 0.52, 0.53, 0.54, 0.55, 0.56, 0.57, 0.58, 0.59, 0.6, 0.61, 0.62, 0.63, 0.64, 0.65, 0.66, 0.67, 0.68, 0.69, 0.7, 0.71, 0.72, 0.73, 0.74, 0.75, 0.76, 0.77, 0.78, 0.79, 0.8],
            "transform": [
                [0.946093, -0.0, -0.323894, -5e-06, -0.323894, 0.0, -0.946093, 0.000946, 0.0, 1.0, -0.0, 0.639362, 0.0, 0.0, 0.0, 1.0],
                [0.946093, -0.0, -0.323894, -0.019315, -0.323894, 0.0, -0.946093, 0.000951, 0.0, 1.0, -0.0, 0.639362, 0.0, 0.0, 0.0, 1.0],
                [0.946093, -0.0, -0.323894, -0.065363, -0.323894, 0.0, -0.946093, 0.000957, 0.0, 1.0, -0.0, 0.639362, 0.0, 0.0, 0.0, 1.0],
                [0.946093, -0.0, -0.323894, -0.120324, -0.323894, 0.0, -0.946093, 0.000962, 0.0, 1.0, -0.0, 0.639362, 0.0, 0.0, 0.0, 1.0],
                [0.946093, -0.0, -0.323894, -0.166372, -0.323894, 0.0, -0.946093, 0.000967, 0.0, 1.0, -0.0, 0.639362, 0.0, 0.0, 0.0, 1.0],
                [0.946093, -0.0, -0.323894, -0.185682, -0.323894, 0.0, -0.946093, 0.000972, 0.0, 1.0, -0.0, 0.639362, 0.0, 0.0, 0.0, 1.0],
                [0.944487, -0.0, -0.328549, -0.181253, -0.328549, 0.0, -0.944487, 0.000977, 0.0, 1.0, -0.0, 0.620861, 0.0, 0.0, 0.0, 1.0],
                [0.939839, -0.0, -0.341617, -0.169119, -0.341617, 0.0, -0.939839, 0.001185, 0.0, 1.0, -0.0, 0.576743, 0.0, 0.0, 0.0, 1.0],
                [0.93229, -0.0, -0.361712, -0.151011, -0.361712, 0.0, -0.93229, 0.001752, 0.0, 1.0, -0.0, 0.524087, 0.0, 0.0, 0.0, 1.0],
                [0.921907, -0.0, -0.387412, -0.128659, -0.387412, 0.0, -0.921907, 0.002854, 0.0, 1.0, -0.0, 0.479969, 0.0, 0.0, 0.0, 1.0],
                [0.908785, -0.0, -0.417264, -0.103793, -0.417264, 0.0, -0.908785, 0.004672, 0.0, 1.0, -0.0, 0.461468, 0.0, 0.0, 0.0, 1.0],
                [0.893122, -0.0, -0.449814, -0.077783, -0.449814, 0.0, -0.893122, 0.007384, 0.0, 1.0, -0.0, 0.466803, 0.0, 0.0, 0.0, 1.0],
                [0.875271, -0.0, -0.483633, -0.050551, -0.483633, 0.0, -0.875271, 0.011168, 0.0, 1.0, -0.0, 0.481281, 0.0, 0.0, 0.0, 1.0],
                [0.855774, -0.0, -0.51735, -0.021659, -0.51735, 0.0, -0.855774, 0.016204, 0.0, 1.0, -0.0, 0.502618, 0.0, 0.0, 0.0, 1.0],
                [0.835368, -0.0, -0.549691, 0.009331, -0.549691, 0.0, -0.835368, 0.02267, 0.0, 1.0, -0.0, 0.528527, 0.0, 0.0, 0.0, 1.0],
                [0.81497, -0.0, -0.579503, 0.042858, -0.579503, 0.0, -0.81497, 0.030746, 0.0, 1.0, -0.0, 0.556722, 0.0, 0.0, 0.0, 1.0],
                [0.795642, -0.0, -0.605767, 0.078954, -0.605767, 0.0, -0.795642, 0.040609, 0.0, 1.0, -0.0, 0.584917, 0.0, 0.0, 0.0, 1.0],
                [0.778548, -0.0, -0.627585, 0.116036, -0.627585, 0.0, -0.778548, 0.052439, 0.0, 1.0, -0.0, 0.610826, 0.0, 0.0, 0.0, 1.0],
                [0.764897, -0.0, -0.644153, 0.152113, -0.644153, 0.0, -0.764897, 0.066414, 0.0, 1.0, -0.0, 0.632163, 0.0, 0.0, 0.0, 1.0],
                [0.75589, -0.0, -0.654699, 0.185197, -0.654699, 0.0, -0.75589, 0.082714, 0.0, 1.0, -0.0, 0.646641, 0.0, 0.0, 0.0, 1.0],
                [0.752656, -0.0, -0.658414, 0.213298, -0.658414, 0.0, -0.752656, 0.101517, 0.0, 1.0, -0.0, 0.651975, 0.0, 0.0, 0.0, 1.0],
                [0.762232, -0.0, -0.647304, 0.23489, -0.647304, 0.0, -0.762232, 0.127995, 0.0, 1.0, -0.0, 0.651919, 0.0, 0.0, 0.0, 1.0],
                [0.788259, -0.0, -0.615344, 0.250303, -0.615344, 0.0, -0.788259, 0.168497, 0.0, 1.0, -0.0, 0.651526, 0.0, 0.0, 0.0, 1.0],
                [0.825835, -0.0, -0.563911, 0.260331, -0.563911, 0.0, -0.825835, 0.224971, 0.0, 1.0, -0.0, 0.650458, 0.0, 0.0, 0.0, 1.0],
                [0.8693, -0.0, -0.494284, 0.265765, -0.494284, 0.0, -0.8693, 0.29936, 0.0, 1.0, -0.0, 0.648379, 0.0, 0.0, 0.0, 1.0],
                [0.912775, -0.0, -0.408462, 0.267401, -0.408462, 0.0, -0.912775, 0.393612, 0.0, 1.0, -0.0, 0.644951, 0.0, 0.0, 0.0, 1.0],
                [0.950844, -0.0, -0.309671, 0.267236, -0.309671, 0.0, -0.950844, 0.507964, 0.0, 1.0, -0.0, 0.637244, 0.0, 0.0, 0.0, 1.0],
                [0.979299, -0.0, -0.20242, 0.266759, -0.20242, 0.0, -0.979299, 0.635828, 0.0, 1.0, -0.0, 0.624961, 0.0, 0.0, 0.0, 1.0],
                [0.995748, -0.0, -0.092114, 0.265998, -0.092114, -0.0, -0.995748, 0.768905, 0.0, 1.0, -0.0, 0.611714, 0.0, 0.0, 0.0, 1.0],
                [0.999878, -0.0, 0.015624, 0.26498, 0.015624, -0.0, -0.999878, 0.898899, 0.0, 1.0, -0.0, 0.601117, 0.0, 0.0, 0.0, 1.0],
                [0.99329, -0.0, 0.115647, 0.263732, 0.115647, -0.0, -0.99329, 1.017514, 0.0, 1.0, -0.0, 0.596782, 0.0, 0.0, 0.0, 1.0],
                [0.978913, -0.0, 0.20428, 0.262283, 0.20428, -0.0, -0.978913, 1.118167, 0.0, 1.0, 0.0, 0.596782, 0.0, 0.0, 0.0, 1.0],
                [0.959672, -0.0, 0.281122, 0.260659, 0.281122, -0.0, -0.959672, 1.201144, 0.0, 1.0, 0.0, 0.596782, 0.0, 0.0, 0.0, 1.0],
                [0.937949, -0.0, 0.346773, 0.258887, 0.346773, -0.0, -0.937949, 1.268443, 0.0, 1.0, 0.0, 0.596782, 0.0, 0.0, 0.0, 1.0],
                [0.915668, -0.0, 0.401935, 0.256996, 0.401935, -0.0, -0.915668, 1.322063, 0.0, 1.0, 0.0, 0.596782, 0.0, 0.0, 0.0, 1.0],
                [0.894378, -0.0, 0.447311, 0.255012, 0.447311, -0.0, -0.894378, 1.364005, 0.0, 1.0, 0.0, 0.596782, 0.0, 0.0, 0.0, 1.0],
                [0.875319, -0.0, 0.483545, 0.252964, 0.483545, -0.0, -0.875319, 1.396268, 0.0, 1.0, 0.0, 0.596782, 0.0, 0.0, 0.0, 1.0],
                [0.859475, -0.0, 0.511179, 0.250878, 0.511179, -0.0, -0.859475, 1.420851, 0.0, 1.0, 0.0, 0.596782, 0.0, 0.0, 0.0, 1.0],
                [0.847602, -0.0, 0.530632, 0.248782, 0.530632, -0.0, -0.847602, 1.439754, 0.0, 1.0, 0.0, 0.596782, 0.0, 0.0, 0.0, 1.0],
                [0.840251, -0.0, 0.542197, 0.246703, 0.542197, -0.0, -0.840251, 1.454977, 0.0, 1.0, 0.0, 0.596782, 0.0, 0.0, 0.0, 1.0],
                [0.837762, -0.0, 0.546035, 0.244668, 0.546035, -0.0, -0.837762, 1.468519, 0.0, 1.0, 0.0, 0.596782, 0.0, 0.0, 0.0, 1.0],
                [0.838498, -0.0, 0.544904, 0.242702, 0.544904, -0.0, -0.838498, 1.48204, 0.0, 1.0, 0.0, 0.596925, 0.0, 0.0, 0.0, 1.0],
                [0.840649, -0.0, 0.54158, 0.240806, 0.54158, -0.0, -0.840649, 1.495847, 0.0, 1.0, 0.0, 0.597345, 0.0, 0.0, 0.0, 1.0],
                [0.844118, -0.0, 0.536157, 0.23898, 0.536157, -0.0, -0.844118, 1.509908, 0.0, 1.0, 0.0, 0.598026, 0.0, 0.0, 0.0, 1.0],
                [0.848796, -0.0, 0.52872, 0.237223, 0.52872, -0.0, -0.848796, 1.52419, 0.0, 1.0, 0.0, 0.598955, 0.0, 0.0, 0.0, 1.0],
                [0.854565, -0.0, 0.519345, 0.235534, 0.519345, -0.0, -0.854565, 1.538659, 0.0, 1.0, 0.0, 0.600117, 0.0, 0.0, 0.0, 1.0],
                [0.861296, -0.0, 0.508103, 0.233912, 0.508103, -0.0, -0.861296, 1.553284, 0.0, 1.0, 0.0, 0.601497, 0.0, 0.0, 0.0, 1.0],
                [0.868857, -0.0, 0.495064, 0.232354, 0.495064, -0.0, -0.868857, 1.568031, 0.0, 1.0, 0.0, 0.603081, 0.0, 0.0, 0.0, 1.0],
                [0.877106, -0.0, 0.480296, 0.230862, 0.480296, -0.0, -0.877106, 1.582869, 0.0, 1.0, 0.0, 0.604853, 0.0, 0.0, 0.0, 1.0],
                [0.885903, -0.0, 0.463871, 0.229432, 0.463871, -0.0, -0.885903, 1.597764, 0.0, 1.0, 0.0, 0.606801, 0.0, 0.0, 0.0, 1.0],
                [0.8951, -0.0, 0.445866, 0.228065, 0.445866, -0.0, -0.8951, 1.612684, 0.0, 1.0, 0.0, 0.608909, 0.0, 0.0, 0.0, 1.0],
                [0.904552, -0.0, 0.426363, 0.226759, 0.426363, -0.0, -0.904552, 1.627595, 0.0, 1.0, 0.0, 0.611162, 0.0, 0.0, 0.0, 1.0],
                [0.914116, -0.0, 0.405453, 0.225513, 0.405453, -0.0, -0.914116, 1.642467, 0.0, 1.0, 0.0, 0.613546, 0.0, 0.0, 0.0, 1.0],
                [0.923651, -0.0, 0.383235, 0.224326, 0.383235, -0.0, -0.923651, 1.657265, 0.0, 1.0, 0.0, 0.616046, 0.0, 0.0, 0.0, 1.0],
                [0.933022, -0.0, 0.359819, 0.223197, 0.359819, -0.0, -0.933022, 1.671958, 0.0, 1.0, 0.0, 0.618649, 0.0, 0.0, 0.0, 1.0],
                [0.942103, -0.0, 0.335325, 0.222124, 0.335325, -0.0, -0.942103, 1.686513, 0.0, 1.0, 0.0, 0.621338, 0.0, 0.0, 0.0, 1.0],
                [0.950775, -0.0, 0.309883, 0.221107, 0.309883, -0.0, -0.950775, 1.700896, 0.0, 1.0, 0.0, 0.624101, 0.0, 0.0, 0.0, 1.0],
                [0.958933, -0.0, 0.283634, 0.220145, 0.283634, -0.0, -0.958933, 1.715076, 0.0, 1.0, 0.0, 0.626922, 0.0, 0.0, 0.0, 1.0],
                [0.966484, -0.0, 0.256728, 0.219236, 0.256728, -0.0, -0.966484, 1.729019, 0.0, 1.0, 0.0, 0.629786, 0.0, 0.0, 0.0, 1.0],
                [0.97335, -0.0, 0.229323, 0.218379, 0.229323, -0.0, -0.97335, 1.742694, 0.0, 1.0, 0.0, 0.632679, 0.0, 0.0, 0.0, 1.0],
                [0.979471, -0.0, 0.201585, 0.217573, 0.201585, -0.0, -0.979471, 1.756066, 0.0, 1.0, 0.0, 0.635587, 0.0, 0.0, 0.0, 1.0],
                [0.984801, -0.0, 0.173684, 0.216817, 0.173684, -0.0, -0.984801, 1.769105, 0.0, 1.0, 0.0, 0.638495, 0.0, 0.0, 0.0, 1.0],
                [0.989315, -0.0, 0.145795, 0.216111, 0.145795, -0.0, -0.989315, 1.781777, 0.0, 1.0, -0.0, 0.641389, 0.0, 0.0, 0.0, 1.0],
                [0.993002, -0.0, 0.118094, 0.215452, 0.118094, -0.0, -0.993002, 1.79405, 0.0, 1.0, -0.0, 0.644253, 0.0, 0.0, 0.0, 1.0],
                [0.995873, -0.0, 0.090757, 0.21484, 0.090757, -0.0, -0.995873, 1.80589, 0.0, 1.0, -0.0, 0.647074, 0.0, 0.0, 0.0, 1.0],
                [0.997953, -0.0, 0.063958, 0.214273, 0.063958, -0.0, -0.997953, 1.817266, 0.0, 1.0, -0.0, 0.649836, 0.0, 0.0, 0.0, 1.0],
                [0.999283, -0.0, 0.037869, 0.213751, 0.037869, -0.0, -0.999283, 1.828144, 0.0, 1.0, -0.0, 0.652526, 0.0, 0.0, 0.0, 1.0],
                [0.99992, -0.0, 0.012656, 0.213273, 0.012656, -0.0, -0.99992, 1.838492, 0.0, 1.0, -0.0, 0.655128, 0.0, 0.0, 0.0, 1.0],
                [0.999934, -0.0, -0.011522, 0.212837, -0.011522, -0.0, -0.999934, 1.848278, 0.0, 1.0, -0.0, 0.657629, 0.0, 0.0, 0.0, 1.0],
                [0.999404, -0.0, -0.03451, 0.212442, -0.03451, -0.0, -0.999404, 1.857468, 0.0, 1.0, -0.0, 0.660013, 0.0, 0.0, 0.0, 1.0],
                [0.998422, -0.0, -0.05616, 0.212087, -0.05616, -0.0, -0.998422, 1.86603, 0.0, 1.0, -0.0, 0.662266, 0.0, 0.0, 0.0, 1.0],
                [0.997082, -0.0, -0.076334, 0.211772, -0.076334, -0.0, -0.997082, 1.873932, 0.0, 1.0, -0.0, 0.664374, 0.0, 0.0, 0.0, 1.0],
                [0.995487, -0.0, -0.094897, 0.211494, -0.094897, -0.0, -0.995487, 1.881141, 0.0, 1.0, -0.0, 0.666321, 0.0, 0.0, 0.0, 1.0],
                [0.993739, -0.0, -0.111722, 0.211253, -0.111722, -0.0, -0.993739, 1.887623, 0.0, 1.0, -0.0, 0.668094, 0.0, 0.0, 0.0, 1.0],
                [0.991943, -0.0, -0.126688, 0.211047, -0.126688, -0.0, -0.991943, 1.893348, 0.0, 1.0, -0.0, 0.669678, 0.0, 0.0, 0.0, 1.0],
                [0.990198, -0.0, -0.139674, 0.210877, -0.139674, -0.0, -0.990198, 1.898281, 0.0, 1.0, -0.0, 0.671058, 0.0, 0.0, 0.0, 1.0],
                [0.9886, -0.0, -0.150565, 0.21074, -0.150565, -0.0, -0.9886, 1.90239, 0.0, 1.0, -0.0, 0.67222, 0.0, 0.0, 0.0, 1.0],
                [0.987239, -0.0, -0.159245, 0.210635, -0.159245, -0.0, -0.987239, 1.905643, 0.0, 1.0, -0.0, 0.673149, 0.0, 0.0, 0.0, 1.0],
                [0.986194, -0.0, -0.165597, 0.210561, -0.165597, -0.0, -0.986194, 1.908007, 0.0, 1.0, -0.0, 0.67383, 0.0, 0.0, 0.0, 1.0],
                [0.98553, -0.0, -0.1695, 0.210561, -0.1695, -0.0, -0.98553, 1.909449, 0.0, 1.0, -0.0, 0.67425, 0.0, 0.0, 0.0, 1.0],
                [0.985302, -0.0, -0.17082, 0.210561, -0.17082, -0.0, -0.985302, 1.909938, 0.0, 1.0, -0.0, 0.674393, 0.0, 0.0, 0.0, 1.0]
            ]
        },
        {
            "name": "Thigh_R",
            "time": [0.0, 0.8],
            "transform": [
                [0.979738, 0.133121, -0.149644, 0.124994, 0.199151, -0.726937, 0.657192, -0.002831, -0.021296, -0.673678, -0.738718, -1.2e-05, 0.0, 0.0, 0.0, 1.0],
                [0.981299, 0.150357, -0.12019, 0.124994, 0.191755, -0.818129, 0.54212, -0.002831, -0.016819, -0.555029, -0.831661, -1.2e-05, 0.0, 0.0, 0.0, 1.0]
            ]
        },
        {
            "name": "Leg_R",
            "time": [0.0, 0.05, 0.06, 0.07, 0.08, 0.09, 0.1, 0.11, 0.12, 0.13, 0.14, 0.15, 0.16, 0.17, 0.18, 0.19, 0.2, 0.21, 0.22, 0.23, 0.24, 0.25, 0.26, 0.27, 0.28, 0.29, 0.3, 0.31, 0.32, 0.33, 0.34, 0.35, 0.36, 0.37, 0.38, 0.39, 0.4, 0.41, 0.42, 0.43, 0.44, 0.45, 0.46, 0.47, 0.48, 0.49, 0.5, 0.51, 0.52, 0.53, 0.54, 0.55, 0.56, 0.57, 0.58, 0.59, 0.6, 0.61, 0.62, 0.63, 0.64, 0.65, 0.66, 0.67, 0.68, 0.69, 0.7, 0.71, 0.72, 0.73, 0.74, 0.75, 0.76, 0.77, 0.78, 0.79, 0.8],
            "transform": [
                [0.99997, -0.006925, -0.003495, -0.0, 0.006962, 0.602367, 0.798189, 0.374722, -0.003422, -0.79819, 0.602397, 0.0, 0.0, 0.0, 0.0, 1.0],
                [0.999997, -0.002537, -0.000425, 0.0, 0.002551, 0.956278, 0.292449, 0.374722, -0.000336, -0.292449, 0.956281, -0.0, 0.0, 0.0, 0.0, 1.0],
                [0.999991, -0.004031, -0.001135, 0.0, 0.004054, 0.863795, 0.503827, 0.374722, -0.00105, -0.503827, 0.863804, 0.0, 0.0, 0.0, 0.0, 1.0],
                [0.999985, -0.00495, -0.002325, -0.0, 0.004984, 0.650129, 0.759808, 0.374721, -0.00225, -0.759808, 0.650144, 0.0, 0.0, 0.0, 0.0, 1.0],
                [0.999985, -0.004572, -0.003014, -0.0, 0.004613, 0.406827, 0.913494, 0.374721, -0.00295, -0.913494, 0.406842, -0.0, 0.0, 0.0, 0.0, 1.0],
                [0.999988, -0.00372, -0.003066, 0.0, 0.003765, 0.205407, 0.978669, 0.374722, -0.003011, -0.97867, 0.205418, -0.0, 0.0, 0.0, 0.0, 1.0],
                [0.999992, -0.002906, -0.002681, 0.0, 0.002952, 0.097455, 0.995235, 0.374722, -0.002631, -0.995236, 0.097463, 0.0, 0.0, 0.0, 0.0, 1.0],
                [0.999995, -0.002282, -0.002173, -0.0, 0.002327, 0.069674, 0.997567, 0.374721, -0.002125, -0.997567, 0.069679, -0.0, 0.0, 0.0, 0.0, 1.0],
                [0.999997, -0.001824, -0.001739, 0.0, 0.00187, 0.074566, 0.997214, 0.374721, -0.001689, -0.997214, 0.074569, 0.0, 0.0, 0.0, 0.0, 1.0],
                [0.999998, -0.001484, -0.00138, -0.0, 0.00153, 0.10584, 0.994382, 0.374722, -0.00133, -0.994382, 0.105842, 0.0, 0.0, 0.0, 0.0, 1.0],
                [0.999999, -0.001224, -0.001089, -0.0, 0.001269, 0.158317, 0.987387, 0.374721, -0.001036, -0.987388, 0.158319, -0.0, 0.0, 0.0, 0.0, 1.0],
                [0.999999, -0.001018, -0.000856, 0.0, 0.001064, 0.225561, 0.974229, 0.374721, -0.000799, -0.974229, 0.225562, 0.0, 0.0, 0.0, 0.0, 1.0],
                [0.999999, -0.000853, -0.000672, 0.0, 0.000898, 0.301258, 0.953542, 0.374721, -0.000611, -0.953542, 0.301259, -0.0, 0.0, 0.0, 0.0, 1.0],
                [1.0, -0.000717, -0.000529, 0.0, 0.00076, 0.378101, 0.925764, 0.374721, -0.000464, -0.925764, 0.378102, -0.0, 0.0, 0.0, 0.0, 1.0],
                [1.0, -0.000607, -0.000422, 0.0, 0.000649, 0.446533, 0.894767, 0.374721, -0.000354, -0.894767, 0.446534, 0.0, 0.0, 0.0, 0.0, 1.0],
                [1.0, -0.000521, -0.00035, 0.0, 0.000562, 0.494321, 0.869279, 0.374722, -0.00028, -0.86928, 0.494321, 0.0, 0.0, 0.0, 0.0, 1.0],
                [1.0, -0.000461, -0.000311, -0.0, 0.000502, 0.507819, 0.861464, 0.374722, -0.000239, -0.861464, 0.507819, 0.0, 0.0, 0.0, 0.0, 1.0],
                [1.0, -0.000416, -0.000288, -0.0, 0.000458, 0.499581, 0.866267, 0.374721, -0.000217, -0.866267, 0.499581, -0.0, 0.0, 0.0, 0.0, 1.0],
                [1.0, -0.000378, -0.000267, 0.0, 0.00042, 0.495899, 0.86838, 0.374722, -0.000196, -0.86838, 0.4959, 0.0, 0.0, 0.0, 0.0, 1.0],
                [1.0, -0.000341, -0.000243, 0.0, 0.000383, 0.510427, 0.859921, 0.374721, -0.00017, -0.859921, 0.510427, -0.0, 0.0, 0.0, 0.0, 1.0],
                [1.0, -0.0003, -0.000206, 0.0, 0.00034, 0.56682, 0.823842, 0.374722, -0.00013, -0.823841, 0.56682, -0.0, 0.0, 0.0, 0.0, 1.0],
                [1.0, -0.000239, -0.000149, -0.0, 0.000274, 0.701567, 0.712603, 0.374722, -6.6e-05, -0.712603, 0.701567, -0.0, 0.0, 0.0, 0.0, 1.0],
                [1.0, -0.000156, -9.1e-05, 0.0, 0.00018, 0.865595, 0.500744, 0.374722, 1e-06, -0.500744, 0.865595, 0.0, 0.0, 0.0, 0.0, 1.0],
                [1.0, -7e-05, -5.8e-05, 0.0, 8.2e-05, 0.970602, 0.240689, 0.374722, 3.9e-05, -0.240689, 0.970603, -0.0, 0.0, 0.0, 0.0, 1.0],
                [1.0, -1e-06, -4.9e-05, 0.0, 1e-06, 0.999989, 0.004694, 0.374722, 4.9e-05, -0.004694, 0.999989, -0.0, 0.0, 0.0, 0.0, 1.0],
                [1.0, -6.1e-05, -5.7e-05, 0.0, 7.3e-05, 0.971461, 0.237197, 0.374722, 4.1e-05, -0.237197, 0.971461, -0.0, 0.0, 0.0, 0.0, 1.0],
                [1.0, -0.000125, -8.4e-05, 0.0, 0.00015, 0.857889, 0.513834, 0.374722, 8e-06, -0.513834, 0.85789, 0.0, 0.0, 0.0, 0.0, 1.0],
                [1.0, -0.000173, -0.000128, 0.0, 0.00021, 0.661676, 0.74979, 0.374721, -4.5e-05, -0.74979, 0.661676, 0.0, 0.0, 0.0, 0.0, 1.0],
                [1.0, -0.000201, -0.00018, -0.0, 0.000246, 0.411318, 0.911492, 0.374721, -0.000109, -0.911492, 0.411318, 0.0, 0.0, 0.0, 0.0, 1.0],
                [1.0, -0.000209, -0.000228, -0.0, 0.000258, 0.157965, 0.987444, 0.374721, -0.00017, -0.987445, 0.157965, 0.0, 0.0, 0.0, 0.0, 1.0],
                [1.0, -0.000204, -0.000266, -0.0, 0.000254, -0.05657, 0.998399, 0.374721, -0.000218, -0.998399, -0.05657, 0.0, 0.0, 0.0, 0.0, 1.0],
                [1.0, -0.000194, -0.000289, -0.0, 0.000243, -0.204499, 0.978867, 0.374721, -0.000249, -0.978866, -0.2045, -0.0, 0.0, 0.0, 0.0, 1.0],
                [1.0, -0.000188, -0.000285, 0.0, 0.000238, -0.217022, 0.976167, 0.374721, -0.000246, -0.976166, -0.217022, -0.0, 0.0, 0.0, 0.0, 1.0],
                [1.0, -0.000188, -0.000253, 0.0, 0.000239, -0.069448, 0.997585, 0.374721, -0.000206, -0.997585, -0.069448, 0.0, 0.0, 0.0, 0.0, 1.0],
                [1.0, -0.000183, -0.000203, 0.0, 0.000233, 0.183898, 0.982946, 0.374721, -0.000143, -0.982945, 0.183898, 0.0, 0.0, 0.0, 0.0, 1.0],
                [1.0, -0.000166, -0.000154, -0.0, 0.000211, 0.440453, 0.897776, 0.374721, -8.1e-05, -0.897775, 0.440453, 0.0, 0.0, 0.0, 0.0, 1.0],
                [1.0, -0.000154, -0.000134, 0.0, 0.000196, 0.547169, 0.837023, 0.374722, -5.6e-05, -0.837022, 0.547169, 0.0, 0.0, 0.0, 0.0, 1.0],
                [1.0, -0.000157, -0.000138, 0.0, 0.0002, 0.523657, 0.85193, 0.374721, -6.1e-05, -0.851929, 0.523656, -0.0, 0.0, 0.0, 0.0, 1.0],
                [1.0, -0.000161, -0.000144, 0.0, 0.000205, 0.499303, 0.866427, 0.374722, -6.8e-05, -0.866427, 0.499303, 0.0, 0.0, 0.0, 0.0, 1.0],
                [1.0, -0.000165, -0.000149, -0.0, 0.00021, 0.474776, 0.880107, 0.374721, -7.5e-05, -0.880107, 0.474776, -0.0, 0.0, 0.0, 0.0, 1.0],
                [1.0, -0.00017, -0.000155, 0.0, 0.000215, 0.450821, 0.892614, 0.374721, -8.2e-05, -0.892614, 0.450821, 0.0, 0.0, 0.0, 0.0, 1.0],
                [1.0, -0.000176, -0.000162, -0.0, 0.000221, 0.428028, 0.903765, 0.374721, -9e-05, -0.903766, 0.428028, -0.0, 0.0, 0.0, 0.0, 1.0],
                [1.0, -0.000182, -0.000168, 0.0, 0.000228, 0.407299, 0.913295, 0.374722, -9.8e-05, -0.913295, 0.407299, 0.0, 0.0, 0.0, 0.0, 1.0],
                [1.0, -0.000189, -0.000175, 0.0, 0.000235, 0.389059, 0.921213, 0.374721, -0.000105, -0.921213, 0.389059, -0.0, 0.0, 0.0, 0.0, 1.0],
                [1.0, -0.000196, -0.000183, 0.0, 0.000243, 0.373804, 0.927508, 0.374721, -0.000114, -0.927508, 0.373805, 0.0, 0.0, 0.0, 0.0, 1.0],
                [1.0, -0.000204, -0.00019, 0.0, 0.000251, 0.361829, 0.932244, 0.374721, -0.000122, -0.932244, 0.361829, -0.0, 0.0, 0.0, 0.0, 1.0],
                [1.0, -0.000213, -0.000197, 0.0, 0.00026, 0.353718, 0.935352, 0.374721, -0.00013, -0.935352, 0.353718, 0.0, 0.0, 0.0, 0.0, 1.0],
                [1.0, -0.000223, -0.000204, 0.0, 0.000269, 0.349532, 0.936924, 0.374721, -0.000137, -0.936924, 0.349532, 0.0, 0.0, 0.0, 0.0, 1.0],
                [1.0, -0.000233, -0.000212, 0.0, 0.00028, 0.349384, 0.93698, 0.374721, -0.000145, -0.93698, 0.349384, 0.0, 0.0, 0.0, 0.0, 1.0],
                [1.0, -0.000245, -0.000219, 0.0, 0.000291, 0.353171, 0.935559, 0.374722, -0.000152, -0.935559, 0.353171, 0.0, 0.0, 0.0, 0.0, 1.0],
                [1.0, -0.000258, -0.000226, -0.0, 0.000304, 0.361064, 0.932541, 0.374722, -0.000159, -0.932541, 0.361064, -0.0, 0.0, 0.0, 0.0, 1.0],
                [1.0, -0.000272, -0.000233, -0.0, 0.000317, 0.372708, 0.927948, 0.374721, -0.000165, -0.927948, 0.372708, -0.0, 0.0, 0.0, 0.0, 1.0],
                [1.0, -0.000287, -0.000239, 0.0, 0.000332, 0.387806, 0.921741, 0.374721, -0.000172, -0.921741, 0.387806, -0.0, 0.0, 0.0, 0.0, 1.0],
                [1.0, -0.000304, -0.000246, 0.0, 0.000348, 0.40587, 0.91393, 0.374722, -0.000178, -0.91393, 0.40587, 0.0, 0.0, 0.0, 0.0, 1.0],
                [1.0, -0.000322, -0.000253, -0.0, 0.000366, 0.426661, 0.904411, 0.374721, -0.000184, -0.904412, 0.426661, -0.0, 0.0, 0.0, 0.0, 1.0],
                [1.0, -0.000343, -0.00026, 0.0, 0.000386, 0.449482, 0.893289, 0.374721, -0.00019, -0.893289, 0.449482, 0.0, 0.0, 0.0, 0.0, 1.0],
                [1.0, -0.000366, -0.000267, 0.0, 0.000408, 0.473617, 0.880731, 0.374722, -0.000196, -0.880731, 0.473617, -0.0, 0.0, 0.0, 0.0, 1.0],
                [1.0, -0.000391, -0.000274, 0.0, 0.000433, 0.498654, 0.866801, 0.374722, -0.000202, -0.8668, 0.498655, -0.0, 0.0, 0.0, 0.0, 1.0],
                [1.0, -0.00042, -0.000283, -0.0, 0.000461, 0.523749, 0.851872, 0.374722, -0.00021, -0.851873, 0.523749, 0.0, 0.0, 0.0, 0.0, 1.0],
                [1.0, -0.000454, -0.000292, 0.0, 0.000493, 0.548113, 0.836404, 0.374721, -0.000219, -0.836404, 0.548114, 0.0, 0.0, 0.0, 0.0, 1.0],
                [1.0, -0.000492, -0.000304, 0.0, 0.000531, 0.571262, 0.820768, 0.374721, -0.00023, -0.820768, 0.571262, 0.0, 0.0, 0.0, 0.0, 1.0],
                [1.0, -0.000538, -0.000319, -0.0, 0.000576, 0.592316, 0.805706, 0.374721, -0.000244, -0.805706, 0.592316, -0.0, 0.0, 0.0, 0.0, 1.0],
                [1.0, -0.000593, -0.000338, 0.0, 0.00063, 0.610887, 0.791717, 0.374721, -0.000263, -0.791717, 0.610888, 0.0, 0.0, 0.0, 0.0, 1.0],
                [1.0, -0.00066, -0.000363, -0.0, 0.000696, 0.62626, 0.779614, 0.374721, -0.000287, -0.779614, 0.62626, -0.0, 0.0, 0.0, 0.0, 1.0],
                [0.999999, -0.000743, -0.000396, 0.0, 0.000779, 0.638239, 0.769838, 0.374722, -0.00032, -0.769838, 0.638239, 0.0, 0.0, 0.0, 0.0, 1.0],
                [1.0, -0.000849, -0.00044, 0.0, 0.000884, 0.646315, 0.76307, 0.374721, -0.000363, -0.76307, 0.646316, 0.0, 0.0, 0.0, 0.0, 1.0],
                [0.999999, -0.000984, -0.000499, -0.0, 0.001019, 0.650594, 0.759425, 0.374722, -0.000423, -0.759425, 0.650594, 0.0, 0.0, 0.0, 0.0, 1.0],
                [0.999999, -0.001149, -0.000567, -0.0, 0.001184, 0.659469, 0.75173, 0.374722, -0.00049, -0.751731, 0.65947, 0.0, 0.0, 0.0, 0.0, 1.0],
                [0.999999, -0.001342, -0.000632, 0.0, 0.001375, 0.67972, 0.73347, 0.374722, -0.000555, -0.733471, 0.679721, 0.0, 0.0, 0.0, 0.0, 1.0],
                [0.999999, -0.001567, -0.000693, -0.0, 0.001599, 0.708899, 0.705308, 0.374722, -0.000614, -0.705308, 0.7089, 0.0, 0.0, 0.0, 0.0, 1.0],
                [0.999998, -0.001831, -0.000746, -0.0, 0.001861, 0.744422, 0.667706, 0.374722, -0.000667, -0.667706, 0.744424, -0.0, 0.0, 0.0, 0.0, 1.0],
                [0.999998, -0.002135, -0.00079, 0.0, 0.002164, 0.783504, 0.621383, 0.374722, -0.000708, -0.621382, 0.783507, 0.0, 0.0, 0.0, 0.0, 1.0],
                [0.999997, -0.002476, -0.000817, 0.0, 0.002502, 0.823112, 0.567874, 0.374722, -0.000734, -0.567874, 0.823115, -0.0, 0.0, 0.0, 0.0, 1.0],
                [0.999996, -0.002829, -0.000822, 0.0, 0.002852, 0.859984, 0.510313, 0.374721, -0.000737, -0.510313, 0.859988, 0.0, 0.0, 0.0, 0.0, 1.0],
                [0.999995, -0.003142, -0.000801, -0.0, 0.003162, 0.890732, 0.454518, 0.374722, -0.000715, -0.454518, 0.890737, -0.0, 0.0, 0.0, 0.0, 1.0],
                [0.999994, -0.003349, -0.000766, -0.0, 0.003368, 0.911612, 0.411037, 0.374722, -0.000679, -0.411038, 0.911618, -0.0, 0.0, 0.0, 0.0, 1.0],
                [0.999994, -0.003414, -0.000745, 0.0, 0.003431, 0.919341, 0.393448, 0.374721, -0.000658, -0.393448, 0.919347, -0.0, 0.0, 0.0, 0.0, 1.0]
            ]
        },
        {
            "name": "Knee_R",
            "time": [0.0, 0.8],
            "transform": [
                [1.0, -5.7e-05, 5.7e-05, -2.4e-05, 5.7e-05, 0.002669, -0.999996, 0.421189, 5.7e-05, 0.999996, 0.002669, -0.001124, 0.0, 0.0, 0.0, 1.0],
                [1.0, -5.7e-05, 5.7e-05, -2.1e-05, 5.7e-05, 0.002669, -0.999997, 0.374719, 5.7e-05, 0.999997, 0.002669, -0.001, 0.0, 0.0, 0.0, 1.0]
            ]
        },
        {
            "name": "Thigh_L",
            "time": [0.0, 0.8],
            "transform": [
                [0.824361, -0.240991, -0.512204, -0.125006, -0.34084, -0.933754, -0.109231, -0.002831, -0.451949, 0.264625, -0.85189, -1.2e-05, 0.0, 0.0, 0.0, 1.0],
                [0.823813, -0.303179, -0.478971, -0.125006, -0.336703, -0.941461, 0.016809, -0.002831, -0.456029, 0.147424, -0.87767, -1.2e-05, 0.0, 0.0, 0.0, 1.0]
            ]
        },
        {
            "name": "Leg_L",
            "time": [0.0, 0.1, 0.12, 0.14, 0.15, 0.16, 0.17, 0.18, 0.19, 0.2, 0.21, 0.23, 0.25, 0.51, 0.54, 0.57, 0.59, 0.61, 0.63, 0.66, 0.69, 0.73, 0.8],
            "transform": [
                [0.999982, 0.005702, 0.001812, -0.0, -0.005743, 0.830006, 0.557725, 0.374721, 0.001676, -0.557725, 0.830024, 0.0, 0.0, 0.0, 0.0, 1.0],
                [0.999934, 0.009338, 0.006746, 0.0, -0.009408, 0.323942, 0.94603, 0.374721, 0.006648, -0.946031, 0.324008, 0.0, 0.0, 0.0, 0.0, 1.0],
                [0.999938, 0.009057, 0.006507, 0.0, -0.009127, 0.329254, 0.944197, 0.374721, 0.006409, -0.944198, 0.329316, -0.0, 0.0, 0.0, 0.0, 1.0],
                [0.999945, 0.008631, 0.005943, 0.0, -0.008699, 0.367574, 0.929954, 0.374721, 0.005842, -0.929954, 0.367629, -0.0, 0.0, 0.0, 0.0, 1.0],
                [0.999941, 0.008706, 0.006476, 0.0, -0.008776, 0.297883, 0.954562, 0.374721, 0.006381, -0.954562, 0.297942, 0.0, 0.0, 0.0, 0.0, 1.0],
                [0.999929, 0.008891, 0.007929, 0.0, -0.008964, 0.123136, 0.99235, 0.374722, 0.007847, -0.99235, 0.123207, 0.0, 0.0, 0.0, 0.0, 1.0],
                [0.999917, 0.008788, 0.00935, 0.0, -0.008862, -0.05408, 0.998497, 0.374721, 0.009281, -0.998497, -0.053998, 0.0, 0.0, 0.0, 0.0, 1.0],
                [0.999912, 0.00852, 0.010198, -0.0, -0.008593, -0.170838, 0.985261, 0.374722, 0.010137, -0.985262, -0.17075, 0.0, 0.0, 0.0, 0.0, 1.0],
                [0.999911, 0.008284, 0.010479, 0.0, -0.008356, -0.224191, 0.97451, 0.374722, 0.010422, -0.97451, -0.224101, 0.0, 0.0, 0.0, 0.0, 1.0],
                [0.999911, 0.00807, 0.010618, -0.0, -0.008141, -0.26128, 0.965229, 0.374721, 0.010564, -0.965229, -0.261191, 0.0, 0.0, 0.0, 0.0, 1.0],
                [0.999911, 0.007841, 0.010801, 0.0, -0.007911, -0.303582, 0.952772, 0.374721, 0.01075, -0.952773, -0.303493, -0.0, 0.0, 0.0, 0.0, 1.0],
                [0.999908, 0.007255, 0.01144, 0.0, -0.007322, -0.421028, 0.907018, 0.374721, 0.011397, -0.907018, -0.420936, -0.0, 0.0, 0.0, 0.0, 1.0],
                [0.999901, 0.006229, 0.012607, 0.0, -0.006288, -0.603809, 0.797104, 0.374721, 0.012578, -0.797104, -0.60371, -0.0, 0.0, 0.0, 0.0, 1.0],
                [0.999963, 0.007247, 0.004705, -0.0, -0.007314, 0.420003, 0.907493, 0.374722, 0.0046, -0.907494, 0.42004, 0.0, 0.0, 0.0, 0.0, 1.0],
                [0.99996, 0.007495, 0.00495, -0.0, -0.007563, 0.405176, 0.914208, 0.374721, 0.004847, -0.914208, 0.405216, -0.0, 0.0, 0.0, 0.0, 1.0],
                [0.999958, 0.007675, 0.004994, -0.0, -0.007742, 0.417495, 0.908646, 0.374721, 0.004889, -0.908647, 0.417537, -0.0, 0.0, 0.0, 0.0, 1.0],
                [0.999958, 0.007748, 0.004905, -0.0, -0.007814, 0.440068, 0.897931, 0.374722, 0.004799, -0.897931, 0.44011, -0.0, 0.0, 0.0, 0.0, 1.0],
                [0.999959, 0.007772, 0.004723, 0.0, -0.007837, 0.472918, 0.881071, 0.374722, 0.004614, -0.881072, 0.47296, -0.0, 0.0, 0.0, 0.0, 1.0],
                [0.99996, 0.007734, 0.004453, -0.0, -0.007797, 0.51443, 0.857497, 0.374722, 0.004341, -0.857497, 0.51447, -0.0, 0.0, 0.0, 0.0, 1.0],
                [0.999964, 0.007536, 0.00391, 0.0, -0.007596, 0.58836, 0.808564, 0.374721, 0.003793, -0.808564, 0.588396, -0.0, 0.0, 0.0, 0.0, 1.0],
                [0.99997, 0.00715, 0.003262, 0.0, -0.007205, 0.668222, 0.743927, 0.374721, 0.003139, -0.743927, 0.668253, 0.0, 0.0, 0.0, 0.0, 1.0],
                [0.999977, 0.006383, 0.002392, 0.0, -0.006431, 0.766858, 0.641785, 0.374721, 0.002262, -0.641785, 0.766881, 0.0, 0.0, 0.0, 0.0, 1.0],
                [0.999985, 0.005222, 0.001555, 0.0, -0.005261, 0.851029, 0.525093, 0.374721, 0.001419, -0.525093, 0.851044, 0.0, 0.0, 0.0, 0.0, 1.0]
            ]
        },
        {
            "name": "Knee_L",
            "time": [0.0, 0.8],
            "transform": [
                [1.0, 0.0, -0.0, -0.0, -0.0, 0.002669, -0.999996, 0.39132, -0.0, 0.999997, 0.002669, -0.001044, 0.0, 0.0, 0.0, 1.0],
                [1.0, 0.0, -0.0, 0.0, -0.0, 0.002669, -0.999997, 0.387834, -0.0, 0.999996, 0.002669, -0.001035, 0.0, 0.0, 0.0, 1.0]
            ]
        },
        {
            "name": "Torso",
            "time": [0.0, 0.01, 0.02, 0.03, 0.04, 0.05, 0.06, 0.07, 0.08, 0.09, 0.1, 0.11, 0.12, 0.13, 0.14, 0.15, 0.16, 0.17, 0.18, 0.19, 0.2, 0.21, 0.22, 0.23, 0.24, 0.25, 0.26, 0.27, 0.28, 0.29, 0.3, 0.31, 0.32, 0.33, 0.34, 0.35, 0.36, 0.37, 0.38, 0.39, 0.4, 0.41, 0.42, 0.43, 0.44, 0.45, 0.46, 0.47, 0.48, 0.49, 0.5, 0.51, 0.52, 0.53, 0.54, 0.55, 0.56, 0.57, 0.58, 0.59, 0.6, 0.61, 0.62, 0.63, 0.64, 0.65, 0.66, 0.67, 0.68, 0.69, 0.7, 0.71, 0.72, 0.73, 0.74, 0.75, 0.76, 0.77, 0.78, 0.79, 0.8],
            "transform": [
                [0.926087, 0.167426, 0.338129, 0.0, -0.150302, 0.985683, -0.076408, 0.05, -0.34608, 0.01994, 0.937993, 0.0, 0.0, 0.0, 0.0, 1.0],
                [0.91658, 0.163123, 0.365065, 0.0, -0.156297, 0.986524, -0.048392, 0.05, -0.368039, -0.012703, 0.929723, -0.0, 0.0, 0.0, 0.0, 1.0],
                [0.889149, 0.149213, 0.432607, 0.0, -0.173776, 0.984629, 0.017554, 0.05, -0.423338, -0.090784, 0.901412, 0.0, 0.0, 0.0, 0.0, 1.0],
                [0.845203, 0.124927, 0.51964, -0.0, -0.201311, 0.975102, 0.09301, 0.05, -0.495083, -0.183221, 0.849307, 0.0, 0.0, 0.0, 0.0, 1.0],
                [0.789312, 0.096294, 0.606395, -0.0, -0.232407, 0.960997, 0.149908, 0.05, -0.568308, -0.259254, 0.780905, 0.0, 0.0, 0.0, 0.0, 1.0],
                [0.730217, 0.077812, 0.678769, -0.0, -0.254471, 0.952985, 0.164512, 0.05, -0.634056, -0.292856, 0.715687, -0.0, 0.0, 0.0, 0.0, 1.0],
                [0.678962, 0.073188, 0.730516, -0.0, -0.264926, 0.952402, 0.150811, 0.05, -0.684708, -0.295928, 0.666034, -0.0, 0.0, 0.0, 0.0, 1.0],
                [0.64002, 0.072523, 0.764928, 0.0, -0.272194, 0.952375, 0.137452, 0.05, -0.718529, -0.296181, 0.629279, -0.0, 0.0, 0.0, 0.0, 1.0],
                [0.613578, 0.074247, 0.786136, -0.0, -0.276847, 0.952603, 0.126109, 0.05, -0.739512, -0.295018, 0.605051, -0.0, 0.0, 0.0, 0.0, 1.0],
                [0.598808, 0.076616, 0.79722, 0.0, -0.279394, 0.952863, 0.118284, 0.05, -0.750579, -0.293567, 0.591988, -0.0, 0.0, 0.0, 0.0, 1.0],
                [0.594273, 0.077812, 0.800491, 0.0, -0.280193, 0.952985, 0.115376, 0.05, -0.753878, -0.292856, 0.588135, -0.0, 0.0, 0.0, 0.0, 1.0],
                [0.616784, 0.061955, 0.784691, -0.0, -0.283547, 0.947458, 0.148068, 0.05, -0.734288, -0.313823, 0.601944, -0.0, 0.0, 0.0, 0.0, 1.0],
                [0.676605, 0.027182, 0.735845, 0.0, -0.285374, 0.930898, 0.228013, 0.05, -0.678799, -0.364265, 0.637607, -0.0, 0.0, 0.0, 0.0, 1.0],
                [0.759094, -0.006626, 0.650948, 0.0, -0.272384, 0.904974, 0.326848, 0.05, -0.591256, -0.425416, 0.685155, -0.0, 0.0, 0.0, 0.0, 1.0],
                [0.846898, -0.023191, 0.531249, 0.0, -0.236482, 0.878391, 0.415337, 0.05, -0.476277, -0.477379, 0.738423, -0.0, 0.0, 0.0, 0.0, 1.0],
                [0.923639, -0.014512, 0.38299, 0.0, -0.179482, 0.86656, 0.465683, 0.05, -0.338642, -0.498862, 0.797783, 0.0, 0.0, 0.0, 0.0, 1.0],
                [0.976627, 0.013816, 0.214499, 0.0, -0.114656, 0.877583, 0.465512, 0.05, -0.181809, -0.479225, 0.858655, -0.0, 0.0, 0.0, 0.0, 1.0],
                [0.998089, 0.044415, 0.042951, 0.0, -0.058577, 0.901335, 0.429143, 0.05, -0.019652, -0.430839, 0.902215, 0.0, 0.0, 0.0, 0.0, 1.0],
                [0.992084, 0.065797, -0.106961, -0.0, -0.021039, 0.926793, 0.374982, 0.05, 0.123803, -0.369763, 0.920841, 0.0, 0.0, 0.0, 0.0, 1.0],
                [0.974527, 0.075634, -0.211133, 0.0, -0.00285, 0.945518, 0.325556, 0.05, 0.224253, -0.316661, 0.921649, -0.0, 0.0, 0.0, 0.0, 1.0],
                [0.965127, 0.077812, -0.249951, 0.0, 0.001642, 0.952985, 0.303013, 0.05, 0.261778, -0.292856, 0.919624, 0.0, 0.0, 0.0, 0.0, 1.0],
                [0.96913, 0.075823, -0.234601, 0.0, -0.001653, 0.953513, 0.301348, 0.05, 0.246544, -0.291657, 0.924203, -0.0, 0.0, 0.0, 0.0, 1.0],
                [0.979044, 0.070827, -0.190934, 0.0, -0.010342, 0.953653, 0.30073, 0.05, 0.203384, -0.292454, 0.934401, 0.0, 0.0, 0.0, 0.0, 1.0],
                [0.990424, 0.063261, -0.122711, 0.0, -0.023688, 0.953525, 0.300382, 0.05, 0.136011, -0.294599, 0.945892, -0.0, 0.0, 0.0, 0.0, 1.0],
                [0.997983, 0.053543, -0.034094, 0.0, -0.040916, 0.953258, 0.299374, 0.05, 0.04853, -0.297375, 0.953527, 0.0, 0.0, 0.0, 0.0, 1.0],
                [0.996677, 0.042182, 0.069681, 0.0, -0.061084, 0.952978, 0.29682, 0.05, -0.053884, -0.30009, 0.952388, 0.0, 0.0, 0.0, 0.0, 1.0],
                [0.982819, 0.029839, 0.182142, 0.0, -0.083057, 0.95278, 0.292082, 0.05, -0.164826, -0.302192, 0.938889, -0.0, 0.0, 0.0, 0.0, 1.0],
                [0.955015, 0.017308, 0.296053, 0.0, -0.105593, 0.952716, 0.284926, 0.05, -0.277123, -0.30337, 0.911685, 0.0, 0.0, 0.0, 0.0, 1.0],
                [0.914585, 0.005429, 0.404358, 0.0, -0.127505, 0.952779, 0.2756, 0.05, -0.383767, -0.303617, 0.872089, -0.0, 0.0, 0.0, 0.0, 1.0],
                [0.865318, -0.005009, 0.501198, 0.0, -0.147851, 0.952905, 0.264788, 0.05, -0.478921, -0.303228, 0.823825, 0.0, 0.0, 0.0, 0.0, 1.0],
                [0.812679, -0.01335, 0.582559, 0.0, -0.166045, 0.952985, 0.253473, 0.05, -0.558554, -0.302723, 0.772254, -0.0, 0.0, 0.0, 0.0, 1.0],
                [0.762206, -0.019232, 0.647048, -0.0, -0.181931, 0.952906, 0.242633, 0.05, -0.621242, -0.302655, 0.722812, -0.0, 0.0, 0.0, 0.0, 1.0],
                [0.716569, -0.022969, 0.697138, -0.0, -0.195777, 0.952658, 0.232622, 0.05, -0.669478, -0.303173, 0.678149, -0.0, 0.0, 0.0, 0.0, 1.0],
                [0.676868, -0.024965, 0.735681, -0.0, -0.207832, 0.952281, 0.223532, 0.05, -0.706156, -0.304199, 0.63938, -0.0, 0.0, 0.0, 0.0, 1.0],
                [0.643528, -0.025548, 0.764996, -0.0, -0.218236, 0.951834, 0.215371, 0.05, -0.733652, -0.305547, 0.606956, 0.0, 0.0, 0.0, 0.0, 1.0],
                [0.616548, -0.024993, 0.786921, -0.0, -0.227031, 0.951395, 0.208094, 0.05, -0.753874, -0.306956, 0.580907, -0.0, 0.0, 0.0, 0.0, 1.0],
                [0.595661, -0.02354, 0.802891, 0.0, -0.234174, 0.951059, 0.201616, 0.05, -0.768342, -0.308111, 0.560997, -0.0, 0.0, 0.0, 0.0, 1.0],
                [0.580429, -0.021414, 0.81403, 0.0, -0.239546, 0.950933, 0.195819, 0.05, -0.778281, -0.308656, 0.546819, -0.0, 0.0, 0.0, 0.0, 1.0],
                [0.570294, -0.018842, 0.821224, 0.0, -0.242973, 0.951133, 0.190553, 0.05, -0.784684, -0.308207, 0.537848, -0.0, 0.0, 0.0, 0.0, 1.0],
                [0.564612, -0.016065, 0.8252, -0.0, -0.244241, 0.951779, 0.185642, 0.05, -0.788391, -0.306363, 0.533462, 0.0, 0.0, 0.0, 0.0, 1.0],
                [0.562662, -0.01335, 0.826579, -0.0, -0.24311, 0.952985, 0.180879, 0.05, -0.790132, -0.302723, 0.532963, 0.0, 0.0, 0.0, 0.0, 1.0],
                [0.563406, -0.010276, 0.826117, -0.0, -0.24006, 0.954745, 0.175596, 0.05, -0.790535, -0.297249, 0.535442, 0.0, 0.0, 0.0, 0.0, 1.0],
                [0.566221, -0.006039, 0.824232, 0.0, -0.236031, 0.956909, 0.169157, 0.05, -0.789737, -0.290324, 0.540396, 0.0, 0.0, 0.0, 0.0, 1.0],
                [0.571025, -0.000913, 0.820933, 0.0, -0.230916, 0.959445, 0.161687, 0.05, -0.787787, -0.281894, 0.547656, 0.0, 0.0, 0.0, 0.0, 1.0],
                [0.577702, 0.005074, 0.816232, -0.0, -0.224859, 0.962278, 0.153166, 0.05, -0.784665, -0.272021, 0.55705, 0.0, 0.0, 0.0, 0.0, 1.0],
                [0.586137, 0.01182, 0.810126, 0.0, -0.217946, 0.965338, 0.143602, 0.05, -0.780348, -0.260734, 0.568397, -0.0, 0.0, 0.0, 0.0, 1.0],
                [0.59621, 0.019219, 0.802598, 0.0, -0.210267, 0.968554, 0.133004, 0.05, -0.774804, -0.248058, 0.581503, -0.0, 0.0, 0.0, 0.0, 1.0],
                [0.607794, 0.02716, 0.79363, -0.0, -0.201918, 0.971852, 0.121377, 0.05, -0.767995, -0.23402, 0.59617, 0.0, 0.0, 0.0, 0.0, 1.0],
                [0.620753, 0.035525, 0.783201, 0.0, -0.192997, 0.975156, 0.108734, 0.05, -0.75988, -0.218652, 0.612187, -0.0, 0.0, 0.0, 0.0, 1.0],
                [0.634945, 0.044194, 0.771292, 0.0, -0.183606, 0.97839, 0.095088, 0.05, -0.750422, -0.20199, 0.629338, 0.0, 0.0, 0.0, 0.0, 1.0],
                [0.65022, 0.053043, 0.757892, 0.0, -0.173853, 0.981479, 0.080463, 0.05, -0.739588, -0.18408, 0.647399, -0.0, 0.0, 0.0, 0.0, 1.0],
                [0.666419, 0.061947, 0.742999, 0.0, -0.163845, 0.98435, 0.064888, 0.05, -0.727351, -0.16498, 0.666139, -0.0, 0.0, 0.0, 0.0, 1.0],
                [0.68338, 0.070782, 0.726623, 0.0, -0.153692, 0.986932, 0.048407, 0.05, -0.713702, -0.144757, 0.685329, -0.0, 0.0, 0.0, 0.0, 1.0],
                [0.700933, 0.079425, 0.708791, -0.0, -0.143505, 0.989162, 0.031071, 0.05, -0.698642, -0.123494, 0.704733, 0.0, 0.0, 0.0, 0.0, 1.0],
                [0.718903, 0.087759, 0.689548, 0.0, -0.133391, 0.990979, 0.012947, 0.05, -0.682191, -0.101287, 0.724124, -0.0, 0.0, 0.0, 0.0, 1.0],
                [0.737118, 0.095675, 0.668957, 0.0, -0.123456, 0.992333, -0.005889, 0.05, -0.664392, -0.078246, 0.743278, -0.0, 0.0, 0.0, 0.0, 1.0],
                [0.755402, 0.10307, 0.647105, 0.0, -0.1138, 0.99318, -0.025346, 0.05, -0.645304, -0.054494, 0.76198, -0.0, 0.0, 0.0, 0.0, 1.0],
                [0.773586, 0.109854, 0.624097, 0.0, -0.104518, 0.99349, -0.045322, 0.05, -0.625012, -0.030169, 0.780032, 0.0, 0.0, 0.0, 0.0, 1.0],
                [0.791507, 0.115951, 0.60006, 0.0, -0.095692, 0.99324, -0.065704, 0.05, -0.603622, -0.005416, 0.797252, 0.0, 0.0, 0.0, 0.0, 1.0],
                [0.809011, 0.121301, 0.575141, -0.0, -0.087399, 0.992422, -0.08637, 0.05, -0.58126, 0.019608, 0.813482, 0.0, 0.0, 0.0, 0.0, 1.0],
                [0.825956, 0.125858, 0.549505, 0.0, -0.079699, 0.991039, -0.107191, 0.05, -0.558072, 0.044741, 0.828586, 0.0, 0.0, 0.0, 0.0, 1.0],
                [0.842217, 0.129596, 0.523331, -0.0, -0.072641, 0.989106, -0.128034, 0.05, -0.534223, 0.069817, 0.842456, -0.0, 0.0, 0.0, 0.0, 1.0],
                [0.857683, 0.132505, 0.496811, 0.0, -0.066261, 0.986651, -0.148761, 0.05, -0.509891, 0.09467, 0.855014, -0.0, 0.0, 0.0, 0.0, 1.0],
                [0.872264, 0.134597, 0.470147, 0.0, -0.060577, 0.983712, -0.169235, 0.05, -0.485268, 0.119137, 0.866211, -0.0, 0.0, 0.0, 0.0, 1.0],
                [0.885889, 0.135897, 0.443545, 0.0, -0.055597, 0.98034, -0.189321, 0.05, -0.460553, 0.143058, 0.876028, 0.0, 0.0, 0.0, 0.0, 1.0],
                [0.898507, 0.13645, 0.417214, 0.0, -0.051312, 0.976592, -0.208889, 0.05, -0.435951, 0.16628, 0.884476, 0.0, 0.0, 0.0, 0.0, 1.0],
                [0.910085, 0.136313, 0.391361, 0.0, -0.047701, 0.972536, -0.227813, 0.05, -0.411667, 0.188661, 0.891593, 0.0, 0.0, 0.0, 0.0, 1.0],
                [0.920613, 0.135558, 0.366192, 0.0, -0.044729, 0.968243, -0.245976, 0.05, -0.387907, 0.210069, 0.89744, 0.0, 0.0, 0.0, 0.0, 1.0],
                [0.930094, 0.134267, 0.341903, -0.0, -0.042354, 0.963793, -0.263267, 0.05, -0.364872, 0.230382, 0.902104, 0.0, 0.0, 0.0, 0.0, 1.0],
                [0.93855, 0.132532, 0.318685, 0.0, -0.040523, 0.959264, -0.279588, 0.05, -0.342758, 0.249493, 0.905688, -0.0, 0.0, 0.0, 0.0, 1.0],
