{
    "animation": [
        {
            "name": "Root",
            "time": [0.0, 0.1, 0.2, 0.29, 0.4, 0.5, 0.6, 0.75, 0.9, 0.98, 1.1, 1.2, 1.35, 1.74, 2.1],
            "transform": [
                [0.994801, -0.004577, -0.10174, 0.006964, -0.10176, -0.004349, -0.994799, 0.024774, 0.00411, 0.99998, -0.004792, 0.751244, 0.0, 0.0, 0.0, 1.0],
                [0.764497, 0.01384, -0.644478, 0.022735, -0.642694, 0.093739, -0.760367, -0.028429, 0.049889, 0.995501, 0.080558, 0.708165, 0.0, 0.0, 0.0, 1.0],
                [0.410814, 0.062774, -0.909555, 0.034381, -0.90485, 0.150302, -0.398316, -0.067714, 0.111704, 0.986645, 0.118548, 0.676354, 0.0, 0.0, 0.0, 1.0],
                [0.294612, 0.080466, -0.952223, 0.037799, -0.946547, 0.161534, -0.279206, -0.079245, 0.13135, 0.983581, 0.123754, 0.667018, 0.0, 0.0, 0.0, 1.0],
                [0.270486, 0.084213, -0.959034, 0.038506, -0.953155, 0.163527, -0.254469, -0.081631, 0.135398, 0.982938, 0.1245, 0.665086, 0.0, 0.0, 0.0, 1.0],
                [0.270486, 0.084213, -0.959034, 0.038506, -0.953155, 0.163527, -0.254469, -0.081631, 0.135398, 0.982938, 0.1245, 0.665086, 0.0, 0.0, 0.0, 1.0],
                [0.993259, 0.018707, -0.114396, 0.011785, -0.115615, 0.230871, -0.966091, 0.003971, 0.008338, 0.972804, 0.231478, 0.656424, 0.0, 0.0, 0.0, 1.0],
                [0.993259, 0.018707, -0.114396, -0.002604, -0.115615, 0.230871, -0.966091, -0.043645, 0.008338, 0.972804, 0.231478, 0.650701, 0.0, 0.0, 0.0, 1.0],
                [0.993259, 0.018707, -0.114396, -0.002873, -0.115615, 0.230871, -0.966091, -0.051136, 0.008338, 0.972804, 0.231478, 0.643207, 0.0, 0.0, 0.0, 1.0],
                [0.99298, 0.018176, -0.116878, -0.01542, -0.11633, 0.328877, -0.937181, -0.176907, 0.021404, 0.944198, 0.328682, 0.551233, 0.0, 0.0, 0.0, 1.0],
                [0.992685, 0.017903, -0.1194, -0.024868, -0.115708, 0.423453, -0.898498, -0.1982, 0.034474, 0.905741, 0.422427, 0.601725, 0.0, 0.0, 0.0, 1.0],
                [0.992685, 0.017903, -0.1194, -0.024868, -0.115708, 0.423453, -0.898498, -0.1982, 0.034474, 0.905741, 0.422427, 0.601725, 0.0, 0.0, 0.0, 1.0],
                [0.799502, 0.09455, -0.593175, 0.072815, -0.563687, -0.223032, -0.795307, -0.458389, -0.207493, 0.970215, -0.125019, 0.586104, 0.0, 0.0, 0.0, 1.0],
                [0.99317, -0.002947, -0.116637, 0.035804, -0.107548, 0.364465, -0.924986, -0.707013, 0.045236, 0.931212, 0.361659, 0.590898, 0.0, 0.0, 0.0, 1.0],
                [0.99317, -0.002947, -0.116637, 0.033552, -0.107548, 0.364465, -0.924986, -0.789994, 0.045236, 0.931212, 0.361659, 0.565846, 0.0, 0.0, 0.0, 1.0]
            ]
        },
        {
            "name": "Thigh_R",
            "time": [0.0, 0.1, 0.2, 0.29, 0.4, 0.5, 0.6, 0.75, 0.9, 0.98, 1.1, 1.2, 1.35, 1.74, 2.1],
            "transform": [
                [0.998989, 0.028415, -0.03485, 0.124994, 0.033364, -0.987994, 0.150842, -0.002831, -0.030145, -0.151852, -0.987944, -1.2e-05, 0.0, 0.0, 0.0, 1.0],
                [0.913007, 0.016134, -0.407626, 0.124994, 0.121001, -0.96496, 0.232827, -0.002831, -0.389587, -0.261896, -0.882968, -1.2e-05, 0.0, 0.0, 0.0, 1.0],
                [0.725164, 0.098609, -0.68148, 0.124994, 0.269812, -0.951242, 0.149463, -0.002831, -0.633514, -0.292256, -0.716412, -1.2e-05, 0.0, 0.0, 0.0, 1.0],
                [0.657427, 0.156189, -0.737153, 0.124994, 0.321577, -0.942876, 0.087018, -0.002831, -0.681454, -0.294259, -0.670099, -1.2e-05, 0.0, 0.0, 0.0, 1.0],
                [0.643161, 0.172139, -0.746131, 0.124994, 0.332493, -0.940532, 0.069617, -0.002831, -0.689777, -0.292859, -0.662149, -1.2e-05, 0.0, 0.0, 0.0, 1.0],
                [0.643161, 0.172139, -0.746131, 0.124994, 0.332493, -0.940532, 0.069617, -0.002831, -0.689777, -0.292859, -0.662149, -1.2e-05, 0.0, 0.0, 0.0, 1.0],
                [0.999877, -0.002278, -0.015532, 0.124994, 0.013198, -0.413739, 0.910299, -0.002831, -0.0085, -0.910392, -0.413659, -1.2e-05, 0.0, 0.0, 0.0, 1.0],
                [0.999877, -0.002278, -0.015532, 0.124994, 0.013198, -0.41374, 0.910299, -0.002831, -0.0085, -0.910391, -0.413659, -1.2e-05, 0.0, 0.0, 0.0, 1.0],
                [0.999877, -0.002278, -0.015532, 0.124994, 0.013198, -0.41374, 0.910299, -0.002831, -0.0085, -0.910391, -0.413659, -1.2e-05, 0.0, 0.0, 0.0, 1.0],
                [0.999664, 0.010977, -0.023489, 0.124994, 0.025916, -0.39615, 0.91782, -0.002831, 0.00077, -0.918119, -0.396301, -1.2e-05, 0.0, 0.0, 0.0, 1.0],
                [0.999176, 0.033144, -0.023461, 0.124994, 0.037833, -0.549927, 0.834355, -0.002831, 0.014752, -0.834554, -0.550728, -1.2e-05, 0.0, 0.0, 0.0, 1.0],
                [0.999176, 0.033144, -0.023461, 0.124994, 0.037833, -0.549927, 0.834355, -0.002831, 0.014752, -0.834554, -0.550728, -1.2e-05, 0.0, 0.0, 0.0, 1.0],
                [0.832955, -0.075675, -0.548142, 0.124994, 0.225403, -0.858286, 0.461017, -0.002831, -0.505351, -0.507558, -0.697857, -1.2e-05, 0.0, 0.0, 0.0, 1.0],
                [0.980711, -0.046149, -0.189939, 0.124994, 0.121554, -0.616987, 0.777528, -0.002831, -0.153073, -0.785618, -0.599477, -1.2e-05, 0.0, 0.0, 0.0, 1.0],
                [0.97969, -0.071999, -0.187145, 0.124994, 0.129551, -0.485091, 0.864814, -0.002831, -0.153049, -0.871494, -0.465912, -1.2e-05, 0.0, 0.0, 0.0, 1.0]
            ]
        },
        {
            "name": "Leg_R",
            "time": [0.0, 0.1, 0.2, 0.29, 0.4, 0.5, 0.6, 0.75, 0.9, 0.98, 1.1, 1.2, 1.35, 1.74, 2.1],
            "transform": [
                [1.0, -0.0, 1e-06, 0.0, -0.0, 0.945594, 0.325362, 0.374726, -1e-06, -0.325365, 0.945583, 0.0, 0.0, 0.0, 0.0, 1.0],
                [1.000001, -0.0, 1e-06, -0.0, -0.0, 0.8252, 0.564844, 0.374726, -1e-06, -0.56485, 0.82519, -0.0, 0.0, 0.0, 0.0, 1.0],
                [1.0, -0.0, 1e-06, -0.0, -0.0, 0.881602, 0.471999, 0.374726, -1e-06, -0.472004, 0.881592, 0.0, 0.0, 0.0, 0.0, 1.0],
                [1.000001, -0.0, 1e-06, -0.0, -0.0, 0.9294, 0.369086, 0.374726, -1e-06, -0.36909, 0.929389, 0.0, 0.0, 0.0, 0.0, 1.0],
                [1.0, -0.0, 1e-06, -0.0, -0.0, 0.94125, 0.337725, 0.374726, -1e-06, -0.337728, 0.941239, 0.0, 0.0, 0.0, 0.0, 1.0],
                [1.0, -0.0, 1e-06, -0.0, -0.0, 0.94125, 0.337725, 0.374726, -1e-06, -0.337728, 0.941239, 0.0, 0.0, 0.0, 0.0, 1.0],
                [1.000001, -1e-06, 1e-06, 0.0, -0.0, 0.713474, 0.700682, 0.374726, -1e-06, -0.700689, 0.713466, 0.0, 0.0, 0.0, 0.0, 1.0],
                [1.000001, -1e-06, 1e-06, 0.0, -0.0, 0.713475, 0.700682, 0.374726, -1e-06, -0.700689, 0.713466, -0.0, 0.0, 0.0, 0.0, 1.0],
                [1.000001, -1e-06, 1e-06, 0.0, -0.0, 0.713475, 0.700681, 0.374726, -1e-06, -0.700689, 0.713467, 0.0, 0.0, 0.0, 0.0, 1.0],
                [1.000001, -1e-06, 1e-06, 0.0, -0.0, 0.409039, 0.912513, 0.374726, -1e-06, -0.912522, 0.409034, 0.0, 0.0, 0.0, 0.0, 1.0],
                [1.0, -1e-06, 1e-06, 0.0, -0.0, 0.360479, 0.932764, 0.374726, -1e-06, -0.932773, 0.360474, 0.0, 0.0, 0.0, 0.0, 1.0],
                [1.0, -1e-06, 1e-06, 0.0, -0.0, 0.360479, 0.932764, 0.374726, -1e-06, -0.932773, 0.360474, 0.0, 0.0, 0.0, 0.0, 1.0],
                [1.0, -1e-06, 0.0, 0.0, -0.0, 0.236505, 0.971626, 0.374726, -1e-06, -0.971635, 0.236502, 0.0, 0.0, 0.0, 0.0, 1.0],
                [1.000001, -1e-06, 1e-06, 0.0, -0.0, 0.375883, 0.926663, 0.374726, -1e-06, -0.926673, 0.375878, 0.0, 0.0, 0.0, 0.0, 1.0],
                [1.000001, -1e-06, 0.0, 0.0, -0.0, 0.167011, 0.98595, 0.374726, -1e-06, -0.98596, 0.167009, 0.0, 0.0, 0.0, 0.0, 1.0]
            ]
        },
        {
            "name": "Knee_R",
            "time": [0.0, 2.1],
            "transform": [
                [1.0, 0.0, -0.0, -0.0, -0.0, 0.00567, -0.999984, 0.374726, -0.0, 0.999984, 0.00567, -0.0, 0.0, 0.0, 0.0, 1.0],
                [1.0, 0.0, -0.0, 0.0, -0.0, 0.00567, -0.999984, 0.465908, -0.0, 0.999984, 0.00567, -0.000517, 0.0, 0.0, 0.0, 1.0]
            ]
        },
        {
            "name": "Thigh_L",
            "time": [0.0, 0.1, 0.2, 0.29, 0.4, 0.5, 0.6, 0.75, 0.9, 0.98, 1.1, 1.2, 1.35, 1.74, 2.1],
            "transform": [
                [0.996921, -0.07393, -0.026117, -0.125006, -0.067629, -0.979315, 0.190705, -0.002831, -0.039675, -0.188351, -0.981299, -1.2e-05, 0.0, 0.0, 0.0, 1.0],
                [0.813922, -0.367574, -0.449911, -0.125006, -0.136718, -0.873844, 0.466589, -0.002831, -0.564659, -0.318256, -0.761494, -1.2e-05, 0.0, 0.0, 0.0, 1.0],
                [0.500903, -0.59282, -0.630604, -0.125006, -0.198106, -0.787785, 0.583222, -0.002831, -0.842526, -0.167211, -0.512045, -1.2e-05, 0.0, 0.0, 0.0, 1.0],
                [0.397356, -0.638383, -0.659224, -0.125006, -0.217897, -0.763462, 0.607985, -0.002831, -0.89142, -0.097944, -0.442467, -1.2e-05, 0.0, 0.0, 0.0, 1.0],
                [0.375957, -0.646332, -0.664011, -0.125006, -0.222099, -0.758547, 0.6126, -0.002831, -0.899627, -0.082836, -0.42873, -1.2e-05, 0.0, 0.0, 0.0, 1.0],
                [0.375957, -0.646332, -0.664011, -0.125006, -0.222099, -0.758547, 0.6126, -0.002831, -0.899627, -0.082836, -0.42873, -1.2e-05, 0.0, 0.0, 0.0, 1.0],
                [0.974719, -0.15587, -0.160083, -0.125006, -0.156788, -0.987608, 0.006962, -0.002831, -0.159185, 0.018313, -0.987079, -1.2e-05, 0.0, 0.0, 0.0, 1.0],
                [0.974719, -0.15587, -0.160083, -0.125006, -0.156788, -0.987608, 0.006962, -0.002831, -0.159185, 0.018313, -0.987078, -1.2e-05, 0.0, 0.0, 0.0, 1.0],
                [0.974719, -0.15587, -0.160083, -0.125006, -0.156788, -0.987608, 0.006961, -0.002831, -0.159185, 0.018314, -0.987079, -1.2e-05, 0.0, 0.0, 0.0, 1.0],
                [0.962303, -0.271701, 0.012328, -0.125006, -0.054138, -0.146928, 0.987664, -0.002831, -0.266538, -0.9511, -0.156099, -1.2e-05, 0.0, 0.0, 0.0, 1.0],
                [0.987115, -0.157138, 0.030184, -0.125006, 0.080209, 0.649159, 0.756412, -0.002831, -0.138456, -0.744245, 0.653398, -1.2e-05, 0.0, 0.0, 0.0, 1.0],
                [0.987115, -0.157138, 0.030184, -0.125006, 0.080209, 0.649159, 0.756412, -0.002831, -0.138456, -0.744245, 0.653398, -1.2e-05, 0.0, 0.0, 0.0, 1.0],
                [0.724758, -0.529636, -0.440694, -0.125006, 0.149556, -0.503432, 0.850992, -0.002831, -0.672577, -0.682672, -0.285656, -1.2e-05, 0.0, 0.0, 0.0, 1.0],
                [0.973458, -0.223774, -0.04801, -0.125006, -0.180758, -0.880395, 0.438442, -0.002831, -0.14038, -0.418127, -0.897475, -1.2e-05, 0.0, 0.0, 0.0, 1.0],
                [0.97465, -0.206841, -0.085283, -0.125006, -0.166421, -0.925014, 0.341546, -0.002831, -0.149534, -0.318695, -0.935987, -1.2e-05, 0.0, 0.0, 0.0, 1.0]
            ]
        },
        {
            "name": "Leg_L",
            "time": [0.0, 0.1, 0.2, 0.29, 0.4, 0.5, 0.6, 0.75, 0.9, 0.98, 1.1, 1.2, 1.35, 1.74, 2.1],
            "transform": [
                [1.000001, -0.0, 1e-06, 0.0, -0.0, 0.948344, 0.317242, 0.374726, -1e-06, -0.317241, 0.948346, 0.0, 0.0, 0.0, 0.0, 1.0],
                [1.000001, -0.0, 1e-06, -0.0, -0.0, 0.711801, 0.702381, 0.374726, -1e-06, -0.70238, 0.711803, -0.0, 0.0, 0.0, 0.0, 1.0],
                [1.000001, -1e-06, 1e-06, -0.0, -0.0, 0.571558, 0.820562, 0.374726, -1e-06, -0.820561, 0.571559, -0.0, 0.0, 0.0, 0.0, 1.0],
                [1.000001, -1e-06, 1e-06, 0.0, -0.0, 0.539641, 0.841895, 0.374726, -1e-06, -0.841894, 0.539642, -0.0, 0.0, 0.0, 0.0, 1.0],
                [1.000001, -1e-06, 1e-06, 0.0, -0.0, 0.533612, 0.845729, 0.374726, -1e-06, -0.845728, 0.533614, -0.0, 0.0, 0.0, 0.0, 1.0],
                [1.000001, -1e-06, 1e-06, 0.0, -0.0, 0.533612, 0.845729, 0.374726, -1e-06, -0.845728, 0.533614, -0.0, 0.0, 0.0, 0.0, 1.0],
                [1.000001, -0.0, 1e-06, 0.0, -0.0, 0.879262, 0.476336, 0.374726, -1e-06, -0.476336, 0.879264, -0.0, 0.0, 0.0, 0.0, 1.0],
                [1.000001, -0.0, 1e-06, 0.0, -0.0, 0.879263, 0.476336, 0.374726, -1e-06, -0.476335, 0.879265, -0.0, 0.0, 0.0, 0.0, 1.0],
                [1.000001, -0.0, 1e-06, -0.0, -0.0, 0.879263, 0.476335, 0.374726, -1e-06, -0.476335, 0.879265, -0.0, 0.0, 0.0, 0.0, 1.0],
                [1.000001, -1e-06, 0.0, -0.0, -0.0, -0.262872, 0.964831, 0.374726, -1e-06, -0.96483, -0.262872, -0.0, 0.0, 0.0, 0.0, 1.0],
                [1.000001, -1e-06, 0.0, -0.0, -0.0, 0.044403, 0.999014, 0.374726, -1e-06, -0.999013, 0.044403, -0.0, 0.0, 0.0, 0.0, 1.0],
                [1.000001, -1e-06, 0.0, -0.0, -0.0, 0.044403, 0.999014, 0.374726, -1e-06, -0.999013, 0.044403, -0.0, 0.0, 0.0, 0.0, 1.0],
                [1.000001, -0.0, 1e-06, -0.0, 0.0, 0.999988, 0.004722, 0.374726, -1e-06, -0.004722, 0.99999, 0.0, 0.0, 0.0, 0.0, 1.0],
                [1.000001, -1e-06, 0.0, 0.0, -0.0, 0.31795, 0.948107, 0.374726, -1e-06, -0.948107, 0.317952, -0.0, 0.0, 0.0, 0.0, 1.0],
                [1.000001, -1e-06, 1e-06, -0.0, -0.0, 0.51515, 0.857099, 0.374726, -1e-06, -0.857099, 0.515152, -0.0, 0.0, 0.0, 0.0, 1.0]
            ]
        },
        {
            "name": "Knee_L",
            "time": [0.0, 2.1],
            "transform": [
                [1.0, 0.0, -0.0, 0.0, -0.0, 0.00567, -0.999984, 0.374726, -0.0, 0.999984, 0.00567, 0.0, 0.0, 0.0, 0.0, 1.0],
                [1.0, 0.0, -0.0, -0.0, -0.0, 0.00567, -0.999984, 0.426687, -0.0, 0.999984, 0.00567, -0.000295, 0.0, 0.0, 0.0, 1.0]
            ]
        },
        {
            "name": "Torso",
            "time": [0.0, 0.1, 0.2, 0.29, 0.4, 0.5, 0.6, 0.75, 0.9, 0.98, 1.1, 1.2, 1.35, 1.74, 2.1],
            "transform": [
                [1.0, -0.0, 0.0, 0.0, -0.0, 1.0, -0.0, 0.05, 0.0, 0.0, 1.0, -0.0, 0.0, 0.0, 0.0, 1.0],
                [1.0, 0.0, 0.0, -0.0, -0.0, 1.0, -0.0, 0.05, -0.0, 0.0, 1.0, -0.0, 0.0, 0.0, 0.0, 1.0],
                [1.0, -0.0, 0.0, 0.0, 0.0, 1.0, 0.0, 0.05, -0.0, -0.0, 1.0, 0.0, 0.0, 0.0, 0.0, 1.0],
                [1.0, -0.0, -0.0, -0.0, 0.0, 1.0, -0.0, 0.05, -0.0, 0.0, 1.0, 0.0, 0.0, 0.0, 0.0, 1.0],
                [1.0, 0.0, -0.0, 0.0, -0.0, 1.0, 0.0, 0.05, 0.0, 0.0, 1.0, 0.0, 0.0, 0.0, 0.0, 1.0],
                [1.0, 0.0, -0.0, 0.0, -0.0, 1.0, 0.0, 0.05, 0.0, 0.0, 1.0, 0.0, 0.0, 0.0, 0.0, 1.0],
                [1.0, 0.0, 0.0, 0.0, -0.0, 1.0, -0.0, 0.05, 0.0, 0.0, 1.0, 0.0, 0.0, 0.0, 0.0, 1.0],
                [1.0, 0.0, 0.0, 0.0, -0.0, 1.0, -0.0, 0.05, 0.0, 0.0, 1.0, -0.0, 0.0, 0.0, 0.0, 1.0],
                [1.0, 0.0, 0.0, -0.0, -0.0, 1.0, -0.0, 0.05, 0.0, 0.0, 1.0, 0.0, 0.0, 0.0, 0.0, 1.0],
                [1.0, 0.0, -0.0, 0.0, -0.0, 1.0, -0.0, 0.05, 0.0, 0.0, 1.0, -0.0, 0.0, 0.0, 0.0, 1.0],
                [1.0, -0.0, -0.0, 0.0, -0.0, 1.0, 0.0, 0.05, 0.0, -0.0, 1.0, -0.0, 0.0, 0.0, 0.0, 1.0],
                [1.0, -0.0, -0.0, 0.0, -0.0, 1.0, 0.0, 0.05, 0.0, -0.0, 1.0, -0.0, 0.0, 0.0, 0.0, 1.0],
                [1.0, 0.0, -0.0, 0.0, -0.0, 1.0, 0.0, 0.05, -0.0, -0.0, 1.0, 0.0, 0.0, 0.0, 0.0, 1.0],
                [1.0, -0.0, 0.0, -0.0, -0.0, 1.0, 0.0, 0.05, -0.0, -0.0, 1.0, -0.0, 0.0, 0.0, 0.0, 1.0],
                [1.0, -0.0, 0.0, 0.0, -0.0, 1.0, 0.0, 0.05, -0.0, -0.0, 1.0, -0.0, 0.0, 0.0, 0.0, 1.0]
            ]
        },
        {
            "name": "Chest",
            "time": [0.0, 0.1, 0.2, 0.29, 0.4, 0.5, 0.6, 0.75, 0.9, 0.98, 1.1, 1.2, 1.35, 1.74, 2.1],
            "transform": [
                [1.0, 0.0, -0.0, -0.0, 0.0, 1.0, -0.0, 0.3, 0.0, 0.0, 1.0, -0.0, 0.0, 0.0, 0.0, 1.0],
                [1.0, 0.0, -0.0, -0.0, 0.0, 1.0, -0.0, 0.3, -0.0, 0.0, 1.0, 0.0, 0.0, 0.0, 0.0, 1.0],
                [1.0, 0.0, 0.0, -0.0, -0.0, 1.0, -0.0, 0.3, 0.0, 0.0, 1.0, -0.0, 0.0, 0.0, 0.0, 1.0],
                [1.0, -0.0, -0.0, -0.0, 0.0, 1.0, 0.0, 0.3, 0.0, -0.0, 1.0, 0.0, 0.0, 0.0, 0.0, 1.0],
                [1.0, 0.0, -0.0, -0.0, -0.0, 1.0, -0.0, 0.3, -0.0, -0.0, 1.0, -0.0, 0.0, 0.0, 0.0, 1.0],
                [1.0, 0.0, -0.0, -0.0, -0.0, 1.0, -0.0, 0.3, -0.0, -0.0, 1.0, -0.0, 0.0, 0.0, 0.0, 1.0],
                [1.0, 0.0, -0.0, 0.0, 0.0, 1.0, -0.0, 0.3, 0.0, -0.0, 1.0, 0.0, 0.0, 0.0, 0.0, 1.0],
                [1.0, 0.0, -0.0, 0.0, 0.0, 1.0, -0.0, 0.3, 0.0, -0.0, 1.0, -0.0, 0.0, 0.0, 0.0, 1.0],
                [1.0, 0.0, -0.0, -0.0, 0.0, 1.0, -0.0, 0.3, 0.0, -0.0, 1.0, -0.0, 0.0, 0.0, 0.0, 1.0],
                [1.0, -0.0, -0.0, -0.0, -0.0, 1.0, 0.0, 0.3, 0.0, 0.0, 1.0, -0.0, 0.0, 0.0, 0.0, 1.0],
                [1.0, 0.0, -0.0, 0.0, 0.0, 1.0, 0.0, 0.3, 0.0, 0.0, 1.0, -0.0, 0.0, 0.0, 0.0, 1.0],
                [1.0, 0.0, -0.0, 0.0, 0.0, 1.0, 0.0, 0.3, 0.0, 0.0, 1.0, -0.0, 0.0, 0.0, 0.0, 1.0],
                [1.0, 0.0, 0.0, 0.0, 0.0, 1.0, 0.0, 0.3, 0.0, 0.0, 1.0, -0.0, 0.0, 0.0, 0.0, 1.0],
                [1.0, -0.0, -0.0, 0.0, -0.0, 1.0, 0.0, 0.3, 0.0, 0.0, 1.0, -0.0, 0.0, 0.0, 0.0, 1.0],
                [1.0, -0.0, -0.0, -0.0, -0.0, 1.0, 0.0, 0.3, 0.0, 0.0, 1.0, -0.0, 0.0, 0.0, 0.0, 1.0]
            ]
        },
        {
            "name": "Head",
            "time": [0.0, 0.1, 0.2, 0.29, 0.4, 0.5, 0.6, 0.75, 0.9, 0.98, 1.1, 1.2, 1.35, 1.74, 2.1],
            "transform": [
                [0.995745, -0.005637, 0.091978, 0.0, 0.002565, 0.999436, 0.033475, 0.4, -0.092115, -0.033096, 0.995198, -0.0, 0.0, 0.0, 0.0, 1.0],
                [0.944078, -0.050362, 0.325856, -0.0, 0.032528, 0.997671, 0.059951, 0.4, -0.328116, -0.045999, 0.943517, 0.0, 0.0, 0.0, 0.0, 1.0],
                [0.86949, -0.084706, 0.486634, 0.0, 0.050105, 0.99523, 0.08371, 0.4, -0.491404, -0.048402, 0.869586, 0.0, 0.0, 0.0, 0.0, 1.0],
                [0.842326, -0.094718, 0.530581, -0.0, 0.054385, 0.99435, 0.091169, 0.4, -0.536218, -0.047938, 0.842717, 0.0, 0.0, 0.0, 0.0, 1.0],
                [0.836432, -0.096778, 0.539459, -0.0, 0.055219, 0.994159, 0.092733, 0.4, -0.545283, -0.047777, 0.83689, -0.0, 0.0, 0.0, 0.0, 1.0],
                [0.836432, -0.096778, 0.539459, -0.0, 0.055219, 0.994159, 0.092733, 0.4, -0.545283, -0.047777, 0.83689, -0.0, 0.0, 0.0, 0.0, 1.0],
                [0.994879, 0.017473, 0.09955, -0.0, -0.017498, 0.999847, -0.000622, 0.4, -0.099546, -0.001123, 0.995032, -0.0, 0.0, 0.0, 0.0, 1.0],
                [0.994879, 0.017473, 0.09955, -0.0, -0.017498, 0.999847, -0.000622, 0.4, -0.099546, -0.001123, 0.995032, -0.0, 0.0, 0.0, 0.0, 1.0],
                [0.994879, 0.017473, 0.09955, -0.0, -0.017498, 0.999847, -0.000622, 0.4, -0.099546, -0.001123, 0.995032, 0.0, 0.0, 0.0, 0.0, 1.0],
                [0.994879, 0.017473, 0.09955, 0.0, -0.017498, 0.999847, -0.000622, 0.4, -0.099546, -0.001123, 0.995032, -0.0, 0.0, 0.0, 0.0, 1.0],
                [0.994879, 0.017473, 0.09955, -0.0, -0.017498, 0.999847, -0.000622, 0.4, -0.099546, -0.001123, 0.995032, -0.0, 0.0, 0.0, 0.0, 1.0],
                [0.994879, 0.017473, 0.09955, -0.0, -0.017498, 0.999847, -0.000622, 0.4, -0.099546, -0.001123, 0.995032, -0.0, 0.0, 0.0, 0.0, 1.0],
                [0.994879, 0.017473, 0.09955, -0.0, -0.017498, 0.999847, -0.000622, 0.4, -0.099545, -0.001123, 0.995032, -0.0, 0.0, 0.0, 0.0, 1.0],
                [0.99488, 0.017473, 0.09955, 0.0, -0.017498, 0.999847, -0.000622, 0.4, -0.099546, -0.001123, 0.995032, 0.0, 0.0, 0.0, 0.0, 1.0],
                [0.99488, 0.017473, 0.09955, -0.0, -0.017498, 0.999847, -0.000622, 0.4, -0.099546, -0.001123, 0.995032, -0.0, 0.0, 0.0, 0.0, 1.0]
            ]
        },
        {
            "name": "Shoulder_R",
            "time": [0.0, 0.1, 0.2, 0.29, 0.4, 0.5, 0.6, 0.75, 0.9, 0.98, 1.1, 1.2, 1.35, 1.74, 2.1],
            "transform": [
                [0.160324, 0.939818, 0.301726, 0.0, 0.026846, -0.309719, 0.950449, 0.4, 0.986699, -0.144279, -0.074886, -0.0, 0.0, 0.0, 0.0, 1.0],
                [0.160324, 0.939818, 0.301726, -0.0, 0.026846, -0.309719, 0.950449, 0.4, 0.986699, -0.144279, -0.074886, 0.0, 0.0, 0.0, 0.0, 1.0],
                [0.160324, 0.939818, 0.301726, 0.0, 0.026846, -0.309719, 0.950449, 0.4, 0.986699, -0.144279, -0.074886, 0.0, 0.0, 0.0, 0.0, 1.0],
                [0.160324, 0.939818, 0.301726, -0.0, 0.026846, -0.309719, 0.950449, 0.4, 0.986699, -0.144279, -0.074886, 0.0, 0.0, 0.0, 0.0, 1.0],
                [0.160324, 0.939818, 0.301726, -0.0, 0.026846, -0.309719, 0.950449, 0.4, 0.986699, -0.144279, -0.074886, -0.0, 0.0, 0.0, 0.0, 1.0],
                [0.160324, 0.939818, 0.301726, -0.0, 0.026846, -0.309719, 0.950449, 0.4, 0.986699, -0.144279, -0.074886, -0.0, 0.0, 0.0, 0.0, 1.0],
                [0.160324, 0.939818, 0.301726, -0.0, 0.026846, -0.309719, 0.950449, 0.4, 0.986699, -0.144279, -0.074886, -0.0, 0.0, 0.0, 0.0, 1.0],
                [0.160324, 0.939818, 0.301726, -0.0, 0.026846, -0.309719, 0.950449, 0.4, 0.986699, -0.144279, -0.074886, -0.0, 0.0, 0.0, 0.0, 1.0],
                [0.160324, 0.939818, 0.301726, -0.0, 0.026846, -0.309719, 0.950449, 0.4, 0.986699, -0.144279, -0.074886, 0.0, 0.0, 0.0, 0.0, 1.0],
                [0.160324, 0.939818, 0.301726, 0.0, 0.026847, -0.309719, 0.950449, 0.4, 0.986699, -0.144279, -0.074886, -0.0, 0.0, 0.0, 0.0, 1.0],
                [0.160324, 0.939818, 0.301726, -0.0, 0.026846, -0.309719, 0.950449, 0.4, 0.986699, -0.144279, -0.074886, -0.0, 0.0, 0.0, 0.0, 1.0],
                [0.160324, 0.939818, 0.301726, -0.0, 0.026846, -0.309719, 0.950449, 0.4, 0.986699, -0.144279, -0.074886, -0.0, 0.0, 0.0, 0.0, 1.0],
                [0.160324, 0.939818, 0.301726, -0.0, 0.026847, -0.309719, 0.950449, 0.4, 0.986699, -0.144279, -0.074886, -0.0, 0.0, 0.0, 0.0, 1.0],
                [0.160324, 0.939818, 0.301726, 0.0, 0.026846, -0.309719, 0.950449, 0.4, 0.986699, -0.144279, -0.074886, 0.0, 0.0, 0.0, 0.0, 1.0],
                [0.160324, 0.939818, 0.301726, -0.0, 0.026846, -0.309719, 0.950449, 0.4, 0.986699, -0.144279, -0.074886, -0.0, 0.0, 0.0, 0.0, 1.0]
            ]
        },
        {
            "name": "Arm_R",
            "time": [0.0, 0.1, 0.2, 0.29, 0.4, 0.5, 0.6, 0.75, 0.9, 0.98, 1.1, 1.2, 1.35, 1.74, 2.1],
            "transform": [
                [0.085397, 0.079919, -0.993137, 0.0, 0.943068, 0.315105, 0.106449, 0.39386, 0.32145, -0.945687, -0.048461, -0.0, 0.0, 0.0, 0.0, 1.0],
                [-0.224939, 0.581538, -0.781804, -0.0, 0.684957, 0.665032, 0.297603, 0.39386, 0.692992, -0.468559, -0.547919, 0.0, 0.0, 0.0, 0.0, 1.0],
                [-0.176381, 0.19842, -0.964117, 0.0, 0.114874, 0.97693, 0.180041, 0.393861, 0.977596, -0.078996, -0.195106, -0.0, 0.0, 0.0, 0.0, 1.0],
                [-0.104608, -0.003248, -0.994509, 0.0, -0.024007, 0.999713, -0.000739, 0.393861, 0.994224, 0.023798, -0.104656, -0.0, 0.0, 0.0, 0.0, 1.0],
                [-0.088774, -0.049947, -0.9948, 0.0, -0.048126, 0.997791, -0.045802, 0.39386, 0.994889, 0.043809, -0.090982, -0.0, 0.0, 0.0, 0.0, 1.0],
                [-0.088774, -0.049947, -0.9948, 0.0, -0.048126, 0.997791, -0.045802, 0.39386, 0.994889, 0.043809, -0.090982, -0.0, 0.0, 0.0, 0.0, 1.0],
                [0.074915, -0.853606, -0.515506, 0.0, 0.200523, 0.519294, -0.830738, 0.39386, 0.976821, -0.041136, 0.21007, 0.0, 0.0, 0.0, 0.0, 1.0],
                [0.015637, -0.89943, -0.436788, 0.0, -0.023811, 0.436383, -0.899447, 0.39386, 0.999594, 0.024464, -0.014594, 0.0, 0.0, 0.0, 0.0, 1.0],
                [0.015637, -0.89943, -0.436788, 0.0, -0.023811, 0.436383, -0.899446, 0.39386, 0.999594, 0.024464, -0.014594, 0.0, 0.0, 0.0, 0.0, 1.0],
                [0.071778, -0.571216, -0.817656, -0.0, 0.017342, 0.820361, -0.571583, 0.39386, 0.99727, 0.026848, 0.068789, -0.0, 0.0, 0.0, 0.0, 1.0],
                [0.127717, -0.153832, -0.979809, 0.0, 0.054775, 0.987486, -0.147897, 0.39386, 0.990297, -0.034779, 0.134544, -0.0, 0.0, 0.0, 0.0, 1.0],
                [0.127717, -0.153832, -0.979809, 0.0, 0.054775, 0.987486, -0.147897, 0.39386, 0.990297, -0.034779, 0.134544, -0.0, 0.0, 0.0, 0.0, 1.0],
                [-0.116198, -0.040359, -0.992406, -0.0, -0.325875, 0.945414, -0.000293, 0.39386, 0.938245, 0.323367, -0.123007, -0.0, 0.0, 0.0, 0.0, 1.0],
                [0.349037, 0.47289, -0.809043, 0.0, 0.451479, 0.671682, 0.587377, 0.39386, 0.821183, -0.570282, 0.020941, 0.0, 0.0, 0.0, 0.0, 1.0],
                [0.349037, 0.472889, -0.809043, 0.0, 0.451479, 0.671682, 0.587377, 0.393861, 0.821183, -0.570282, 0.020942, 0.0, 0.0, 0.0, 0.0, 1.0]
            ]
        },
        {
            "name": "Hand_R",
            "time": [0.0, 0.1, 0.2, 0.29, 0.4, 0.5, 0.6, 0.75, 0.9, 0.98, 1.1, 1.2, 1.35, 1.74, 2.1],
            "transform": [
                [1.0, -1e-06, 0.0, -0.0, 1e-06, 0.971149, -0.238474, 0.300002, 0.0, 0.238474, 0.971149, 0.0, 0.0, 0.0, 0.0, 1.0],
                [1.0, -2e-06, 2e-06, 0.0, 2e-06, -0.104638, -0.99451, 0.300003, 2e-06, 0.994511, -0.104638, -0.0, 0.0, 0.0, 0.0, 1.0],
                [0.999999, -3e-06, 4e-06, 0.0, 4e-06, 0.000101, -0.999999, 0.300002, 4e-06, 1.0, 0.000101, 0.0, 0.0, 0.0, 0.0, 1.0],
                [1.0, -2e-06, 2e-06, -0.0, 3e-06, 0.214444, -0.976736, 0.300003, 2e-06, 0.976736, 0.214444, -0.0, 0.0, 0.0, 0.0, 1.0],
                [1.0, -2e-06, 1e-06, -0.0, 2e-06, 0.270005, -0.962859, 0.300002, 1e-06, 0.962859, 0.270005, -0.0, 0.0, 0.0, 0.0, 1.0],
                [1.0, -2e-06, 1e-06, -0.0, 2e-06, 0.270005, -0.962859, 0.300002, 1e-06, 0.962859, 0.270005, -0.0, 0.0, 0.0, 0.0, 1.0],
                [1.0, -3e-06, 1e-06, -0.0, 3e-06, 0.672615, -0.739992, 0.300002, 1e-06, 0.739993, 0.672615, 0.0, 0.0, 0.0, 0.0, 1.0],
                [1.0, -3e-06, 1e-06, 0.0, 3e-06, 0.726235, -0.687446, 0.300003, 1e-06, 0.687447, 0.726234, -0.0, 0.0, 0.0, 0.0, 1.0],
                [1.0, -3e-06, 1e-06, 0.0, 3e-06, 0.726234, -0.687447, 0.300002, 1e-06, 0.687447, 0.726234, -0.0, 0.0, 0.0, 0.0, 1.0],
                [1.0, -5e-06, 5e-06, 0.0, 5e-06, 0.044777, -0.998997, 0.300002, 5e-06, 0.998997, 0.044777, -0.0, 0.0, 0.0, 0.0, 1.0],
                [0.999999, -5e-06, 8e-06, -0.0, 5e-06, -0.369149, -0.929369, 0.300003, 8e-06, 0.929371, -0.369149, 0.0, 0.0, 0.0, 0.0, 1.0],
                [0.999999, -5e-06, 8e-06, -0.0, 5e-06, -0.369149, -0.929369, 0.300003, 8e-06, 0.929371, -0.369149, 0.0, 0.0, 0.0, 0.0, 1.0],
                [1.0, -3e-06, 3e-06, 0.0, 3e-06, 0.022899, -0.999737, 0.300003, 3e-06, 0.999738, 0.022899, 0.0, 0.0, 0.0, 0.0, 1.0],
                [1.0, -4e-06, 5e-06, -0.0, 4e-06, -0.258763, -0.96594, 0.300003, 5e-06, 0.965941, -0.258763, 0.0, 0.0, 0.0, 0.0, 1.0],
                [1.0, -4e-06, 5e-06, -0.0, 4e-06, -0.258762, -0.96594, 0.300002, 5e-06, 0.965941, -0.258762, 0.0, 0.0, 0.0, 0.0, 1.0]
            ]
        },
        {
            "name": "Tool_R",
            "time": [0.0, 0.1, 0.2, 0.29, 0.4, 0.5, 0.55, 0.6, 0.75, 0.9, 0.98, 1.1, 1.2, 1.35, 1.74, 2.1],
            "transform": [
                [0.999812, 0.018997, 0.004013, 0.0, 0.019232, -0.940583, -0.339021, 0.271711, -0.002665, 0.339034, -0.940771, -0.028915, 0.0, 0.0, 0.0, 1.0],
                [0.999812, 0.018997, 0.004013, -0.0, 0.019232, -0.940583, -0.339021, 0.271711, -0.002665, 0.339034, -0.940771, -0.028915, 0.0, 0.0, 0.0, 1.0],
                [0.999812, 0.018997, 0.004013, 0.0, 0.019232, -0.940583, -0.339021, 0.271711, -0.002665, 0.339034, -0.940771, -0.028915, 0.0, 0.0, 0.0, 1.0],
                [0.999811, 0.018997, 0.004013, 0.0, 0.019232, -0.940583, -0.339021, 0.271711, -0.002665, 0.339034, -0.940771, -0.028915, 0.0, 0.0, 0.0, 1.0],
                [0.999812, 0.018997, 0.004013, 0.0, 0.019232, -0.940583, -0.339021, 0.271711, -0.002665, 0.339034, -0.940771, -0.028915, 0.0, 0.0, 0.0, 1.0],
                [0.999812, 0.018997, 0.004013, 0.0, 0.019232, -0.940583, -0.339021, 0.271711, -0.002665, 0.339034, -0.940771, -0.028915, 0.0, 0.0, 0.0, 1.0],
                [0.992596, -0.104492, 0.061919, -0.0, -0.019173, -0.638192, -0.769639, 0.271711, 0.119938, 0.762754, -0.635471, -0.028915, 0.0, 0.0, 0.0, 1.0],
                [0.998143, 0.034669, 0.050095, 0.0, 0.0508, -0.019759, -0.998514, 0.271711, -0.033628, 0.999204, -0.021484, -0.028915, 0.0, 0.0, 0.0, 1.0],
                [0.999352, 0.023442, -0.027316, 0.0, -0.025971, -0.055894, -0.998099, 0.271711, -0.024925, 0.998162, -0.055249, -0.028915, 0.0, 0.0, 0.0, 1.0],
                [0.999352, 0.023442, -0.027316, 0.0, -0.025971, -0.055894, -0.998099, 0.271711, -0.024925, 0.998162, -0.055249, -0.028915, 0.0, 0.0, 0.0, 1.0],
                [0.999352, 0.023442, -0.027316, 0.0, -0.025971, -0.055894, -0.998099, 0.271711, -0.024925, 0.998162, -0.055249, -0.028915, 0.0, 0.0, 0.0, 1.0],
                [0.999352, 0.023442, -0.027316, 0.0, -0.025971, -0.055894, -0.998099, 0.271711, -0.024925, 0.998162, -0.055249, -0.028915, 0.0, 0.0, 0.0, 1.0],
                [0.999352, 0.023442, -0.027316, 0.0, -0.025971, -0.055894, -0.998099, 0.271711, -0.024925, 0.998162, -0.055249, -0.028915, 0.0, 0.0, 0.0, 1.0],
                [0.999352, 0.023442, -0.027316, 0.0, -0.025971, -0.055894, -0.998099, 0.271711, -0.024925, 0.998162, -0.055249, -0.028915, 0.0, 0.0, 0.0, 1.0],
                [0.999352, 0.023442, -0.027316, 0.0, -0.025971, -0.055894, -0.998099, 0.271711, -0.024925, 0.998162, -0.055249, -0.028915, 0.0, 0.0, 0.0, 1.0],
                [0.999352, 0.023442, -0.027316, 0.0, -0.025971, -0.055894, -0.998099, 0.271711, -0.024925, 0.998162, -0.055249, -0.028915, 0.0, 0.0, 0.0, 1.0]
            ]
        },
        {
            "name": "Elbow_R",
            "time": [0.0, 2.1],
            "transform": [
                [-1.0, 0.0, -0.0, -0.0, 0.0, 0.003946, -0.999992, 0.321763, -0.0, -0.999992, -0.003946, -0.001166, 0.0, 0.0, 0.0, 1.0],
                [-1.0, 0.0, -0.0, -0.0, 0.0, 0.003946, -0.999992, 0.447206, -0.0, -0.999992, -0.003946, -0.000671, 0.0, 0.0, 0.0, 1.0]
            ]
        },
        {
            "name": "Shoulder_L",
            "time": [0.0, 0.1, 0.2, 0.29, 0.4, 0.5, 0.6, 0.75, 0.9, 0.98, 1.1, 1.2, 1.35, 1.74, 2.1],
            "transform": [
                [-0.034215, -0.933024, -0.358183, 0.0, -0.141043, -0.350298, 0.925958, 0.4, -0.989412, 0.082201, -0.119611, -0.0, 0.0, 0.0, 0.0, 1.0],
                [-0.034215, -0.933024, -0.358183, -0.0, -0.141043, -0.350298, 0.925958, 0.4, -0.989412, 0.082201, -0.119611, 0.0, 0.0, 0.0, 0.0, 1.0],
                [-0.034215, -0.933024, -0.358183, 0.0, -0.141043, -0.350298, 0.925958, 0.4, -0.989412, 0.082201, -0.119611, 0.0, 0.0, 0.0, 0.0, 1.0],
                [-0.034215, -0.933024, -0.358183, -0.0, -0.141043, -0.350298, 0.925958, 0.4, -0.989412, 0.082201, -0.119611, 0.0, 0.0, 0.0, 0.0, 1.0],
                [-0.034215, -0.933024, -0.358183, -0.0, -0.141043, -0.350298, 0.925958, 0.4, -0.989412, 0.082201, -0.119611, -0.0, 0.0, 0.0, 0.0, 1.0],
                [-0.034215, -0.933024, -0.358183, -0.0, -0.141043, -0.350298, 0.925958, 0.4, -0.989412, 0.082201, -0.119611, -0.0, 0.0, 0.0, 0.0, 1.0],
                [-0.034215, -0.933024, -0.358183, -0.0, -0.141043, -0.350298, 0.925958, 0.4, -0.989412, 0.082201, -0.119611, -0.0, 0.0, 0.0, 0.0, 1.0],
                [-0.034215, -0.933024, -0.358183, -0.0, -0.141043, -0.350298, 0.925958, 0.4, -0.989412, 0.082201, -0.119611, -0.0, 0.0, 0.0, 0.0, 1.0],
                [-0.034215, -0.933024, -0.358183, -0.0, -0.141043, -0.350298, 0.925958, 0.4, -0.989412, 0.082201, -0.119611, 0.0, 0.0, 0.0, 0.0, 1.0],
                [-0.034215, -0.933024, -0.358183, 0.0, -0.141043, -0.350298, 0.925958, 0.4, -0.989412, 0.082201, -0.119611, -0.0, 0.0, 0.0, 0.0, 1.0],
                [-0.034215, -0.933024, -0.358183, -0.0, -0.141043, -0.350298, 0.925958, 0.4, -0.989412, 0.082201, -0.119611, -0.0, 0.0, 0.0, 0.0, 1.0],
                [-0.034215, -0.933024, -0.358183, -0.0, -0.141043, -0.350298, 0.925958, 0.4, -0.989412, 0.082201, -0.119611, -0.0, 0.0, 0.0, 0.0, 1.0],
                [-0.034215, -0.933024, -0.358183, -0.0, -0.141043, -0.350298, 0.925958, 0.4, -0.989412, 0.082201, -0.119611, -0.0, 0.0, 0.0, 0.0, 1.0],
                [-0.034215, -0.933024, -0.358183, 0.0, -0.141043, -0.350298, 0.925958, 0.4, -0.989412, 0.082201, -0.119611, 0.0, 0.0, 0.0, 0.0, 1.0],
                [-0.034215, -0.933024, -0.358183, -0.0, -0.141043, -0.350298, 0.925958, 0.4, -0.989412, 0.082201, -0.119611, -0.0, 0.0, 0.0, 0.0, 1.0]
            ]
        },
        {
            "name": "Arm_L",
            "time": [0.0, 0.1, 0.2, 0.29, 0.4, 0.5, 0.6, 0.75, 0.9, 0.98, 1.1, 1.2, 1.35, 1.74, 2.1],
            "transform": [
                [0.042896, 0.018875, 0.998901, 0.0, -0.9157, 0.400605, 0.031753, 0.393861, -0.399566, -0.916055, 0.034469, -0.0, 0.0, 0.0, 0.0, 1.0],
                [0.423077, -0.529309, 0.735416, -0.0, -0.770958, 0.216139, 0.599088, 0.39386, -0.476055, -0.820435, -0.316632, -0.0, 0.0, 0.0, 0.0, 1.0],
                [0.63259, -0.732167, 0.252507, 0.0, -0.335385, 0.034907, 0.941433, 0.39386, -0.698102, -0.680228, -0.223475, -0.0, 0.0, 0.0, 0.0, 1.0],
                [0.636178, -0.764684, 0.102642, -0.0, -0.156912, 0.002022, 0.98761, 0.39386, -0.755418, -0.644401, -0.118701, -0.0, 0.0, 0.0, 0.0, 1.0],
                [0.632768, -0.770688, 0.075117, -0.0, -0.11993, -0.001703, 0.99278, 0.39386, -0.764997, -0.637209, -0.093506, 0.0, 0.0, 0.0, 0.0, 1.0],
                [0.632768, -0.770688, 0.075117, -0.0, -0.11993, -0.001703, 0.99278, 0.39386, -0.764997, -0.637209, -0.093506, 0.0, 0.0, 0.0, 0.0, 1.0],
                [-0.073739, -0.381903, 0.921255, -0.0, -0.498847, 0.814021, 0.29752, 0.39386, -0.863547, -0.437627, -0.250536, -0.0, 0.0, 0.0, 0.0, 1.0],
                [0.044925, -0.316278, 0.947601, -0.0, -0.375545, 0.873635, 0.309395, 0.39386, -0.925714, -0.369766, -0.079529, -0.0, 0.0, 0.0, 0.0, 1.0],
                [0.044925, -0.316278, 0.947602, -0.0, -0.375545, 0.873635, 0.309394, 0.39386, -0.925714, -0.369766, -0.079528, 0.0, 0.0, 0.0, 0.0, 1.0],
                [0.122445, -0.312555, 0.941974, 0.0, -0.37754, 0.863093, 0.335457, 0.39386, -0.917862, -0.396707, -0.012319, -0.0, 0.0, 0.0, 0.0, 1.0],
                [0.199765, -0.248903, 0.947702, 0.0, -0.373513, 0.874823, 0.308494, 0.39386, -0.905859, -0.415605, 0.081792, -0.0, 0.0, 0.0, 0.0, 1.0],
                [0.199765, -0.248903, 0.947702, 0.0, -0.373513, 0.874823, 0.308494, 0.39386, -0.905859, -0.415605, 0.081792, -0.0, 0.0, 0.0, 0.0, 1.0],
                [0.085106, -0.467675, 0.879793, -0.0, -0.535348, 0.723248, 0.436247, 0.39386, -0.840332, -0.508122, -0.188816, 0.0, 0.0, 0.0, 0.0, 1.0],
                [0.095043, -0.216101, 0.971733, 0.0, -0.542114, 0.807471, 0.232594, 0.39386, -0.834912, -0.548896, -0.040407, -0.0, 0.0, 0.0, 0.0, 1.0],
                [0.252098, 0.053768, 0.966206, 0.0, -0.59895, 0.792892, 0.112152, 0.39386, -0.760069, -0.606982, 0.232091, -0.0, 0.0, 0.0, 0.0, 1.0]
            ]
        },
        {
            "name": "Hand_L",
            "time": [0.0, 0.1, 0.2, 0.29, 0.4, 0.5, 0.6, 0.75, 0.9, 0.98, 1.1, 1.2, 1.35, 1.74, 2.1],
            "transform": [
                [1.0, -0.0, 0.0, 0.0, 0.0, 0.956799, -0.290749, 0.300002, -0.0, 0.290748, 0.956799, -0.0, 0.0, 0.0, 0.0, 1.0],
                [1.0, -2e-06, 2e-06, -0.0, 2e-06, 0.130369, -0.991466, 0.300003, 1e-06, 0.991464, 0.130369, -0.0, 0.0, 0.0, 0.0, 1.0],
                [1.0, 2e-06, -2e-06, -0.0, -2e-06, -0.088177, -0.996105, 0.300003, -2e-06, 0.996104, -0.088177, 0.0, 0.0, 0.0, 0.0, 1.0],
                [1.0, -2e-06, 2e-06, -0.0, 2e-06, -0.031427, -0.999506, 0.300003, 2e-06, 0.999506, -0.031427, 0.0, 0.0, 0.0, 0.0, 1.0],
                [1.0, -2e-06, 2e-06, 0.0, 2e-06, -0.0115, -0.999934, 0.300002, 2e-06, 0.999933, -0.0115, 0.0, 0.0, 0.0, 0.0, 1.0],
                [1.0, -2e-06, 2e-06, 0.0, 2e-06, -0.0115, -0.999934, 0.300002, 2e-06, 0.999933, -0.0115, 0.0, 0.0, 0.0, 0.0, 1.0],
                [1.0, -1e-06, 0.0, -0.0, 1e-06, 0.604096, -0.796911, 0.300003, 1e-06, 0.79691, 0.604096, -0.0, 0.0, 0.0, 0.0, 1.0],
                [1.0, -1e-06, 0.0, 0.0, 1e-06, 0.860418, -0.509589, 0.300002, 0.0, 0.509588, 0.860417, -0.0, 0.0, 0.0, 0.0, 1.0],
                [1.0, -1e-06, 0.0, 0.0, 1e-06, 0.860419, -0.509587, 0.300002, 0.0, 0.509587, 0.860418, -0.0, 0.0, 0.0, 0.0, 1.0],
                [1.0, -0.0, 0.0, 0.0, 0.0, 0.909697, -0.415273, 0.300002, -0.0, 0.415272, 0.909697, 0.0, 0.0, 0.0, 0.0, 1.0],
                [1.0, 0.0, 0.0, -0.0, -0.0, 0.980763, -0.195198, 0.300003, -0.0, 0.195198, 0.980763, -0.0, 0.0, 0.0, 0.0, 1.0],
                [1.0, 0.0, 0.0, -0.0, -0.0, 0.980763, -0.195198, 0.300003, -0.0, 0.195198, 0.980763, -0.0, 0.0, 0.0, 0.0, 1.0],
                [1.0, 0.0, -0.0, 0.0, 0.0, 0.999999, -0.000998, 0.300003, 0.0, 0.000998, 0.999999, -0.0, 0.0, 0.0, 0.0, 1.0],
                [1.0, -1e-06, 1e-06, -0.0, 1e-06, 0.035328, -0.999376, 0.300002, 1e-06, 0.999375, 0.035328, 0.0, 0.0, 0.0, 0.0, 1.0],
                [1.0, -1e-06, 1e-06, -0.0, 1e-06, 0.044377, -0.999016, 0.300003, 1e-06, 0.999014, 0.044377, 0.0, 0.0, 0.0, 0.0, 1.0]
            ]
        },
        {
            "name": "Tool_L",
            "time": [0.0, 0.1, 0.2, 0.29, 0.4, 0.5, 0.6, 0.75, 0.9, 0.98, 1.1, 1.2, 1.35, 1.74, 2.1],
            "transform": [
                [1.0, -0.0, 0.0, 0.0, 0.0, -0.999559, -0.029689, 0.271711, 0.0, 0.029689, -0.99956, -0.028915, 0.0, 0.0, 0.0, 1.0],
                [1.0, 0.0, 0.0, 0.0, -0.0, -0.999559, -0.029689, 0.271711, 0.0, 0.029689, -0.999559, -0.028915, 0.0, 0.0, 0.0, 1.0],
                [1.0, -0.0, 0.0, -0.0, -0.0, -0.999559, -0.029689, 0.271711, 0.0, 0.029689, -0.99956, -0.028915, 0.0, 0.0, 0.0, 1.0],
                [1.0, 0.0, 0.0, 0.0, 0.0, -0.999559, -0.029689, 0.271711, 0.0, 0.029689, -0.99956, -0.028915, 0.0, 0.0, 0.0, 1.0],
                [1.0, 0.0, 0.0, 0.0, 0.0, -0.999559, -0.029689, 0.271711, 0.0, 0.029689, -0.99956, -0.028915, 0.0, 0.0, 0.0, 1.0],
                [1.0, 0.0, 0.0, 0.0, 0.0, -0.999559, -0.029689, 0.271711, 0.0, 0.029689, -0.99956, -0.028915, 0.0, 0.0, 0.0, 1.0],
                [1.0, -0.0, 0.0, 0.0, -0.0, -0.999559, -0.029689, 0.271711, 0.0, 0.029689, -0.999559, -0.028915, 0.0, 0.0, 0.0, 1.0],
                [1.0, 0.0, 0.0, -0.0, 0.0, -0.999559, -0.029689, 0.271711, 0.0, 0.029689, -0.99956, -0.028915, 0.0, 0.0, 0.0, 1.0],
                [1.0, -0.0, 0.0, 0.0, -0.0, -0.999559, -0.029689, 0.271711, 0.0, 0.029689, -0.99956, -0.028915, 0.0, 0.0, 0.0, 1.0],
                [1.0, 0.0, 0.0, -0.0, 0.0, -0.999559, -0.029689, 0.271711, 0.0, 0.029689, -0.99956, -0.028915, 0.0, 0.0, 0.0, 1.0],
                [1.0, -0.0, 0.0, 0.0, 0.0, -0.999559, -0.029689, 0.271711, 0.0, 0.029689, -0.99956, -0.028915, 0.0, 0.0, 0.0, 1.0],
                [1.0, -0.0, 0.0, 0.0, 0.0, -0.999559, -0.029689, 0.271711, 0.0, 0.029689, -0.99956, -0.028915, 0.0, 0.0, 0.0, 1.0],
                [1.0, 0.0, 0.0, 0.0, -0.0, -0.999559, -0.029689, 0.271711, 0.0, 0.029689, -0.999559, -0.028915, 0.0, 0.0, 0.0, 1.0],
                [1.0, -0.0, 0.0, -0.0, 0.0, -0.999559, -0.029689, 0.271711, 0.0, 0.029689, -0.99956, -0.028915, 0.0, 0.0, 0.0, 1.0],
                [1.0, 0.0, 0.0, -0.0, 0.0, -0.999559, -0.029689, 0.271711, 0.0, 0.029689, -0.99956, -0.028915, 0.0, 0.0, 0.0, 1.0]
            ]
        },
        {
            "name": "Elbow_L",
            "time": [0.0, 2.1],
            "transform": [
                [-1.0, 0.0, -0.0, -0.0, 0.0, 0.003946, -0.999992, 0.326844, -0.0, -0.999993, -0.003946, -0.001146, 0.0, 0.0, 0.0, 1.0],
                [-1.0, 0.0, -0.0, -0.0, 0.0, 0.003946, -0.999992, 0.442237, -0.0, -0.999993, -0.003946, -0.000691, 0.0, 0.0, 0.0, 1.0]
            ]
        }
    ]
}