{
    "animation": [
        {
            "name": "Root",
            "time": [0.0, 0.01, 0.02, 0.03, 0.04, 0.05, 0.06, 0.07, 0.08, 0.09, 0.1, 0.11, 0.12, 0.13, 0.14, 0.15, 0.18, 0.2, 0.22, 0.23, 0.24, 0.25, 0.26, 0.27, 0.28, 0.29, 0.3, 0.31, 0.32, 0.33, 0.34, 0.35, 0.36, 0.37, 0.38, 0.39, 0.4, 0.41, 0.42, 0.43, 0.44, 0.45, 0.46, 0.47, 0.48, 0.49, 0.5, 0.51, 0.52, 0.53, 0.54, 0.55, 0.56, 0.57, 0.58, 0.59, 0.6, 0.61, 0.62, 0.63, 0.64, 0.65, 0.66, 0.67, 0.68, 0.69, 0.7, 0.71, 0.72, 0.73, 0.74, 0.75, 0.76, 0.77, 0.78, 0.79, 0.8, 0.81, 0.82, 0.83, 0.84, 0.85, 0.86, 0.87, 0.88, 0.89, 0.9, 0.91, 0.92, 0.93, 0.94, 0.95, 0.96, 0.97, 0.98, 0.99, 1.0, 1.01, 1.02, 1.03, 1.04, 1.05, 1.06, 1.07, 1.08, 1.09, 1.1, 1.11, 1.12, 1.13, 1.14, 1.15, 1.16, 1.17, 1.18, 1.19, 1.2, 1.21, 1.22, 1.23, 1.24, 1.25, 1.26, 1.27, 1.28, 1.29, 1.3, 1.31, 1.32, 1.33, 1.34, 1.35, 1.36, 1.37, 1.38, 1.39, 1.4, 1.41, 1.42, 1.43, 1.44, 1.45, 1.46, 1.47, 1.48, 1.49, 1.5, 1.51, 1.52, 1.53, 1.54, 1.55, 1.56, 1.57, 1.58, 1.59, 1.6, 1.61, 1.62, 1.63, 1.64, 1.65, 1.66, 1.67, 1.68, 1.69, 1.7, 1.71, 1.72, 1.73, 1.74, 1.75, 1.76, 1.77, 1.78, 1.79, 1.8, 1.81, 1.82, 1.83, 1.84, 1.85, 1.86, 1.87, 1.88, 1.89, 1.9, 1.91, 1.92, 1.93, 1.94, 1.95, 1.96, 1.97, 1.98, 1.99, 2.0, 2.01, 2.02, 2.03, 2.04, 2.05, 2.06, 2.07, 2.08, 2.09, 2.1, 2.11, 2.12, 2.13, 2.14, 2.15, 2.16, 2.17, 2.18],
            "transform": [
                [-0.999998, 0.002255, 0.0, -0.030441, 4e-06, 0.001598, 0.999998, -0.034931, 0.002255, 0.999995, -0.001598, 0.771251, 0.0, 0.0, 0.0, 1.0],
                [-0.999997, 0.002349, 0.0, -0.05108, 4e-06, 0.001455, 0.999999, -0.034561, 0.002349, 0.999995, -0.001455, 0.808994, 0.0, 0.0, 0.0, 1.0],
                [-0.999997, 0.0025, 1e-06, -0.079605, 4e-06, 0.001172, 0.999999, -0.026188, 0.0025, 0.999995, -0.001172, 0.856736, 0.0, 0.0, 0.0, 1.0],
                [-0.999997, 0.002644, 1e-06, -0.09579, 3e-06, 0.000803, 0.999999, -0.058807, 0.002644, 0.999995, -0.000803, 0.864075, 0.0, 0.0, 0.0, 1.0],
                [-0.999997, 0.002733, 1e-06, -0.104848, 2e-06, 0.000406, 1.0, -0.084617, 0.002733, 0.999995, -0.000406, 0.835527, 0.0, 0.0, 0.0, 1.0],
                [-0.999997, 0.002761, 2e-06, -0.118255, 2e-06, -0.000118, 1.0, -0.075619, 0.002761, 0.999995, 0.000118, 0.79222, 0.0, 0.0, 0.0, 1.0],
                [-0.999997, 0.002708, 3e-06, -0.13135, 2e-06, -0.000534, 1.0, -0.033943, 0.002708, 0.999995, 0.000534, 0.757541, 0.0, 0.0, 0.0, 1.0],
                [-0.999997, 0.002514, 4e-06, -0.156838, 1e-06, -0.001147, 0.999999, 0.11787, 0.002514, 0.999995, 0.001147, 0.720686, 0.0, 0.0, 0.0, 1.0],
                [-0.999997, 0.00242, 4e-06, -0.170735, 1e-06, -0.001334, 0.999999, 0.22127, 0.00242, 0.999995, 0.001334, 0.721815, 0.0, 0.0, 0.0, 1.0],
                [-0.999998, 0.002319, 4e-06, -0.185232, 0.0, -0.001502, 0.999999, 0.372715, 0.002319, 0.999995, 0.001502, 0.739638, 0.0, 0.0, 0.0, 1.0],
                [-0.999998, 0.002221, 4e-06, -0.191876, 0.0, -0.001644, 0.999998, 0.529398, 0.002221, 0.999995, 0.001644, 0.768106, 0.0, 0.0, 0.0, 1.0],
                [-0.999998, 0.002115, 4e-06, -0.189009, 0.0, -0.001778, 0.999998, 0.629156, 0.002115, 0.999995, 0.001778, 0.779961, 0.0, 0.0, 0.0, 1.0],
                [-0.999998, 0.00198, 4e-06, -0.178982, 1e-06, -0.001928, 0.999998, 0.732005, 0.00198, 0.999995, 0.001928, 0.808994, 0.0, 0.0, 0.0, 1.0],
                [-0.999999, 0.001663, 4e-06, -0.145868, -0.0, -0.002203, 0.999997, 0.914528, 0.001663, 0.999995, 0.002203, 0.935568, 0.0, 0.0, 0.0, 1.0],
                [-0.999998, 0.001912, 4e-06, -0.101468, -0.0, -0.001996, 0.999998, 0.974701, 0.001912, 0.999995, 0.001996, 1.080046, 0.0, 0.0, 0.0, 1.0],
                [-0.999998, 0.002056, 4e-06, -0.054482, 0.0, -0.001846, 0.999998, 0.933305, 0.002056, 0.999995, 0.001846, 1.148918, 0.0, 0.0, 0.0, 1.0],
                [-1.0, 0.00022, 2e-06, 0.059102, 1e-06, -0.002755, 0.999996, 0.813023, 0.00022, 0.999995, 0.002755, 1.068836, 0.0, 0.0, 0.0, 1.0],
                [-1.0, -0.00044, 1e-06, 0.107746, 3e-06, -0.002728, 0.999996, 0.587352, -0.00044, 0.999995, 0.002728, 1.048513, 0.0, 0.0, 0.0, 1.0],
                [-1.0, -0.00088, 1e-06, 0.143323, 3e-06, -0.00262, 0.999996, 0.320816, -0.00088, 0.999995, 0.00262, 1.087708, 0.0, 0.0, 0.0, 1.0],
                [-1.0, -0.001114, 1e-06, 0.178473, 3e-06, -0.002529, 0.999996, -0.044147, -0.001114, 0.999995, 0.002529, 1.364647, 0.0, 0.0, 0.0, 1.0],
                [-1.0, -0.001302, 0.0, 0.121747, 3e-06, -0.002438, 0.999997, -0.626235, -0.001302, 0.999995, 0.002438, 1.798443, 0.0, 0.0, 0.0, 1.0],
                [-0.999999, -0.001663, 0.0, 0.061033, 4e-06, -0.002207, 0.999997, -0.714749, -0.001663, 0.999995, 0.002207, 2.134498, 0.0, 0.0, 0.0, 1.0],
                [-0.999999, -0.001713, -0.0, 0.032668, 4e-06, -0.002169, 0.999997, -0.715177, -0.001713, 0.999995, 0.002169, 2.527002, 0.0, 0.0, 0.0, 1.0],
                [-0.999999, -0.001686, 0.0, 0.011966, 4e-06, -0.00219, 0.999997, -0.698339, -0.001686, 0.999995, 0.00219, 2.930275, 0.0, 0.0, 0.0, 1.0],
                [-0.999999, -0.001659, 1e-06, -0.00286, 4e-06, -0.00221, 0.999997, -0.683257, -0.001659, 0.999995, 0.00221, 3.333547, 0.0, 0.0, 0.0, 1.0],
                [-0.999999, -0.001655, -0.0, -0.014766, 4e-06, -0.002213, 0.999997, -0.68091, -0.001655, 0.999995, 0.002213, 3.665003, 0.0, 0.0, 0.0, 1.0],
                [-0.999999, -0.001663, 0.0, -0.017406, 4e-06, -0.002207, 0.999997, -0.690316, -0.001663, 0.999995, 0.002207, 3.944928, 0.0, 0.0, 0.0, 1.0],
                [-0.999999, -0.001684, 0.0, -0.020796, 4e-06, -0.002191, 0.999997, -0.701745, -0.001684, 0.999995, 0.002191, 4.212674, 0.0, 0.0, 0.0, 1.0],
                [-0.999999, -0.001705, 1e-06, -0.024224, 5e-06, -0.002175, 0.999997, -0.711381, -0.001705, 0.999995, 0.002175, 4.465903, 0.0, 0.0, 0.0, 1.0],
                [-0.999999, -0.001733, 0.0, -0.027097, 4e-06, -0.002153, 0.999997, -0.710066, -0.001733, 0.999995, 0.002153, 4.666712, 0.0, 0.0, 0.0, 1.0],
                [-0.999999, -0.001761, 0.0, -0.030075, 4e-06, -0.002131, 0.999997, -0.70585, -0.001761, 0.999995, 0.002131, 4.826632, 0.0, 0.0, 0.0, 1.0],
                [-0.999999, -0.001789, 0.0, -0.032981, 4e-06, -0.002108, 0.999997, -0.700141, -0.001789, 0.999995, 0.002108, 4.95196, 0.0, 0.0, 0.0, 1.0],
                [-0.999999, -0.001816, 0.0, -0.035686, 4e-06, -0.002083, 0.999997, -0.693464, -0.001816, 0.999995, 0.002083, 5.047525, 0.0, 0.0, 0.0, 1.0],
                [-0.999998, -0.00184, -0.0, -0.038098, 4e-06, -0.002062, 0.999997, -0.685695, -0.00184, 0.999995, 0.002062, 5.117203, 0.0, 0.0, 0.0, 1.0],
                [-0.999999, -0.001859, -0.0, -0.040153, 4e-06, -0.002045, 0.999998, -0.676231, -0.001859, 0.999995, 0.002045, 5.164301, 0.0, 0.0, 0.0, 1.0],
                [-0.999999, -0.00187, -0.0, -0.041803, 4e-06, -0.002035, 0.999997, -0.664152, -0.00187, 0.999995, 0.002035, 5.191399, 0.0, 0.0, 0.0, 1.0],
                [-0.999999, -0.001871, 0.0, -0.043129, 4e-06, -0.002034, 0.999997, -0.663599, -0.001871, 0.999995, 0.002034, 5.200913, 0.0, 0.0, 0.0, 1.0],
                [-0.999999, -0.001853, 0.0, -0.043442, 4e-06, -0.002051, 0.999997, -0.656318, -0.001853, 0.999995, 0.002051, 5.185658, 0.0, 0.0, 0.0, 1.0],
                [-0.999999, -0.001835, 1e-06, -0.043617, 5e-06, -0.002067, 0.999997, -0.648267, -0.001835, 0.999995, 0.002067, 5.17059, 0.0, 0.0, 0.0, 1.0],
                [-0.999999, -0.001814, 1e-06, -0.043723, 4e-06, -0.002085, 0.999997, -0.639626, -0.001814, 0.999995, 0.002085, 5.158174, 0.0, 0.0, 0.0, 1.0],
                [-0.999999, -0.001793, 0.0, -0.043829, 4e-06, -0.002104, 0.999997, -0.630767, -0.001793, 0.999995, 0.002104, 5.148293, 0.0, 0.0, 0.0, 1.0],
                [-0.999999, -0.001771, 1e-06, -0.043875, 5e-06, -0.002123, 0.999997, -0.62092, -0.001771, 0.999995, 0.002123, 5.138412, 0.0, 0.0, 0.0, 1.0],
                [-0.999999, -0.001749, 1e-06, -0.043902, 4e-06, -0.00214, 0.999997, -0.610395, -0.001749, 0.999995, 0.00214, 5.123009, 0.0, 0.0, 0.0, 1.0],
                [-0.999999, -0.001734, 1e-06, -0.04407, 4e-06, -0.002152, 0.999997, -0.599871, -0.001734, 0.999995, 0.002152, 5.109623, 0.0, 0.0, 0.0, 1.0],
                [-0.999999, -0.001719, 1e-06, -0.044209, 5e-06, -0.002164, 0.999997, -0.589936, -0.001719, 0.999995, 0.002164, 5.079782, 0.0, 0.0, 0.0, 1.0],
                [-0.999999, -0.001704, 0.0, -0.044194, 4e-06, -0.002176, 0.999997, -0.580925, -0.001704, 0.999995, 0.002176, 5.05188, 0.0, 0.0, 0.0, 1.0],
                [-0.999999, -0.001689, 0.0, -0.044123, 4e-06, -0.002187, 0.999997, -0.57216, -0.001689, 0.999995, 0.002187, 5.052927, 0.0, 0.0, 0.0, 1.0],
                [-0.999999, -0.001677, 0.0, -0.04408, 4e-06, -0.002197, 0.999997, -0.56395, -0.001677, 0.999995, 0.002197, 5.058089, 0.0, 0.0, 0.0, 1.0],
                [-0.999999, -0.001665, 0.0, -0.044142, 4e-06, -0.002206, 0.999997, -0.556605, -0.001665, 0.999995, 0.002206, 5.042603, 0.0, 0.0, 0.0, 1.0],
                [-0.999999, -0.001656, 0.0, -0.044396, 4e-06, -0.002213, 0.999997, -0.550119, -0.001656, 0.999995, 0.002213, 4.987039, 0.0, 0.0, 0.0, 1.0],
                [-0.999999, -0.001648, 0.0, -0.044778, 4e-06, -0.002219, 0.999997, -0.54434, -0.001648, 0.999995, 0.002219, 4.822003, 0.0, 0.0, 0.0, 1.0],
                [-0.999999, -0.001643, 0.0, -0.045148, 4e-06, -0.002222, 0.999997, -0.539357, -0.001643, 0.999995, 0.002222, 4.66408, 0.0, 0.0, 0.0, 1.0],
                [-0.999999, -0.001637, 1e-06, -0.045364, 4e-06, -0.002226, 0.999997, -0.535255, -0.001637, 0.999995, 0.002226, 4.506153, 0.0, 0.0, 0.0, 1.0],
                [-0.999999, -0.001636, 0.0, -0.045168, 4e-06, -0.002228, 0.999997, -0.533985, -0.001636, 0.999995, 0.002228, 4.366284, 0.0, 0.0, 0.0, 1.0],
                [-0.999999, -0.001634, 0.0, -0.044696, 4e-06, -0.002228, 0.999997, -0.534769, -0.001634, 0.999995, 0.002228, 4.102186, 0.0, 0.0, 0.0, 1.0],
                [-0.999999, -0.001638, 0.0, -0.044124, 4e-06, -0.002226, 0.999997, -0.535687, -0.001638, 0.999995, 0.002226, 3.648079, 0.0, 0.0, 0.0, 1.0],
                [-0.999999, -0.001641, 1e-06, -0.043494, 4e-06, -0.002224, 0.999997, -0.536975, -0.001641, 0.999995, 0.002224, 3.15103, 0.0, 0.0, 0.0, 1.0],
                [-0.999999, -0.001644, -0.0, -0.043079, 4e-06, -0.002222, 0.999997, -0.537897, -0.001644, 0.999995, 0.002222, 2.622044, 0.0, 0.0, 0.0, 1.0],
                [-0.999999, -0.001643, 0.0, -0.042556, 4e-06, -0.002223, 0.999997, -0.539265, -0.001643, 0.999995, 0.002223, 2.483572, 0.0, 0.0, 0.0, 1.0],
                [-0.999999, -0.001641, 1e-06, -0.042242, 5e-06, -0.002224, 0.999997, -0.540411, -0.001641, 0.999995, 0.002224, 2.472443, 0.0, 0.0, 0.0, 1.0],
                [-0.999999, -0.001663, 0.0, -0.043378, 4e-06, -0.002207, 0.999997, -0.538381, -0.001663, 0.999995, 0.002207, 2.485105, 0.0, 0.0, 0.0, 1.0],
                [-0.999999, -0.001801, 0.0, -0.052175, 4e-06, -0.002096, 0.999997, -0.519473, -0.001801, 0.999995, 0.002096, 2.583332, 0.0, 0.0, 0.0, 1.0],
                [-0.999999, -0.001833, -0.0, -0.052017, 4e-06, -0.002069, 0.999997, -0.52517, -0.001833, 0.999995, 0.002069, 2.592606, 0.0, 0.0, 0.0, 1.0],
                [-0.999999, -0.001844, 0.0, -0.050495, 4e-06, -0.002058, 0.999997, -0.535699, -0.001844, 0.999995, 0.002058, 2.630188, 0.0, 0.0, 0.0, 1.0],
                [-0.999998, -0.001852, -0.0, -0.048717, 3e-06, -0.002051, 0.999997, -0.547139, -0.001852, 0.999995, 0.002051, 2.672205, 0.0, 0.0, 0.0, 1.0],
                [-0.999999, -0.00186, 0.0, -0.046908, 4e-06, -0.002044, 0.999997, -0.558771, -0.00186, 0.999995, 0.002044, 2.702069, 0.0, 0.0, 0.0, 1.0],
                [-0.999999, -0.001868, 0.0, -0.045104, 4e-06, -0.002036, 0.999998, -0.570562, -0.001868, 0.999995, 0.002036, 2.667445, 0.0, 0.0, 0.0, 1.0],
                [-0.999998, -0.001872, 0.0, -0.043266, 4e-06, -0.002033, 0.999997, -0.58233, -0.001872, 0.999995, 0.002033, 2.643737, 0.0, 0.0, 0.0, 1.0],
                [-0.999998, -0.001877, 1e-06, -0.041549, 4e-06, -0.002028, 0.999997, -0.592977, -0.001877, 0.999995, 0.002028, 2.633332, 0.0, 0.0, 0.0, 1.0],
                [-0.999999, -0.00188, 1e-06, -0.040091, 5e-06, -0.002025, 0.999998, -0.601462, -0.00188, 0.999995, 0.002025, 2.626881, 0.0, 0.0, 0.0, 1.0],
                [-0.999999, -0.00188, 1e-06, -0.038972, 5e-06, -0.002025, 0.999998, -0.598665, -0.00188, 0.999995, 0.002025, 2.629394, 0.0, 0.0, 0.0, 1.0],
                [-0.999999, -0.00188, 1e-06, -0.038266, 5e-06, -0.002025, 0.999998, -0.596405, -0.00188, 0.999995, 0.002025, 2.631908, 0.0, 0.0, 0.0, 1.0],
                [-0.999999, -0.00188, 1e-06, -0.037685, 5e-06, -0.002025, 0.999998, -0.593665, -0.00188, 0.999995, 0.002025, 2.634421, 0.0, 0.0, 0.0, 1.0],
                [-0.999998, -0.001882, 0.0, -0.037253, 4e-06, -0.002024, 0.999998, -0.590743, -0.001882, 0.999995, 0.002024, 2.636935, 0.0, 0.0, 0.0, 1.0],
                [-0.999999, -0.001883, -0.0, -0.036993, 4e-06, -0.002022, 0.999998, -0.587945, -0.001883, 0.999995, 0.002022, 2.639448, 0.0, 0.0, 0.0, 1.0],
                [-0.999998, -0.001885, 1e-06, -0.037023, 5e-06, -0.002021, 0.999998, -0.585236, -0.001885, 0.999995, 0.002021, 2.641962, 0.0, 0.0, 0.0, 1.0],
                [-0.999998, -0.001886, 0.0, -0.03731, 4e-06, -0.002019, 0.999998, -0.582489, -0.001886, 0.999995, 0.002019, 2.643494, 0.0, 0.0, 0.0, 1.0],
                [-0.999998, -0.001887, 0.0, -0.037663, 4e-06, -0.002019, 0.999998, -0.579908, -0.001887, 0.999995, 0.002019, 2.645026, 0.0, 0.0, 0.0, 1.0],
                [-0.999998, -0.001889, 0.0, -0.037896, 4e-06, -0.002017, 0.999998, -0.577685, -0.001889, 0.999995, 0.002017, 2.646559, 0.0, 0.0, 0.0, 1.0],
                [-0.999998, -0.001886, 1e-06, -0.037821, 4e-06, -0.002019, 0.999998, -0.576002, -0.001886, 0.999995, 0.002019, 2.648091, 0.0, 0.0, 0.0, 1.0],
                [-0.999998, -0.001883, 1e-06, -0.037538, 5e-06, -0.002022, 0.999998, -0.574718, -0.001883, 0.999995, 0.002022, 2.649627, 0.0, 0.0, 0.0, 1.0],
                [-0.999998, -0.001876, -0.0, -0.037285, 4e-06, -0.002029, 0.999997, -0.573484, -0.001876, 0.999995, 0.002029, 2.650329, 0.0, 0.0, 0.0, 1.0],
                [-0.999999, -0.001869, -0.0, -0.03708, 4e-06, -0.002035, 0.999998, -0.572097, -0.001869, 0.999995, 0.002035, 2.651036, 0.0, 0.0, 0.0, 1.0],
                [-0.999999, -0.001862, 1e-06, -0.036944, 5e-06, -0.002042, 0.999997, -0.570389, -0.001862, 0.999995, 0.002042, 2.65174, 0.0, 0.0, 0.0, 1.0],
                [-0.999999, -0.001855, 0.0, -0.036893, 4e-06, -0.002049, 0.999998, -0.568193, -0.001855, 0.999995, 0.002049, 2.652446, 0.0, 0.0, 0.0, 1.0],
                [-0.999999, -0.001851, 1e-06, -0.036944, 4e-06, -0.002052, 0.999997, -0.565368, -0.001851, 0.999995, 0.002052, 2.652325, 0.0, 0.0, 0.0, 1.0],
                [-0.999999, -0.001846, 1e-06, -0.037109, 4e-06, -0.002056, 0.999998, -0.561793, -0.001846, 0.999995, 0.002056, 2.652204, 0.0, 0.0, 0.0, 1.0],
                [-0.999999, -0.001735, 0.0, -0.030539, 4e-06, -0.002151, 0.999997, -0.54753, -0.001735, 0.999995, 0.002151, 2.647796, 0.0, 0.0, 0.0, 1.0],
                [-0.999999, -0.001625, 0.0, -0.024389, 4e-06, -0.002235, 0.999997, -0.531113, -0.001625, 0.999995, 0.002235, 2.643387, 0.0, 0.0, 0.0, 1.0],
                [-0.999999, -0.001562, 0.0, -0.019422, 4e-06, -0.002281, 0.999997, -0.487782, -0.001562, 0.999995, 0.002281, 2.63898, 0.0, 0.0, 0.0, 1.0],
                [-0.999999, -0.001364, 1e-06, -0.011694, 4e-06, -0.002403, 0.999997, -0.440122, -0.001364, 0.999995, 0.002403, 2.625873, 0.0, 0.0, 0.0, 1.0],
                [-1.0, -0.001166, 1e-06, -0.005654, 4e-06, -0.002506, 0.999996, -0.387475, -0.001166, 0.999995, 0.002506, 2.612768, 0.0, 0.0, 0.0, 1.0],
                [-1.0, -0.00095, 1e-06, 5.4e-05, 3e-06, -0.002595, 0.999996, -0.328065, -0.00095, 0.999995, 0.002595, 2.595912, 0.0, 0.0, 0.0, 1.0],
                [-1.0, -0.000725, 1e-06, 0.00419, 3e-06, -0.002667, 0.999996, -0.260901, -0.000725, 0.999995, 0.002667, 2.572928, 0.0, 0.0, 0.0, 1.0],
                [-1.0, -0.000502, 2e-06, 0.005546, 3e-06, -0.002718, 0.999996, -0.186825, -0.000502, 0.999995, 0.002718, 2.54438, 0.0, 0.0, 0.0, 1.0],
                [-1.0, -0.000269, 2e-06, 0.006578, 3e-06, -0.002751, 0.999996, -0.112374, -0.000269, 0.999995, 0.002751, 2.515646, 0.0, 0.0, 0.0, 1.0],
                [-1.0, -3.3e-05, 2e-06, 0.006639, 2e-06, -0.002763, 0.999996, -0.039498, -3.3e-05, 0.999995, 0.002763, 2.486071, 0.0, 0.0, 0.0, 1.0],
                [-1.0, 0.000202, 2e-06, 0.00518, 2e-06, -0.002756, 0.999996, 0.036636, 0.000202, 0.999995, 0.002756, 2.456315, 0.0, 0.0, 0.0, 1.0],
                [-1.0, 0.000445, 2e-06, 0.002541, 1e-06, -0.002728, 0.999996, 0.115059, 0.000445, 0.999995, 0.002728, 2.426555, 0.0, 0.0, 0.0, 1.0],
                [-1.0, 0.000709, 2e-06, -0.002189, 1e-06, -0.002671, 0.999996, 0.197309, 0.000709, 0.999995, 0.002671, 2.398867, 0.0, 0.0, 0.0, 1.0],
                [-1.0, 0.00098, 3e-06, -0.008268, 1e-06, -0.002584, 0.999996, 0.281681, 0.00098, 0.999995, 0.002584, 2.371178, 0.0, 0.0, 0.0, 1.0],
                [-0.999999, 0.00124, 3e-06, -0.014723, 0.0, -0.00247, 0.999996, 0.35902, 0.00124, 0.999995, 0.00247, 2.34349, 0.0, 0.0, 0.0, 1.0],
                [-0.999999, 0.001488, 3e-06, -0.021876, -0.0, -0.002329, 0.999997, 0.429913, 0.001488, 0.999995, 0.002329, 2.313893, 0.0, 0.0, 0.0, 1.0],
                [-0.999999, 0.001705, 3e-06, -0.028115, -1e-06, -0.002175, 0.999997, 0.489652, 0.001705, 0.999995, 0.002175, 2.281231, 0.0, 0.0, 0.0, 1.0],
                [-0.999998, 0.001889, 4e-06, -0.03327, 0.0, -0.002017, 0.999997, 0.537554, 0.001889, 0.999995, 0.002017, 2.244698, 0.0, 0.0, 0.0, 1.0],
                [-0.999998, 0.002036, 4e-06, -0.036997, -0.0, -0.001869, 0.999998, 0.572632, 0.002036, 0.999995, 0.001869, 2.203084, 0.0, 0.0, 0.0, 1.0],
                [-0.999998, 0.002141, 4e-06, -0.039074, 0.0, -0.001747, 0.999998, 0.594136, 0.002141, 0.999995, 0.001747, 2.155423, 0.0, 0.0, 0.0, 1.0],
                [-0.999998, 0.002207, 4e-06, -0.039312, 1e-06, -0.001663, 0.999998, 0.601382, 0.002207, 0.999995, 0.001663, 2.131351, 0.0, 0.0, 0.0, 1.0],
                [-0.999998, 0.002222, 4e-06, -0.037878, -0.0, -0.001643, 0.999998, 0.583433, 0.002222, 0.999995, 0.001643, 2.094267, 0.0, 0.0, 0.0, 1.0],
                [-0.999998, 0.002183, 4e-06, -0.034921, 0.0, -0.001695, 0.999998, 0.53927, 0.002183, 0.999995, 0.001695, 2.048504, 0.0, 0.0, 0.0, 1.0],
                [-0.999998, 0.002101, 4e-06, -0.028964, 0.0, -0.001795, 0.999998, 0.491007, 0.002101, 0.999995, 0.001795, 1.998708, 0.0, 0.0, 0.0, 1.0],
                [-0.999998, 0.001951, 4e-06, -0.022341, 0.0, -0.001957, 0.999998, 0.425046, 0.001951, 0.999995, 0.001957, 1.940451, 0.0, 0.0, 0.0, 1.0],
                [-0.999999, 0.001763, 4e-06, -0.011013, -0.0, -0.002128, 0.999997, 0.375996, 0.001763, 0.999995, 0.002128, 1.883773, 0.0, 0.0, 0.0, 1.0],
                [-0.999999, 0.001538, 3e-06, 0.004869, -0.0, -0.002297, 0.999997, 0.341497, 0.001538, 0.999995, 0.002297, 1.828717, 0.0, 0.0, 0.0, 1.0],
                [-1.0, 0.001278, 3e-06, 0.039075, -0.0, -0.002451, 0.999997, 0.250155, 0.001278, 0.999995, 0.002451, 1.755119, 0.0, 0.0, 0.0, 1.0],
                [-1.0, 0.000926, 3e-06, 0.075784, 1e-06, -0.002604, 0.999996, 0.104269, 0.000926, 0.999995, 0.002604, 1.665565, 0.0, 0.0, 0.0, 1.0],
                [-1.0, 0.000243, 2e-06, 0.074999, 2e-06, -0.002753, 0.999996, -0.380839, 0.000243, 0.999995, 0.002753, 1.504868, 0.0, 0.0, 0.0, 1.0],
                [-1.0, -0.00094, 1e-06, 0.058234, 3e-06, -0.002599, 0.999996, -0.805031, -0.00094, 0.999995, 0.002599, 1.381459, 0.0, 0.0, 0.0, 1.0],
                [-1.0, -0.000825, 1e-06, 0.037593, 4e-06, -0.002638, 0.999996, -1.54529, -0.000825, 0.999995, 0.002638, 1.2112, 0.0, 0.0, 0.0, 1.0],
                [-1.0, -0.000945, 1e-06, 0.019461, 4e-06, -0.002597, 0.999996, -2.141791, -0.000945, 0.999995, 0.002597, 1.15847, 0.0, 0.0, 0.0, 1.0],
                [-0.999999, -0.001138, 1e-06, -0.000264, 4e-06, -0.002519, 0.999996, -2.916628, -0.001138, 0.999995, 0.002519, 0.941801, 0.0, 0.0, 0.0, 1.0],
                [-0.999999, -0.001451, 1e-06, -0.020448, 4e-06, -0.002352, 0.999997, -3.725253, -0.001451, 0.999995, 0.002352, 0.698846, 0.0, 0.0, 0.0, 1.0],
                [-0.999999, -0.001819, -0.0, -0.040165, 4e-06, -0.002081, 0.999998, -4.524095, -0.001819, 0.999995, 0.002081, 0.45396, 0.0, 0.0, 0.0, 1.0],
                [-0.999998, -0.002142, 0.0, -0.059234, 4e-06, -0.001746, 0.999998, -5.29955, -0.002142, 0.999995, 0.001746, 0.164064, 0.0, 0.0, 0.0, 1.0],
                [-0.999998, -0.00233, 0.0, -0.073301, 4e-06, -0.001486, 0.999998, -5.900869, -0.00233, 0.999995, 0.001486, -0.031503, 0.0, 0.0, 0.0, 1.0],
                [-0.999997, -0.002346, 0.0, -0.078015, 4e-06, -0.001461, 0.999999, -6.052575, -0.002346, 0.999995, 0.001461, 0.034788, 0.0, 0.0, 0.0, 1.0],
                [-0.999997, -0.002345, -0.0, -0.081593, 3e-06, -0.001463, 0.999999, -6.15, -0.002345, 0.999995, 0.001463, 0.084305, 0.0, 0.0, 0.0, 1.0],
                [-0.999997, -0.00234, 0.0, -0.085019, 4e-06, -0.00147, 0.999999, -6.242647, -0.00234, 0.999995, 0.00147, 0.137854, 0.0, 0.0, 0.0, 1.0],
                [-0.999997, -0.002336, 0.0, -0.088398, 4e-06, -0.001477, 0.999999, -6.331503, -0.002336, 0.999995, 0.001477, 0.186806, 0.0, 0.0, 0.0, 1.0],
                [-0.999997, -0.002331, -0.0, -0.091836, 3e-06, -0.001484, 0.999999, -6.417576, -0.002331, 0.999995, 0.001484, 0.222372, 0.0, 0.0, 0.0, 1.0],
                [-0.999998, -0.002327, 0.0, -0.095437, 4e-06, -0.001491, 0.999998, -6.501867, -0.002327, 0.999995, 0.001491, 0.23584, 0.0, 0.0, 0.0, 1.0],
                [-0.999997, -0.002326, -0.0, -0.099437, 3e-06, -0.001493, 0.999998, -6.581023, -0.002326, 0.999995, 0.001493, 0.196968, 0.0, 0.0, 0.0, 1.0],
                [-0.999998, -0.002326, 1e-06, -0.103697, 4e-06, -0.001493, 0.999998, -6.653372, -0.002326, 0.999995, 0.001493, 0.113015, 0.0, 0.0, 0.0, 1.0],
                [-0.999998, -0.002326, 0.0, -0.10777, 4e-06, -0.001493, 0.999998, -6.72249, -0.002326, 0.999995, 0.001493, 0.030998, 0.0, 0.0, 0.0, 1.0],
                [-0.999998, -0.002326, 0.0, -0.110755, 4e-06, -0.001493, 0.999998, -6.776655, -0.002326, 0.999995, 0.001493, -0.025051, 0.0, 0.0, 0.0, 1.0],
                [-0.999997, -0.002326, 1e-06, -0.111986, 4e-06, -0.001493, 0.999998, -6.808951, -0.002326, 0.999995, 0.001493, -0.031745, 0.0, 0.0, 0.0, 1.0],
                [-0.999997, -0.002326, 0.0, -0.113047, 4e-06, -0.001492, 0.999998, -6.839497, -0.002326, 0.999995, 0.001492, -0.033188, 0.0, 0.0, 0.0, 1.0],
                [-0.999998, -0.002326, 0.0, -0.113988, 4e-06, -0.001492, 0.999998, -6.868147, -0.002326, 0.999995, 0.001492, -0.031799, 0.0, 0.0, 0.0, 1.0],
                [-0.999998, -0.002326, -0.0, -0.11489, 3e-06, -0.001492, 0.999998, -6.895865, -0.002326, 0.999995, 0.001492, -0.030401, 0.0, 0.0, 0.0, 1.0],
                [-0.999997, -0.002326, 0.0, -0.115814, 3e-06, -0.001492, 0.999998, -6.922852, -0.002326, 0.999995, 0.001492, -0.029003, 0.0, 0.0, 0.0, 1.0],
                [-0.999998, -0.002326, 0.0, -0.1165, 4e-06, -0.001492, 0.999998, -6.937204, -0.002326, 0.999995, 0.001492, -0.029878, 0.0, 0.0, 0.0, 1.0],
                [-0.999998, -0.002326, 0.0, -0.116946, 4e-06, -0.001492, 0.999998, -6.944582, -0.002326, 0.999995, 0.001492, -0.030753, 0.0, 0.0, 0.0, 1.0],
                [-0.999997, -0.002326, 0.0, -0.117385, 4e-06, -0.001492, 0.999998, -6.951405, -0.002326, 0.999995, 0.001492, -0.031628, 0.0, 0.0, 0.0, 1.0],
                [-0.999998, -0.002326, 1e-06, -0.11774, 4e-06, -0.001492, 0.999998, -6.956726, -0.002326, 0.999995, 0.001492, -0.032503, 0.0, 0.0, 0.0, 1.0],
                [-0.999998, -0.002326, 1e-06, -0.117931, 4e-06, -0.001492, 0.999998, -6.959583, -0.002326, 0.999995, 0.001492, -0.033378, 0.0, 0.0, 0.0, 1.0],
                [-0.999998, -0.002326, 1e-06, -0.118003, 5e-06, -0.001492, 0.999998, -6.960701, -0.002326, 0.999995, 0.001492, -0.034253, 0.0, 0.0, 0.0, 1.0],
                [-0.999998, -0.002326, 0.0, -0.118052, 4e-06, -0.001492, 0.999998, -6.961464, -0.002326, 0.999995, 0.001492, -0.035128, 0.0, 0.0, 0.0, 1.0],
                [-0.999998, -0.002327, 0.0, -0.118081, 4e-06, -0.001492, 0.999998, -6.961919, -0.002327, 0.999995, 0.001492, -0.036003, 0.0, 0.0, 0.0, 1.0],
                [-0.999998, -0.002327, 1e-06, -0.118093, 4e-06, -0.001491, 0.999998, -6.962103, -0.002327, 0.999995, 0.001491, -0.036878, 0.0, 0.0, 0.0, 1.0],
                [-0.999998, -0.002327, 0.0, -0.11809, 4e-06, -0.001491, 0.999998, -6.962068, -0.002327, 0.999995, 0.001491, -0.037753, 0.0, 0.0, 0.0, 1.0],
                [-0.999998, -0.002327, 0.0, -0.118077, 4e-06, -0.001491, 0.999998, -6.961864, -0.002327, 0.999995, 0.001491, -0.038628, 0.0, 0.0, 0.0, 1.0],
                [-0.999998, -0.002327, -0.0, -0.118056, 3e-06, -0.001491, 0.999998, -6.961533, -0.002327, 0.999995, 0.001491, -0.039509, 0.0, 0.0, 0.0, 1.0],
                [-0.999998, -0.002327, 0.0, -0.11803, 4e-06, -0.001491, 0.999998, -6.961129, -0.002327, 0.999995, 0.001491, -0.040378, 0.0, 0.0, 0.0, 1.0],
                [-0.999998, -0.002327, 0.0, -0.118002, 3e-06, -0.001491, 0.999998, -6.960689, -0.002327, 0.999995, 0.001491, -0.041253, 0.0, 0.0, 0.0, 1.0],
                [-0.999998, -0.002327, 0.0, -0.117976, 4e-06, -0.001491, 0.999998, -6.960267, -0.002327, 0.999995, 0.001491, -0.042128, 0.0, 0.0, 0.0, 1.0],
                [-0.999998, -0.002327, -0.0, -0.117952, 3e-06, -0.001491, 0.999998, -6.959912, -0.002327, 0.999995, 0.001491, -0.043003, 0.0, 0.0, 0.0, 1.0],
                [-0.999997, -0.002327, 0.0, -0.117937, 4e-06, -0.001491, 0.999998, -6.959657, -0.002327, 0.999995, 0.001491, -0.043878, 0.0, 0.0, 0.0, 1.0],
                [-0.999997, -0.002327, 0.0, -0.117931, 4e-06, -0.00149, 0.999998, -6.959564, -0.002327, 0.999995, 0.00149, -0.044753, 0.0, 0.0, 0.0, 1.0],
                [-0.999998, -0.002327, 0.0, -0.11793, 4e-06, -0.00149, 0.999998, -6.959562, -0.002327, 0.999995, 0.00149, -0.045628, 0.0, 0.0, 0.0, 1.0],
                [-0.999998, -0.002327, 1e-06, -0.11793, 4e-06, -0.00149, 0.999998, -6.95956, -0.002327, 0.999995, 0.00149, -0.046504, 0.0, 0.0, 0.0, 1.0],
                [-0.999997, -0.002332, -0.0, -0.117843, 3e-06, -0.001482, 0.999999, -6.959826, -0.002332, 0.999995, 0.001482, -0.0446, 0.0, 0.0, 0.0, 1.0],
                [-0.999997, -0.002338, -0.0, -0.117817, 3e-06, -0.001474, 0.999999, -6.960316, -0.002338, 0.999995, 0.001474, -0.042697, 0.0, 0.0, 0.0, 1.0],
                [-0.999997, -0.002343, -0.0, -0.117819, 3e-06, -0.001466, 0.999999, -6.960926, -0.002343, 0.999995, 0.001466, -0.040793, 0.0, 0.0, 0.0, 1.0],
                [-0.999997, -0.002348, 1e-06, -0.117818, 4e-06, -0.001458, 0.999999, -6.961535, -0.002348, 0.999995, 0.001458, -0.03889, 0.0, 0.0, 0.0, 1.0],
                [-0.999997, -0.002353, 0.0, -0.117782, 4e-06, -0.00145, 0.999998, -6.962027, -0.002353, 0.999995, 0.00145, -0.036987, 0.0, 0.0, 0.0, 1.0],
                [-0.999997, -0.002358, 0.0, -0.117679, 4e-06, -0.001442, 0.999999, -6.962306, -0.002358, 0.999995, 0.001442, -0.035697, 0.0, 0.0, 0.0, 1.0],
                [-0.999997, -0.002362, 1e-06, -0.117474, 4e-06, -0.001435, 0.999999, -6.962256, -0.002362, 0.999995, 0.001435, -0.034409, 0.0, 0.0, 0.0, 1.0],
                [-0.999997, -0.002366, 1e-06, -0.117142, 4e-06, -0.001429, 0.999999, -6.961769, -0.002366, 0.999995, 0.001429, -0.03481, 0.0, 0.0, 0.0, 1.0],
                [-0.999998, -0.002369, -0.0, -0.116643, 3e-06, -0.001422, 0.999999, -6.960723, -0.002369, 0.999995, 0.001422, -0.035213, 0.0, 0.0, 0.0, 1.0],
                [-0.999998, -0.002371, 0.0, -0.11577, 4e-06, -0.001419, 0.999999, -6.958603, -0.002371, 0.999995, 0.001419, -0.039003, 0.0, 0.0, 0.0, 1.0],
                [-0.999997, -0.00237, 0.0, -0.114452, 3e-06, -0.001421, 0.999999, -6.955194, -0.00237, 0.999995, 0.001421, -0.046933, 0.0, 0.0, 0.0, 1.0],
                [-0.999998, -0.002369, -0.0, -0.112873, 3e-06, -0.001422, 0.999999, -6.950825, -0.002369, 0.999995, 0.001422, -0.054864, 0.0, 0.0, 0.0, 1.0],
                [-0.999997, -0.002367, 0.0, -0.111214, 4e-06, -0.001427, 0.999999, -6.945817, -0.002367, 0.999995, 0.001427, -0.062794, 0.0, 0.0, 0.0, 1.0],
                [-0.999997, -0.002364, 0.0, -0.109658, 3e-06, -0.001432, 0.999999, -6.940508, -0.002364, 0.999995, 0.001432, -0.068681, 0.0, 0.0, 0.0, 1.0],
                [-0.999997, -0.002361, 0.0, -0.108175, 3e-06, -0.001437, 0.999999, -6.934732, -0.002361, 0.999995, 0.001437, -0.071786, 0.0, 0.0, 0.0, 1.0],
                [-0.999997, -0.002358, 0.0, -0.106642, 4e-06, -0.001442, 0.999999, -6.9283, -0.002358, 0.999995, 0.001442, -0.074891, 0.0, 0.0, 0.0, 1.0],
                [-0.999997, -0.002352, 1e-06, -0.105095, 4e-06, -0.00145, 0.999998, -6.921506, -0.002352, 0.999995, 0.00145, -0.076437, 0.0, 0.0, 0.0, 1.0],
                [-0.999998, -0.002347, 0.0, -0.103573, 4e-06, -0.001459, 0.999999, -6.914639, -0.002347, 0.999995, 0.001459, -0.077982, 0.0, 0.0, 0.0, 1.0],
                [-0.999997, -0.00234, 0.0, -0.102113, 4e-06, -0.001471, 0.999999, -6.907973, -0.00234, 0.999995, 0.001471, -0.079528, 0.0, 0.0, 0.0, 1.0],
                [-0.999997, -0.002332, 0.0, -0.100752, 4e-06, -0.001483, 0.999999, -6.901804, -0.002332, 0.999995, 0.001483, -0.081074, 0.0, 0.0, 0.0, 1.0],
                [-0.999998, -0.002323, 0.0, -0.099679, 3e-06, -0.001497, 0.999999, -6.896856, -0.002323, 0.999995, 0.001497, -0.082619, 0.0, 0.0, 0.0, 1.0],
                [-0.999998, -0.002314, 0.0, -0.098849, 4e-06, -0.001511, 0.999998, -6.892713, -0.002314, 0.999995, 0.001511, -0.084157, 0.0, 0.0, 0.0, 1.0],
                [-0.999998, -0.002303, -0.0, -0.097974, 3e-06, -0.001528, 0.999998, -6.888087, -0.002303, 0.999995, 0.001528, -0.082875, 0.0, 0.0, 0.0, 1.0],
                [-0.999998, -0.002293, -0.0, -0.096829, 3e-06, -0.001544, 0.999998, -6.882627, -0.002293, 0.999995, 0.001544, -0.078923, 0.0, 0.0, 0.0, 1.0],
                [-0.999998, -0.002282, 0.0, -0.0957, 4e-06, -0.001561, 0.999998, -6.874894, -0.002282, 0.999995, 0.001561, -0.063762, 0.0, 0.0, 0.0, 1.0],
                [-0.999998, -0.00227, 0.0, -0.094798, 4e-06, -0.001577, 0.999998, -6.865225, -0.00227, 0.999995, 0.001577, -0.037148, 0.0, 0.0, 0.0, 1.0],
                [-0.999998, -0.002259, -1e-06, -0.093998, 3e-06, -0.001593, 0.999998, -6.855816, -0.002259, 0.999995, 0.001593, -0.008196, 0.0, 0.0, 0.0, 1.0],
                [-0.999998, -0.002247, -0.0, -0.093233, 3e-06, -0.001609, 0.999998, -6.846262, -0.002247, 0.999995, 0.001609, 0.020756, 0.0, 0.0, 0.0, 1.0],
                [-0.999998, -0.002236, 0.0, -0.092437, 4e-06, -0.001625, 0.999998, -6.836171, -0.002236, 0.999995, 0.001625, 0.052127, 0.0, 0.0, 0.0, 1.0],
                [-0.999998, -0.002226, 1e-06, -0.091542, 4e-06, -0.001638, 0.999998, -6.82514, -0.002226, 0.999995, 0.001638, 0.083498, 0.0, 0.0, 0.0, 1.0],
                [-0.999998, -0.002216, -0.0, -0.090482, 4e-06, -0.001652, 0.999998, -6.812779, -0.002216, 0.999995, 0.001652, 0.119817, 0.0, 0.0, 0.0, 1.0],
                [-0.999998, -0.002209, -0.0, -0.089189, 3e-06, -0.001661, 0.999998, -6.798683, -0.002209, 0.999995, 0.001661, 0.156137, 0.0, 0.0, 0.0, 1.0],
                [-0.999998, -0.002202, -0.0, -0.087371, 4e-06, -0.001671, 0.999998, -6.782156, -0.002202, 0.999995, 0.001671, 0.192456, 0.0, 0.0, 0.0, 1.0],
                [-0.999998, -0.002199, -0.0, -0.085026, 4e-06, -0.001674, 0.999998, -6.763028, -0.002199, 0.999995, 0.001674, 0.228775, 0.0, 0.0, 0.0, 1.0],
                [-0.999998, -0.002197, 0.0, -0.082525, 4e-06, -0.001677, 0.999998, -6.741662, -0.002197, 0.999995, 0.001677, 0.265094, 0.0, 0.0, 0.0, 1.0],
                [-0.999998, -0.002199, 0.0, -0.080237, 4e-06, -0.001674, 0.999998, -6.718435, -0.002199, 0.999995, 0.001674, 0.301413, 0.0, 0.0, 0.0, 1.0],
                [-0.999998, -0.002201, 1e-06, -0.078528, 5e-06, -0.001672, 0.999998, -6.681998, -0.002201, 0.999995, 0.001672, 0.337732, 0.0, 0.0, 0.0, 1.0],
                [-0.999998, -0.002206, -0.0, -0.077575, 3e-06, -0.001664, 0.999998, -6.663677, -0.002206, 0.999995, 0.001664, 0.337732, 0.0, 0.0, 0.0, 1.0],
                [-0.999998, -0.002212, -0.0, -0.077187, 4e-06, -0.001657, 0.999998, -6.628634, -0.002212, 0.999995, 0.001657, 0.337732, 0.0, 0.0, 0.0, 1.0],
                [-0.999998, -0.002217, 0.0, -0.077238, 4e-06, -0.001649, 0.999998, -6.595434, -0.002217, 0.999995, 0.001649, 0.337732, 0.0, 0.0, 0.0, 1.0],
                [-0.999998, -0.002223, -0.0, -0.077596, 3e-06, -0.001642, 0.999998, -6.570857, -0.002223, 0.999995, 0.001642, 0.337732, 0.0, 0.0, 0.0, 1.0],
                [-0.999998, -0.002231, -0.0, -0.078245, 4e-06, -0.001631, 0.999998, -6.554257, -0.002231, 0.999995, 0.001631, 0.337732, 0.0, 0.0, 0.0, 1.0],
                [-0.999998, -0.002244, 0.0, -0.079174, 4e-06, -0.001614, 0.999998, -6.54045, -0.002244, 0.999995, 0.001614, 0.337732, 0.0, 0.0, 0.0, 1.0],
                [-0.999998, -0.002256, 0.0, -0.08026, 4e-06, -0.001597, 0.999998, -6.529478, -0.002256, 0.999995, 0.001597, 0.337732, 0.0, 0.0, 0.0, 1.0],
                [-0.999998, -0.002268, 0.0, -0.081378, 4e-06, -0.00158, 0.999998, -6.521357, -0.002268, 0.999995, 0.00158, 0.337732, 0.0, 0.0, 0.0, 1.0],
                [-0.999998, -0.002279, 0.0, -0.082405, 4e-06, -0.001563, 0.999998, -6.516115, -0.002279, 0.999995, 0.001563, 0.337732, 0.0, 0.0, 0.0, 1.0],
                [-0.999998, -0.002289, 0.0, -0.083217, 4e-06, -0.001549, 0.999998, -6.513774, -0.002289, 0.999995, 0.001549, 0.337732, 0.0, 0.0, 0.0, 1.0],
                [-0.999998, -0.002299, -0.0, -0.083878, 3e-06, -0.001535, 0.999998, -6.514453, -0.002299, 0.999995, 0.001535, 0.337732, 0.0, 0.0, 0.0, 1.0],
                [-0.999998, -0.002308, 0.0, -0.084519, 4e-06, -0.00152, 0.999998, -6.517839, -0.002308, 0.999995, 0.00152, 0.337732, 0.0, 0.0, 0.0, 1.0],
                [-0.999998, -0.002318, 0.0, -0.085121, 4e-06, -0.001506, 0.999998, -6.523275, -0.002318, 0.999995, 0.001506, 0.337732, 0.0, 0.0, 0.0, 1.0],
                [-0.999998, -0.002327, 0.0, -0.085666, 4e-06, -0.001491, 0.999998, -6.53011, -0.002327, 0.999995, 0.001491, 0.337732, 0.0, 0.0, 0.0, 1.0],
                [-0.999998, -0.002333, 0.0, -0.086134, 4e-06, -0.001481, 0.999999, -6.537698, -0.002333, 0.999995, 0.001481, 0.337732, 0.0, 0.0, 0.0, 1.0],
                [-0.999997, -0.002338, 0.0, -0.086506, 4e-06, -0.001474, 0.999999, -6.54538, -0.002338, 0.999995, 0.001474, 0.337732, 0.0, 0.0, 0.0, 1.0],
                [-0.999997, -0.002338, 0.0, -0.086762, 4e-06, -0.001474, 0.999999, -6.552519, -0.002338, 0.999995, 0.001474, 0.337732, 0.0, 0.0, 0.0, 1.0],
                [-0.999997, -0.002332, 0.0, -0.086884, 4e-06, -0.001483, 0.999999, -6.558444, -0.002332, 0.999995, 0.001483, 0.337732, 0.0, 0.0, 0.0, 1.0]
            ]
        },
        {
            "name": "Thigh_R",
            "time": [0.0, 0.01, 0.02, 0.03, 0.04, 0.05, 0.06, 0.07, 0.08, 0.09, 0.1, 0.11, 0.12, 0.13, 0.14, 0.15, 0.16, 0.17, 0.18, 0.19, 0.2, 0.21, 0.22, 0.23, 0.24, 0.25, 0.26, 0.27, 0.28, 0.29, 0.3, 0.31, 0.32, 0.33, 0.34, 0.35, 0.36, 0.37, 0.38, 0.39, 0.4, 0.41, 0.42, 0.43, 0.44, 0.45, 0.46, 0.47, 0.48, 0.49, 0.5, 0.51, 0.52, 0.53, 0.54, 0.55, 0.56, 0.57, 0.58, 0.59, 0.6, 0.61, 0.62, 0.63, 0.64, 0.65, 0.66, 0.67, 0.68, 0.69, 0.7, 0.71, 0.72, 0.73, 0.74, 0.75, 0.76, 0.77, 0.78, 0.79, 0.8, 0.81, 0.82, 0.83, 0.84, 0.85, 0.86, 0.87, 0.88, 0.89, 0.9, 0.91, 0.92, 0.93, 0.94, 0.95, 0.96, 0.97, 0.98, 0.99, 1.0, 1.01, 1.02, 1.03, 1.04, 1.05, 1.06, 1.07, 1.08, 1.09, 1.1, 1.11, 1.12, 1.13, 1.14, 1.15, 1.16, 1.17, 1.18, 1.19, 1.2, 1.21, 1.22, 1.23, 1.24, 1.25, 1.26, 1.27, 1.28, 1.29, 1.3, 1.31, 1.32, 1.33, 1.34, 1.35, 1.36, 1.37, 1.38, 1.39, 1.4, 1.41, 1.42, 1.43, 1.44, 1.45, 1.46, 1.47, 1.48, 1.49, 1.5, 1.51, 1.52, 1.53, 1.54, 1.55, 1.56, 1.57, 1.58, 1.59, 1.6, 1.61, 1.62, 1.63, 1.64, 1.65, 1.66, 1.67, 1.68, 1.69, 1.7, 1.71, 1.72, 1.73, 1.74, 1.75, 1.76, 1.77, 1.78, 1.79, 1.8, 1.81, 1.82, 1.83, 1.84, 1.85, 1.86, 1.87, 1.88, 1.89, 1.9, 1.91, 1.92, 1.93, 1.94, 1.95, 1.96, 1.97, 1.98, 1.99, 2.0, 2.01, 2.02, 2.03, 2.04, 2.05, 2.06, 2.07, 2.08, 2.09, 2.1, 2.11, 2.12, 2.13, 2.14, 2.15, 2.16, 2.17, 2.18],
            "transform": [
                [-0.94464, -0.315442, 0.090229, -0.097309, 0.327201, -0.925985, 0.188415, 0.013579, 0.024116, 0.20751, 0.977936, -0.032093, 0.0, 0.0, 0.0, 1.0],
                [-0.907137, -0.407717, 0.104218, -0.091072, 0.419474, -0.895869, 0.146521, 0.023576, 0.033626, 0.176635, 0.983701, -0.042817, 0.0, 0.0, 0.0, 1.0],
                [-0.855142, -0.51691, 0.039128, -0.081968, 0.517224, -0.845764, 0.131019, 0.03192, -0.034632, 0.13228, 0.990607, -0.054272, 0.0, 0.0, 0.0, 1.0],
                [-0.787845, -0.61429, -0.044111, -0.069986, 0.601671, -0.783009, 0.157771, 0.040676, -0.131455, 0.097761, 0.98649, -0.064266, 0.0, 0.0, 0.0, 1.0],
                [-0.738729, -0.672954, 0.037578, -0.052018, 0.637105, -0.679026, 0.36472, 0.053949, -0.219921, 0.293374, 0.930358, -0.071175, 0.0, 0.0, 0.0, 1.0],
                [-0.677166, -0.725513, 0.12279, -0.027657, 0.666153, -0.533584, 0.521082, 0.064304, -0.31253, 0.434661, 0.844628, -0.076038, 0.0, 0.0, 0.0, 1.0],
                [-0.566952, -0.805009, 0.174724, 0.001471, 0.705642, -0.365186, 0.60721, 0.069259, -0.424999, 0.467557, 0.775091, -0.076694, 0.0, 0.0, 0.0, 1.0],
                [-0.497051, -0.831609, 0.247731, 0.016416, 0.724913, -0.241063, 0.645278, 0.069678, -0.476896, 0.500325, 0.722665, -0.074539, 0.0, 0.0, 0.0, 1.0],
                [-0.389605, -0.871006, 0.299272, 0.030731, 0.755913, -0.116799, 0.644164, 0.069019, -0.52611, 0.477198, 0.70391, -0.070514, 0.0, 0.0, 0.0, 1.0],
                [-0.100689, -0.985151, 0.139103, 0.055472, 0.803399, 0.001961, 0.595432, 0.066711, -0.586857, 0.17171, 0.791272, -0.056144, 0.0, 0.0, 0.0, 1.0],
                [0.017103, -0.999385, 0.030796, 0.063628, 0.807328, 0.031973, 0.589229, 0.065913, -0.589845, 0.014785, 0.807379, -0.047817, 0.0, 0.0, 0.0, 1.0],
                [0.107436, -0.99069, -0.083668, 0.06834, 0.811862, 0.038845, 0.582549, 0.065465, -0.57387, -0.130515, 0.808478, -0.041512, 0.0, 0.0, 0.0, 1.0],
                [0.192277, -0.95758, -0.214661, 0.072361, 0.810221, 0.03149, 0.58527, 0.064167, -0.553677, -0.28646, 0.781907, -0.036412, 0.0, 0.0, 0.0, 1.0],
                [0.270665, -0.8925, -0.360821, 0.075917, 0.813675, 0.011797, 0.581193, 0.063031, -0.514452, -0.450905, 0.729398, -0.030706, 0.0, 0.0, 0.0, 1.0],
                [0.36096, -0.781607, -0.508728, 0.08059, 0.82631, 0.015165, 0.563004, 0.060984, -0.432328, -0.623597, 0.651323, -0.02157, 0.0, 0.0, 0.0, 1.0],
                [0.392586, -0.608839, -0.689342, 0.080941, 0.859133, -0.024748, 0.511145, 0.06349, -0.328262, -0.792915, 0.513358, -0.009831, 0.0, 0.0, 0.0, 1.0],
                [0.250451, -0.322248, -0.912924, 0.066708, 0.940289, -0.143529, 0.308623, 0.078826, -0.230483, -0.935717, 0.267058, 0.003988, 0.0, 0.0, 0.0, 1.0],
                [0.065387, 0.025196, -0.997541, 0.046542, 0.971662, -0.229148, 0.057903, 0.091774, -0.227123, -0.973072, -0.039465, 0.009559, 0.0, 0.0, 0.0, 1.0],
                [0.023489, 0.288534, -0.957181, 0.039954, 0.921346, -0.377864, -0.091293, 0.095232, -0.388022, -0.87976, -0.274714, -0.003835, 0.0, 0.0, 0.0, 1.0],
                [0.083868, 0.548246, -0.832102, 0.040729, 0.886358, -0.422613, -0.189106, 0.094732, -0.45533, -0.721689, -0.521385, -0.006864, 0.0, 0.0, 0.0, 1.0],
                [0.077014, 0.955727, -0.284011, 0.018979, 0.971844, -0.008342, 0.23546, 0.082635, 0.222664, -0.294151, -0.929459, 0.059091, 0.0, 0.0, 0.0, 1.0],
                [-0.287679, 0.944354, 0.159514, -0.01829, 0.683753, 0.085895, 0.724637, 0.053298, 0.670605, 0.317534, -0.670415, 0.086639, 0.0, 0.0, 0.0, 1.0],
                [-0.675743, 0.662449, 0.323314, -0.051939, 0.376661, -0.066714, 0.923945, 0.026098, 0.633628, 0.746138, -0.204437, 0.085461, 0.0, 0.0, 0.0, 1.0],
