{
    "animation": [
        {
            "name": "Root",
            "time": [0.0, 0.01, 0.02, 0.03, 0.04, 0.05, 0.06, 0.07, 0.08, 0.09, 0.1, 0.11, 0.12, 0.13, 0.14, 0.15, 0.16, 0.17, 0.18, 0.19, 0.2, 0.21, 0.22, 0.23, 0.24, 0.25, 0.26, 0.27, 0.28, 0.29, 0.3, 0.31, 0.32, 0.33, 0.34, 0.35, 0.36, 0.37, 0.38, 0.39, 0.4, 0.41, 0.42, 0.43, 0.44, 0.45, 0.46, 0.47, 0.48, 0.49, 0.5, 0.51, 0.52, 0.53, 0.54, 0.55, 0.56, 0.57, 0.58, 0.59, 0.6, 0.61, 0.62, 0.63, 0.64, 0.65, 0.66, 0.67, 0.68, 0.69, 0.7, 0.71, 0.72, 0.73, 0.74, 0.75, 0.76, 0.77, 0.78, 0.79, 0.8, 0.81, 0.82, 0.83, 0.84, 0.85, 0.86, 0.87, 0.88, 0.89, 0.9, 0.91, 0.92, 0.93, 0.94, 0.95, 0.96, 0.97, 0.98, 0.99, 1.0, 1.01, 1.02, 1.03, 1.04, 1.05, 1.06, 1.07, 1.08, 1.09, 1.1, 1.11, 1.12, 1.13, 1.14, 1.15, 1.16, 1.17, 1.18, 1.19, 1.2, 1.21, 1.22, 1.23, 1.24, 1.25, 1.26, 1.27, 1.28, 1.29, 1.3, 1.31, 1.32, 1.33, 1.34, 1.35, 1.36, 1.37, 1.38, 1.39, 1.4, 1.41, 1.42, 1.43, 1.44, 1.45, 1.46, 1.47, 1.48, 1.49, 1.5, 1.51, 1.52, 1.53, 1.54, 1.55, 1.56, 1.57, 1.58, 1.59, 1.6, 1.61, 1.62, 1.63, 1.64, 1.65, 1.66, 1.67, 1.68, 1.69, 1.7, 1.71, 1.72, 1.73],
            "transform": [
                [0.971617, -0.004902, -0.236507, 0.033763, -0.174386, 0.660709, -0.730104, 0.41855, 0.159841, 0.750625, 0.641102, 0.431612, 0.0, 0.0, 0.0, 1.0],
                [0.971617, -0.004902, -0.236507, 0.033763, -0.174386, 0.660709, -0.730104, 0.41855, 0.159841, 0.750625, 0.641102, 0.431612, 0.0, 0.0, 0.0, 1.0],
                [0.912568, 0.036023, -0.407333, 0.015197, -0.372793, 0.482668, -0.7925, 0.627709, 0.168058, 0.875062, 0.453897, 0.408674, 0.0, 0.0, 0.0, 1.0],
                [0.810036, 0.030886, -0.585566, -0.011263, -0.573156, 0.25258, -0.779548, 0.812611, 0.123825, 0.967083, 0.222302, 0.382032, 0.0, 0.0, 0.0, 1.0],
                [0.677094, -0.003044, -0.73589, -0.039324, -0.735194, 0.040878, -0.676622, 0.972713, 0.032141, 0.999159, 0.025441, 0.35539, 0.0, 0.0, 0.0, 1.0],
                [0.538898, -0.020475, -0.842122, -0.062667, -0.83908, -0.101332, -0.534487, 1.10747, -0.07439, 0.994642, -0.071788, 0.330257, 0.0, 0.0, 0.0, 1.0],
                [0.409312, 0.015941, -0.912255, -0.085648, -0.899609, -0.159746, -0.406429, 1.224717, -0.152208, 0.987029, -0.051046, 0.305123, 0.0, 0.0, 0.0, 1.0],
                [0.287976, 0.096383, -0.952775, -0.11309, -0.934206, -0.190463, -0.301632, 1.331902, -0.21054, 0.976951, 0.035193, 0.277216, 0.0, 0.0, 0.0, 1.0],
                [0.156635, 0.190175, -0.969174, -0.139361, -0.957814, -0.210145, -0.196034, 1.427901, -0.240948, 0.958995, 0.149237, 0.249309, 0.0, 0.0, 0.0, 1.0],
                [0.016112, 0.281929, -0.9593, -0.158834, -0.970309, -0.22716, -0.083057, 1.511592, -0.241331, 0.932155, 0.269899, 0.22547, 0.0, 0.0, 0.0, 1.0],
                [-0.13745, 0.350566, -0.926396, -0.165886, -0.96715, -0.249415, 0.049114, 1.58185, -0.213839, 0.902715, 0.373332, 0.20875, 0.0, 0.0, 0.0, 1.0],
                [-0.308755, 0.373218, -0.874859, -0.154889, -0.936421, -0.280474, 0.21083, 1.637548, -0.16669, 0.884331, 0.436087, 0.202432, 0.0, 0.0, 0.0, 1.0],
                [-0.487174, 0.356999, -0.797003, -0.128168, -0.866477, -0.311489, 0.390116, 1.681324, -0.108987, 0.880639, 0.461081, 0.205448, 0.0, 0.0, 0.0, 1.0],
                [-0.652101, 0.327984, -0.683513, -0.092954, -0.756989, -0.331177, 0.563284, 1.717392, -0.041616, 0.88473, 0.464242, 0.213783, 0.0, 0.0, 0.0, 1.0],
                [-0.795346, 0.293095, -0.530585, -0.050974, -0.605211, -0.335119, 0.722091, 1.746974, 0.033832, 0.895427, 0.44392, 0.226251, 0.0, 0.0, 0.0, 1.0],
                [-0.90214, 0.24978, -0.351786, -0.003957, -0.420599, -0.3275, 0.846073, 1.771296, 0.096122, 0.911237, 0.400509, 0.241665, 0.0, 0.0, 0.0, 1.0],
                [-0.967039, 0.206288, -0.149267, 0.046368, -0.208572, -0.305483, 0.929073, 1.791582, 0.146058, 0.929583, 0.33844, 0.259057, 0.0, 0.0, 0.0, 1.0],
                [-0.983698, 0.166788, 0.067237, 0.098266, 0.020004, -0.270084, 0.962629, 1.80906, 0.178715, 0.94828, 0.262345, 0.276449, 0.0, 0.0, 0.0, 1.0],
                [-0.949288, 0.134815, 0.284038, 0.150007, 0.249759, -0.225401, 0.941708, 1.824965, 0.190979, 0.964893, 0.180299, 0.293841, 0.0, 0.0, 0.0, 1.0],
                [-0.864167, 0.11176, 0.490637, 0.199863, 0.468886, -0.175068, 0.865735, 1.840531, 0.182649, 0.978193, 0.098885, 0.309266, 0.0, 0.0, 0.0, 1.0],
                [-0.731925, 0.09874, 0.674194, 0.246104, 0.662963, -0.125328, 0.738087, 1.856993, 0.157374, 0.987189, 0.02627, 0.321743, 0.0, 0.0, 0.0, 1.0],
                [-0.566133, 0.099472, 0.81829, 0.287009, 0.815638, -0.076053, 0.573542, 1.875587, 0.119285, 0.992128, -0.038077, 0.330089, 0.0, 0.0, 0.0, 1.0],
                [-0.353858, 0.089278, 0.931028, 0.314529, 0.932693, -0.040577, 0.358381, 1.889975, 0.069774, 0.99518, -0.068911, 0.316701, 0.0, 0.0, 0.0, 1.0],
                [-0.097167, 0.067213, 0.992996, 0.32776, 0.995202, -0.004921, 0.097716, 1.89613, 0.011454, 0.997725, -0.066413, 0.288037, 0.0, 0.0, 0.0, 1.0],
                [0.189435, 0.048625, 0.980688, 0.335674, 0.980574, 0.042385, -0.191514, 1.898741, -0.050878, 0.997917, -0.039652, 0.27901, 0.0, 0.0, 0.0, 1.0],
                [0.486448, 0.029819, 0.873201, 0.338969, 0.868504, 0.092426, -0.486988, 1.898141, -0.095228, 0.995272, 0.019062, 0.299536, 0.0, 0.0, 0.0, 1.0],
                [0.750504, 0.027653, 0.660287, 0.336904, 0.650491, 0.145428, -0.745461, 1.893994, -0.116638, 0.988982, 0.091156, 0.339689, 0.0, 0.0, 0.0, 1.0],
                [0.903522, 0.049919, 0.425624, 0.336293, 0.409469, 0.192432, -0.891799, 1.889938, -0.126421, 0.980039, 0.153426, 0.40459, 0.0, 0.0, 0.0, 1.0],
                [0.942621, 0.101548, 0.318045, 0.340995, 0.287981, 0.234658, -0.928441, 1.887171, -0.168913, 0.966759, 0.19195, 0.542382, 0.0, 0.0, 0.0, 1.0],
                [0.953479, 0.158618, 0.256356, 0.347754, 0.211952, 0.251982, -0.944236, 1.884544, -0.21437, 0.954643, 0.20664, 0.673874, 0.0, 0.0, 0.0, 1.0],
                [0.972709, 0.207773, 0.103281, 0.356857, 0.056026, 0.221632, -0.973519, 1.882266, -0.225161, 0.952738, 0.203943, 0.717705, 0.0, 0.0, 0.0, 1.0],
                [0.967205, 0.245669, -0.064494, 0.366312, -0.108306, 0.169231, -0.979607, 1.880087, -0.229745, 0.954467, 0.190289, 0.731192, 0.0, 0.0, 0.0, 1.0],
                [0.946822, 0.265584, -0.181634, 0.36877, -0.220548, 0.124674, -0.967375, 1.87741, -0.234274, 0.955992, 0.176618, 0.73703, 0.0, 0.0, 0.0, 1.0],
                [0.931938, 0.278771, -0.231901, 0.362441, -0.268357, 0.100109, -0.958103, 1.874656, -0.243876, 0.955125, 0.168106, 0.742869, 0.0, 0.0, 0.0, 1.0],
                [0.922879, 0.28791, -0.255738, 0.352017, -0.289946, 0.082464, -0.953483, 1.872182, -0.253428, 0.954099, 0.159583, 0.745528, 0.0, 0.0, 0.0, 1.0],
                [0.918239, 0.295217, -0.263977, 0.339866, -0.29614, 0.069291, -0.952627, 1.869288, -0.26294, 0.952914, 0.151052, 0.745637, 0.0, 0.0, 0.0, 1.0],
                [0.915418, 0.301934, -0.266167, 0.32836, -0.296305, 0.057951, -0.953333, 1.865279, -0.272419, 0.951565, 0.142514, 0.743885, 0.0, 0.0, 0.0, 1.0],
                [0.91371, 0.304971, -0.268562, 0.319875, -0.297117, 0.050511, -0.953504, 1.859453, -0.277226, 0.951021, 0.136764, 0.742133, 0.0, 0.0, 0.0, 1.0],
                [0.910839, 0.308142, -0.27463, 0.313844, -0.301384, 0.041879, -0.952582, 1.852246, -0.282029, 0.950417, 0.131014, 0.740381, 0.0, 0.0, 0.0, 1.0],
                [0.9091, 0.311086, -0.27706, 0.308126, -0.302108, 0.03441, -0.952652, 1.844591, -0.286823, 0.949758, 0.125264, 0.738629, 0.0, 0.0, 0.0, 1.0],
                [0.907553, 0.314086, -0.278741, 0.30271, -0.302916, 0.029921, -0.952547, 1.836554, -0.290842, 0.948922, 0.122296, 0.736877, 0.0, 0.0, 0.0, 1.0],
                [0.906767, 0.317001, -0.277999, 0.297597, -0.301388, 0.026234, -0.95314, 1.828198, -0.294854, 0.948062, 0.119328, 0.734102, 0.0, 0.0, 0.0, 1.0],
                [0.905966, 0.319919, -0.277265, 0.292777, -0.299845, 0.022556, -0.953721, 1.819583, -0.29886, 0.947176, 0.116361, 0.731328, 0.0, 0.0, 0.0, 1.0],
                [0.905468, 0.321737, -0.276788, 0.288221, -0.298268, 0.018439, -0.954304, 1.810717, -0.301931, 0.946649, 0.11266, 0.728536, 0.0, 0.0, 0.0, 1.0],
                [0.904969, 0.323538, -0.276323, 0.284004, -0.296698, 0.014379, -0.954863, 1.801828, -0.304961, 0.946106, 0.109006, 0.725778, 0.0, 0.0, 0.0, 1.0],
                [0.903941, 0.322302, -0.28109, 0.280038, -0.298942, 0.006194, -0.954251, 1.792814, -0.305816, 0.946616, 0.101948, 0.723004, 0.0, 0.0, 0.0, 1.0],
                [0.902909, 0.321008, -0.285846, 0.276348, -0.301177, -0.001986, -0.953566, 1.783791, -0.30667, 0.947074, 0.094887, 0.720229, 0.0, 0.0, 0.0, 1.0],
                [0.90044, 0.316694, -0.298182, 0.272925, -0.308948, -0.016928, -0.950928, 1.774823, -0.306202, 0.948376, 0.082599, 0.717454, 0.0, 0.0, 0.0, 1.0],
                [0.897899, 0.312096, -0.310438, 0.269771, -0.316705, -0.031793, -0.947991, 1.765971, -0.305734, 0.949519, 0.070296, 0.71468, 0.0, 0.0, 0.0, 1.0],
                [0.89011, 0.299097, -0.343865, 0.26957, -0.338383, -0.071688, -0.938274, 1.761302, -0.305286, 0.951525, 0.037399, 0.715421, 0.0, 0.0, 0.0, 1.0],
                [0.874437, 0.271085, -0.402333, 0.272868, -0.377392, -0.141028, -0.915252, 1.760616, -0.304852, 0.952168, -0.021015, 0.718664, 0.0, 0.0, 0.0, 1.0],
                [0.854509, 0.235479, -0.462993, 0.276433, -0.420778, -0.208819, -0.882802, 1.757576, -0.304563, 0.94918, -0.079354, 0.721907, 0.0, 0.0, 0.0, 1.0],
                [0.838584, 0.198165, -0.507451, 0.277038, -0.457228, -0.250397, -0.853372, 1.74585, -0.296173, 0.947645, -0.119372, 0.718298, 0.0, 0.0, 0.0, 1.0],
                [0.831495, 0.168258, -0.529439, 0.271452, -0.484376, -0.247078, -0.839245, 1.719103, -0.272022, 0.954275, -0.123944, 0.703883, 0.0, 0.0, 0.0, 1.0],
                [0.834868, 0.150442, -0.529491, 0.256302, -0.503014, -0.18213, -0.844869, 1.670184, -0.22354, 0.971697, -0.07638, 0.675427, 0.0, 0.0, 0.0, 1.0],
                [0.846832, 0.140421, -0.512988, 0.233745, -0.509386, -0.063276, -0.858208, 1.603318, -0.152971, 0.988068, 0.017944, 0.636055, 0.0, 0.0, 0.0, 1.0],
                [0.862588, 0.126565, -0.489819, 0.20885, -0.500349, 0.070326, -0.862962, 1.529221, -0.074774, 0.989462, 0.123989, 0.590014, 0.0, 0.0, 0.0, 1.0],
                [0.88339, 0.108264, -0.455961, 0.186673, -0.468616, 0.194813, -0.861653, 1.458618, -0.004459, 0.974846, 0.222831, 0.543973, 0.0, 0.0, 0.0, 1.0],
                [0.906764, 0.080336, -0.413914, 0.172269, -0.418876, 0.283819, -0.862548, 1.402233, 0.048183, 0.955506, 0.291008, 0.500973, 0.0, 0.0, 0.0, 1.0],
                [0.942987, 0.050959, -0.328904, 0.172584, -0.328099, 0.308325, -0.892909, 1.354556, 0.055908, 0.949915, 0.307466, 0.447072, 0.0, 0.0, 0.0, 1.0],
                [0.980156, 0.02161, -0.197045, 0.185098, -0.195033, 0.282833, -0.939131, 1.326532, 0.035436, 0.958926, 0.281435, 0.39317, 0.0, 0.0, 0.0, 1.0],
                [0.998757, -0.000994, -0.049829, 0.200672, -0.048127, 0.240612, -0.969427, 1.353553, 0.012953, 0.97062, 0.240265, 0.387485, 0.0, 0.0, 0.0, 1.0],
                [0.993478, -0.012153, 0.113367, 0.217514, 0.113586, 0.191889, -0.974821, 1.455573, -0.009907, 0.981341, 0.192018, 0.409544, 0.0, 0.0, 0.0, 1.0],
                [0.957961, -0.017952, 0.286334, 0.237393, 0.286179, 0.130318, -0.949272, 1.602032, -0.020273, 0.991309, 0.129977, 0.436169, 0.0, 0.0, 0.0, 1.0],
                [0.89844, -0.011164, 0.438955, 0.256493, 0.438623, 0.069246, -0.895999, 1.75254, -0.020393, 0.997536, 0.067111, 0.450054, 0.0, 0.0, 0.0, 1.0],
                [0.835918, 0.00014, 0.548854, 0.270975, 0.548682, 0.024795, -0.835663, 1.866686, -0.013726, 0.999692, 0.020649, 0.460558, 0.0, 0.0, 0.0, 1.0],
                [0.808083, 0.010714, 0.588971, 0.277018, 0.589, 0.000533, -0.808133, 1.916273, -0.008972, 0.999942, -0.00588, 0.465125, 0.0, 0.0, 0.0, 1.0],
                [0.804939, 0.00911, 0.593286, 0.277073, 0.593288, 0.00274, -0.804985, 1.925122, -0.008959, 0.999955, -0.003199, 0.466134, 0.0, 0.0, 0.0, 1.0],
                [0.80362, 0.007502, 0.595095, 0.276694, 0.595074, 0.004917, -0.803655, 1.93085, -0.008955, 0.999959, -0.000513, 0.46686, 0.0, 0.0, 0.0, 1.0],
                [0.80552, 0.005931, 0.592538, 0.275995, 0.5925, 0.007061, -0.805539, 1.933505, -0.008962, 0.999957, 0.002174, 0.467168, 0.0, 0.0, 0.0, 1.0],
                [0.814842, 0.003981, 0.579669, 0.274556, 0.57959, 0.012218, -0.814816, 1.92795, -0.010326, 0.999917, 0.007648, 0.467476, 0.0, 0.0, 0.0, 1.0],
                [0.824017, 0.002186, 0.566561, 0.273015, 0.566444, 0.01747, -0.823915, 1.920882, -0.011699, 0.999844, 0.013157, 0.467315, 0.0, 0.0, 0.0, 1.0],
                [0.832872, 0.000574, 0.553466, 0.271624, 0.553312, 0.022721, -0.832664, 1.914245, -0.013053, 0.999741, 0.018606, 0.467156, 0.0, 0.0, 0.0, 1.0],
                [0.835901, 0.000677, 0.54888, 0.271002, 0.548724, 0.022818, -0.835692, 1.910786, -0.01309, 0.999739, 0.018702, 0.466996, 0.0, 0.0, 0.0, 1.0],
                [0.836046, 0.000658, 0.548659, 0.271224, 0.548503, 0.022914, -0.835834, 1.906088, -0.013122, 0.999736, 0.018797, 0.466675, 0.0, 0.0, 0.0, 1.0],
                [0.83619, 0.000637, 0.548439, 0.272985, 0.548282, 0.023015, -0.835977, 1.902709, -0.013154, 0.999735, 0.018896, 0.466355, 0.0, 0.0, 0.0, 1.0],
                [0.836334, 0.000615, 0.548219, 0.274883, 0.548061, 0.023115, -0.836119, 1.899404, -0.013187, 0.999732, 0.018995, 0.466034, 0.0, 0.0, 0.0, 1.0],
                [0.836479, 0.000595, 0.547999, 0.27708, 0.54784, 0.023213, -0.836261, 1.896466, -0.013218, 0.99973, 0.019092, 0.465713, 0.0, 0.0, 0.0, 1.0],
                [0.836623, 0.000576, 0.547778, 0.27974, 0.547618, 0.023309, -0.836403, 1.894189, -0.01325, 0.999728, 0.019186, 0.465392, 0.0, 0.0, 0.0, 1.0],
                [0.836767, 0.000554, 0.547558, 0.283184, 0.547397, 0.023411, -0.836546, 1.892456, -0.013282, 0.999726, 0.019286, 0.465071, 0.0, 0.0, 0.0, 1.0],
                [0.836912, 0.000534, 0.547338, 0.287253, 0.547176, 0.023509, -0.836687, 1.891018, -0.013314, 0.999723, 0.019383, 0.464751, 0.0, 0.0, 0.0, 1.0],
                [0.837056, 0.000514, 0.547117, 0.291402, 0.546954, 0.023608, -0.836829, 1.889974, -0.013347, 0.999721, 0.01948, 0.46443, 0.0, 0.0, 0.0, 1.0],
                [0.8372, 0.000493, 0.546896, 0.295082, 0.546733, 0.023709, -0.836971, 1.889413, -0.013378, 0.999718, 0.019579, 0.464195, 0.0, 0.0, 0.0, 1.0],
                [0.835479, 0.00039, 0.549522, 0.297748, 0.549359, 0.023805, -0.835247, 1.889435, -0.013407, 0.999716, 0.019674, 0.463959, 0.0, 0.0, 0.0, 1.0],
                [0.833749, 0.000285, 0.552143, 0.299426, 0.551979, 0.023904, -0.833515, 1.890268, -0.013436, 0.999714, 0.019772, 0.463854, 0.0, 0.0, 0.0, 1.0],
                [0.830497, 0.000112, 0.557023, 0.3006, 0.556861, 0.024002, -0.830259, 1.891842, -0.013462, 0.999711, 0.019872, 0.463749, 0.0, 0.0, 0.0, 1.0],
                [0.827195, -6.4e-05, 0.561915, 0.301399, 0.561753, 0.024099, -0.826954, 1.893811, -0.013489, 0.999709, 0.019971, 0.463642, 0.0, 0.0, 0.0, 1.0],
                [0.823906, -0.00024, 0.566727, 0.301948, 0.566566, 0.024196, -0.823661, 1.895783, -0.013515, 0.999706, 0.020071, 0.463538, 0.0, 0.0, 0.0, 1.0],
                [0.820568, -0.000416, 0.571549, 0.302385, 0.571389, 0.02429, -0.82032, 1.897436, -0.013541, 0.999704, 0.020169, 0.463432, 0.0, 0.0, 0.0, 1.0],
                [0.819007, -0.000516, 0.573783, 0.302836, 0.573623, 0.024387, -0.818756, 1.8984, -0.013571, 0.999702, 0.020269, 0.463327, 0.0, 0.0, 0.0, 1.0],
                [0.81744, -0.000614, 0.576013, 0.303435, 0.575853, 0.024481, -0.817186, 1.898321, -0.0136, 0.9997, 0.020365, 0.463222, 0.0, 0.0, 0.0, 1.0],
                [0.819231, -0.000565, 0.573462, 0.303993, 0.5733, 0.024583, -0.818976, 1.896717, -0.013634, 0.999698, 0.020463, 0.463116, 0.0, 0.0, 0.0, 1.0],
                [0.825008, -0.000335, 0.56512, 0.304397, 0.564955, 0.024688, -0.824752, 1.892015, -0.013676, 0.999694, 0.020557, 0.463011, 0.0, 0.0, 0.0, 1.0],
                [0.835918, 0.000141, 0.548854, 0.304884, 0.548682, 0.024794, -0.835663, 1.882211, -0.013726, 0.999692, 0.020649, 0.462906, 0.0, 0.0, 0.0, 1.0],
                [0.859386, 0.000383, 0.511327, 0.305634, 0.511167, 0.024337, -0.859136, 1.860071, -0.012774, 0.999703, 0.020719, 0.462623, 0.0, 0.0, 0.0, 1.0],
                [0.884656, 0.000772, 0.466243, 0.306459, 0.466093, 0.023905, -0.884412, 1.833216, -0.011828, 0.999713, 0.020787, 0.462341, 0.0, 0.0, 0.0, 1.0],
                [0.907563, 0.001119, 0.419913, 0.307244, 0.419774, 0.023501, -0.907324, 1.810473, -0.010884, 0.999722, 0.020859, 0.462059, 0.0, 0.0, 0.0, 1.0],
                [0.930375, 0.00158, 0.366604, 0.308085, 0.366472, 0.02312, -0.930141, 1.787351, -0.009946, 0.999731, 0.020931, 0.461777, 0.0, 0.0, 0.0, 1.0],
                [0.950763, 0.002058, 0.309912, 0.308948, 0.309788, 0.022759, -0.950533, 1.764153, -0.00901, 0.999738, 0.021001, 0.461495, 0.0, 0.0, 0.0, 1.0],
                [0.967699, 0.002501, 0.252095, 0.309794, 0.251978, 0.022431, -0.967473, 1.74119, -0.008075, 0.999745, 0.021076, 0.461213, 0.0, 0.0, 0.0, 1.0],
                [0.979515, 0.002727, 0.20135, 0.310594, 0.201242, 0.022154, -0.979291, 1.718763, -0.007131, 0.999751, 0.021151, 0.460931, 0.0, 0.0, 0.0, 1.0],
                [0.987044, 0.002687, 0.160422, 0.311315, 0.160326, 0.021945, -0.98682, 1.697051, -0.006172, 0.999756, 0.02123, 0.460647, 0.0, 0.0, 0.0, 1.0],
                [0.990796, 0.002278, 0.135338, 0.311912, 0.135257, 0.021819, -0.99057, 1.676739, -0.005209, 0.999759, 0.02131, 0.460366, 0.0, 0.0, 0.0, 1.0],
                [0.991412, 0.002059, 0.130754, 0.312363, 0.130667, 0.024059, -0.991134, 1.657753, -0.005186, 0.999708, 0.023583, 0.459959, 0.0, 0.0, 0.0, 1.0],
                [0.988992, 0.001261, 0.147961, 0.31269, 0.147877, 0.026332, -0.988655, 1.638881, -0.005143, 0.999652, 0.025856, 0.459552, 0.0, 0.0, 0.0, 1.0],
                [0.98299, -0.000173, 0.183653, 0.312952, 0.183583, 0.028586, -0.982588, 1.619032, -0.00508, 0.999591, 0.028131, 0.459145, 0.0, 0.0, 0.0, 1.0],
                [0.97243, -0.001216, 0.233188, 0.313149, 0.233109, 0.031602, -0.971937, 1.598889, -0.006188, 0.9995, 0.031015, 0.458737, 0.0, 0.0, 0.0, 1.0],
                [0.956697, -0.002899, 0.291068, 0.313283, 0.290992, 0.034553, -0.956101, 1.579123, -0.007286, 0.999399, 0.033901, 0.45833, 0.0, 0.0, 0.0, 1.0],
                [0.935589, -0.005152, 0.353051, 0.31336, 0.352989, 0.037375, -0.93488, 1.560413, -0.008379, 0.999288, 0.036787, 0.457923, 0.0, 0.0, 0.0, 1.0],
                [0.910468, -0.00779, 0.413504, 0.313379, 0.413469, 0.040042, -0.909637, 1.543442, -0.009472, 0.999168, 0.039678, 0.457341, 0.0, 0.0, 0.0, 1.0],
                [0.882688, -0.0107, 0.469837, 0.313345, 0.469813, 0.044967, -0.88162, 1.528878, -0.011694, 0.998931, 0.044719, 0.456759, 0.0, 0.0, 0.0, 1.0],
                [0.855749, -0.013837, 0.517204, 0.313261, 0.517202, 0.049783, -0.854414, 1.517401, -0.013925, 0.998664, 0.049759, 0.455868, 0.0, 0.0, 0.0, 1.0],
                [0.833287, -0.016832, 0.552583, 0.313132, 0.552602, 0.054593, -0.831655, 1.509681, -0.016169, 0.998367, 0.054793, 0.454977, 0.0, 0.0, 0.0, 1.0],
                [0.819114, -0.019239, 0.573308, 0.312959, 0.573334, 0.059566, -0.817153, 1.506398, -0.018429, 0.998039, 0.059822, 0.453768, 0.0, 0.0, 0.0, 1.0],
                [0.833547, -0.021955, 0.552011, 0.312352, 0.552054, 0.070788, -0.830797, 1.520114, -0.020835, 0.99725, 0.071126, 0.451472, 0.0, 0.0, 0.0, 1.0],
                [0.87464, -0.024122, 0.484172, 0.311264, 0.484296, 0.087706, -0.870496, 1.555447, -0.021467, 0.995854, 0.088393, 0.447834, 0.0, 0.0, 0.0, 1.0],
                [0.916384, -0.022084, 0.399691, 0.310213, 0.399689, 0.10564, -0.910543, 1.601141, -0.022115, 0.994158, 0.105634, 0.444195, 0.0, 0.0, 0.0, 1.0],
                [0.942152, -0.019834, 0.334596, 0.30971, 0.334411, 0.123352, -0.93432, 1.64594, -0.022742, 0.992164, 0.12285, 0.441276, 0.0, 0.0, 0.0, 1.0],
                [0.947941, -0.018353, 0.317917, 0.309313, 0.317285, 0.139613, -0.937997, 1.694954, -0.02717, 0.990036, 0.138168, 0.439587, 0.0, 0.0, 0.0, 1.0],
                [0.946832, -0.019626, 0.321129, 0.309584, 0.320175, 0.155433, -0.93452, 1.749038, -0.031573, 0.987651, 0.153453, 0.438751, 0.0, 0.0, 0.0, 1.0],
                [0.955975, -0.01794, 0.292899, 0.312534, 0.291864, 0.161687, -0.942694, 1.790544, -0.030446, 0.986678, 0.159805, 0.438618, 0.0, 0.0, 0.0, 1.0],
                [0.976498, -0.01481, 0.215016, 0.319358, 0.214713, 0.153439, -0.964549, 1.815972, -0.018707, 0.988047, 0.153013, 0.438878, 0.0, 0.0, 0.0, 1.0],
                [0.99383, -0.014729, 0.109927, 0.328428, 0.110909, 0.136254, -0.984446, 1.834083, -0.000478, 0.990564, 0.137047, 0.439462, 0.0, 0.0, 0.0, 1.0],
                [0.999834, -0.017044, -0.006379, 0.337522, -0.004269, 0.121045, -0.992638, 1.84562, 0.017691, 0.9925, 0.120952, 0.440585, 0.0, 0.0, 0.0, 1.0],
                [0.993574, -0.018003, -0.11174, 0.344426, -0.109137, 0.109152, -0.988015, 1.851323, 0.029984, 0.993861, 0.106486, 0.442461, 0.0, 0.0, 0.0, 1.0],
                [0.972204, -0.017444, -0.233481, 0.346881, -0.230332, 0.107651, -0.967139, 1.844193, 0.042005, 0.994035, 0.100641, 0.44639, 0.0, 0.0, 0.0, 1.0],
                [0.935604, -0.01722, -0.352629, 0.346744, -0.348892, 0.10773, -0.93095, 1.826251, 0.054019, 0.994031, 0.094785, 0.451529, 0.0, 0.0, 0.0, 1.0],
                [0.908951, -0.017389, -0.416538, 0.347984, -0.412349, 0.109748, -0.904391, 1.811699, 0.061441, 0.993807, 0.092585, 0.454889, 0.0, 0.0, 0.0, 1.0],
                [0.900392, -0.016145, -0.434779, 0.351363, -0.430594, 0.110042, -0.895812, 1.804104, 0.062307, 0.993796, 0.092129, 0.456198, 0.0, 0.0, 0.0, 1.0],
                [0.8943, -0.01563, -0.447194, 0.355087, -0.442981, 0.110238, -0.889727, 1.797142, 0.063205, 0.993782, 0.091662, 0.457515, 0.0, 0.0, 0.0, 1.0],
                [0.889902, -0.015571, -0.455887, 0.359051, -0.451626, 0.11038, -0.885353, 1.79071, 0.064106, 0.993766, 0.091195, 0.458574, 0.0, 0.0, 0.0, 1.0],
                [0.888224, -0.014713, -0.459173, 0.363183, -0.454957, 0.110639, -0.883613, 1.784646, 0.063803, 0.993751, 0.091579, 0.459634, 0.0, 0.0, 0.0, 1.0],
                [0.886535, -0.013854, -0.462453, 0.367397, -0.458283, 0.110894, -0.881861, 1.778798, 0.0635, 0.993735, 0.091962, 0.460469, 0.0, 0.0, 0.0, 1.0],
                [0.887436, -0.013628, -0.460729, 0.371619, -0.456577, 0.11107, -0.882724, 1.773008, 0.063203, 0.993718, 0.092345, 0.461305, 0.0, 0.0, 0.0, 1.0],
                [0.888334, -0.013403, -0.459002, 0.375767, -0.454868, 0.111247, -0.883583, 1.767118, 0.062905, 0.993702, 0.092728, 0.461951, 0.0, 0.0, 0.0, 1.0],
                [0.890333, -0.013454, -0.455109, 0.379764, -0.450982, 0.111393, -0.885554, 1.760973, 0.06261, 0.993685, 0.093109, 0.462598, 0.0, 0.0, 0.0, 1.0],
                [0.892316, -0.013506, -0.451208, 0.383531, -0.447088, 0.111541, -0.887508, 1.754418, 0.062315, 0.993668, 0.093492, 0.463031, 0.0, 0.0, 0.0, 1.0],
                [0.894282, -0.013559, -0.447298, 0.386987, -0.443185, 0.111691, -0.889445, 1.747294, 0.062019, 0.99365, 0.093874, 0.463463, 0.0, 0.0, 0.0, 1.0],
                [0.89626, -0.01532, -0.443263, 0.390055, -0.439089, 0.110391, -0.891636, 1.739445, 0.062592, 0.99377, 0.092212, 0.463895, 0.0, 0.0, 0.0, 1.0],
                [0.897576, -0.016906, -0.440536, 0.392656, -0.436312, 0.109102, -0.893156, 1.730714, 0.063163, 0.993886, 0.090551, 0.464327, 0.0, 0.0, 0.0, 1.0],
                [0.898882, -0.018485, -0.437801, 0.394956, -0.433531, 0.107804, -0.894667, 1.720989, 0.063735, 0.994, 0.088889, 0.464458, 0.0, 0.0, 0.0, 1.0],
                [0.900178, -0.020056, -0.435059, 0.397085, -0.430747, 0.106498, -0.896167, 1.710328, 0.064306, 0.994111, 0.087228, 0.464265, 0.0, 0.0, 0.0, 1.0],
                [0.903046, -0.023811, -0.428883, 0.398939, -0.424446, 0.103896, -0.899472, 1.698757, 0.065977, 0.994303, 0.083717, 0.463725, 0.0, 0.0, 0.0, 1.0],
                [0.90583, -0.027485, -0.422748, 0.400364, -0.418208, 0.101281, -0.902687, 1.686604, 0.067627, 0.994478, 0.080249, 0.463192, 0.0, 0.0, 0.0, 1.0],
                [0.908583, -0.031147, -0.416541, 0.401263, -0.411917, 0.098603, -0.905871, 1.673745, 0.069287, 0.994639, 0.076759, 0.462655, 0.0, 0.0, 0.0, 1.0],
                [0.911287, -0.034773, -0.4103, 0.40151, -0.405612, 0.095878, -0.909003, 1.660362, 0.070948, 0.994785, 0.073268, 0.462119, 0.0, 0.0, 0.0, 1.0],
                [0.913943, -0.038363, -0.404023, 0.40098, -0.399293, 0.093106, -0.912083, 1.646554, 0.072608, 0.994917, 0.069776, 0.461823, 0.0, 0.0, 0.0, 1.0],
                [0.91655, -0.041917, -0.397716, 0.399553, -0.392962, 0.09029, -0.915111, 1.632428, 0.074268, 0.995032, 0.066283, 0.461526, 0.0, 0.0, 0.0, 1.0],
                [0.919119, -0.045436, -0.391351, 0.397106, -0.386594, 0.087425, -0.918097, 1.618082, 0.075928, 0.995134, 0.062788, 0.461677, 0.0, 0.0, 0.0, 1.0],
                [0.921638, -0.048916, -0.384954, 0.393146, -0.380214, 0.084516, -0.921029, 1.602251, 0.077588, 0.99522, 0.059295, 0.462243, 0.0, 0.0, 0.0, 1.0],
                [0.924109, -0.052357, -0.378525, 0.387537, -0.373821, 0.081563, -0.923907, 1.58411, 0.079247, 0.995291, 0.055801, 0.46281, 0.0, 0.0, 0.0, 1.0],
                [0.92653, -0.05576, -0.372064, 0.380701, -0.367417, 0.078566, -0.926732, 1.564416, 0.080906, 0.995348, 0.052307, 0.463705, 0.0, 0.0, 0.0, 1.0],
                [0.928902, -0.059124, -0.365573, 0.373065, -0.361001, 0.075525, -0.929502, 1.543934, 0.082566, 0.995389, 0.048811, 0.464601, 0.0, 0.0, 0.0, 1.0],
                [0.931226, -0.062447, -0.35905, 0.365051, -0.354575, 0.07244, -0.932217, 1.523421, 0.084224, 0.995415, 0.045316, 0.465658, 0.0, 0.0, 0.0, 1.0],
                [0.9335, -0.065731, -0.352499, 0.357081, -0.348138, 0.069313, -0.934877, 1.503638, 0.085883, 0.995427, 0.041821, 0.466714, 0.0, 0.0, 0.0, 1.0],
                [0.935725, -0.068972, -0.345919, 0.349582, -0.341693, 0.066145, -0.937481, 1.485346, 0.087541, 0.995423, 0.038326, 0.467771, 0.0, 0.0, 0.0, 1.0],
                [0.937902, -0.072172, -0.339309, 0.342974, -0.335236, 0.062933, -0.94003, 1.469306, 0.089198, 0.995404, 0.034831, 0.468828, 0.0, 0.0, 0.0, 1.0],
                [0.93952, -0.075254, -0.334123, 0.337659, -0.33022, 0.059779, -0.942009, 1.456221, 0.090864, 0.99537, 0.031314, 0.469717, 0.0, 0.0, 0.0, 1.0],
                [0.941088, -0.078266, -0.32898, 0.334126, -0.325262, 0.056634, -0.943926, 1.447022, 0.092508, 0.995322, 0.02784, 0.470594, 0.0, 0.0, 0.0, 1.0],
                [0.942713, -0.080414, -0.323766, 0.332735, -0.320163, 0.054615, -0.945786, 1.442299, 0.093737, 0.995263, 0.02574, 0.471246, 0.0, 0.0, 0.0, 1.0],
                [0.944309, -0.082543, -0.318538, 0.333182, -0.315058, 0.052572, -0.947615, 1.44159, 0.094965, 0.995199, 0.023638, 0.471703, 0.0, 0.0, 0.0, 1.0],
                [0.945293, -0.084555, -0.315071, 0.334765, -0.311715, 0.050666, -0.948823, 1.44364, 0.096192, 0.99513, 0.021537, 0.472161, 0.0, 0.0, 0.0, 1.0],
                [0.946265, -0.086556, -0.311595, 0.337351, -0.308371, 0.048747, -0.950016, 1.448119, 0.097418, 0.995053, 0.019436, 0.472618, 0.0, 0.0, 0.0, 1.0],
                [0.947221, -0.088542, -0.308111, 0.340803, -0.305026, 0.046815, -0.951192, 1.4547, 0.098645, 0.994971, 0.017337, 0.472948, 0.0, 0.0, 0.0, 1.0],
                [0.948163, -0.090517, -0.304618, 0.344984, -0.301681, 0.044868, -0.952352, 1.463047, 0.099872, 0.994883, 0.015235, 0.473277, 0.0, 0.0, 0.0, 1.0],
                [0.949308, -0.092374, -0.300467, 0.349757, -0.297714, 0.042583, -0.953705, 1.47283, 0.100892, 0.994813, 0.012924, 0.473523, 0.0, 0.0, 0.0, 1.0],
                [0.950434, -0.094215, -0.296305, 0.354987, -0.293746, 0.040283, -0.955034, 1.483718, 0.101914, 0.994736, 0.010611, 0.473769, 0.0, 0.0, 0.0, 1.0],
                [0.951543, -0.096039, -0.292135, 0.360535, -0.289776, 0.037969, -0.956341, 1.495379, 0.102938, 0.994653, 0.008299, 0.474015, 0.0, 0.0, 0.0, 1.0],
                [0.952632, -0.097847, -0.287954, 0.366265, -0.285802, 0.035643, -0.957625, 1.507482, 0.103964, 0.994563, 0.00599, 0.474261, 0.0, 0.0, 0.0, 1.0],
                [0.953703, -0.099637, -0.283764, 0.372042, -0.281827, 0.033302, -0.958887, 1.519694, 0.104991, 0.994466, 0.00368, 0.474507, 0.0, 0.0, 0.0, 1.0],
                [0.954756, -0.10141, -0.279565, 0.377726, -0.277849, 0.030949, -0.960126, 1.531686, 0.106019, 0.994363, 0.001372, 0.474753, 0.0, 0.0, 0.0, 1.0],
                [0.95579, -0.103166, -0.275357, 0.383184, -0.273871, 0.028583, -0.961341, 1.543127, 0.107049, 0.994253, -0.000935, 0.474999, 0.0, 0.0, 0.0, 1.0],
                [0.961833, -0.10542, -0.252514, 0.388332, -0.251376, 0.024164, -0.967588, 1.553736, 0.108105, 0.994134, -0.003259, 0.475247, 0.0, 0.0, 0.0, 1.0],
                [0.957803, -0.106628, -0.266912, 0.392867, -0.265906, 0.02381, -0.963705, 1.563025, 0.109113, 0.994014, -0.005548, 0.475491, 0.0, 0.0, 0.0, 1.0]
            ]
        },
        {
            "name": "Thigh_R",
            "time": [0.0, 0.01, 0.02, 0.03, 0.04, 0.05, 0.06, 0.07, 0.08, 0.09, 0.1, 0.11, 0.12, 0.13, 0.14, 0.15, 0.16, 0.17, 0.18, 0.19, 0.2, 0.21, 0.22, 0.23, 0.24, 0.25, 0.26, 0.27, 0.28, 0.29, 0.3, 0.31, 0.32, 0.33, 0.34, 0.35, 0.36, 0.37, 0.38, 0.39, 0.4, 0.41, 0.42, 0.43, 0.44, 0.45, 0.46, 0.47, 0.48, 0.49, 0.5, 0.51, 0.52, 0.53, 0.54, 0.55, 0.56, 0.57, 0.58, 0.59, 0.6, 0.61, 0.62, 0.63, 0.64, 0.65, 0.66, 0.67, 0.68, 0.69, 0.7, 0.71, 0.72, 0.73, 0.74, 0.75, 0.76, 0.77, 0.78, 0.79, 0.8, 0.81, 0.82, 0.83, 0.84, 0.85, 0.86, 0.87, 0.88, 0.89, 0.9, 0.91, 0.92, 0.93, 0.94, 0.95, 0.96, 0.97, 0.98, 0.99, 1.0, 1.01, 1.02, 1.03, 1.04, 1.05, 1.06, 1.07, 1.08, 1.09, 1.1, 1.11, 1.12, 1.13, 1.14, 1.15, 1.16, 1.17, 1.18, 1.19, 1.2, 1.21, 1.22, 1.23, 1.24, 1.25, 1.26, 1.27, 1.28, 1.29, 1.3, 1.31, 1.32, 1.33, 1.34, 1.35, 1.36, 1.37, 1.38, 1.39, 1.4, 1.41, 1.42, 1.43, 1.44, 1.45, 1.46, 1.47, 1.48, 1.49, 1.5, 1.51, 1.52, 1.53, 1.54, 1.55, 1.56, 1.57, 1.58, 1.59, 1.6, 1.61, 1.62, 1.63, 1.64, 1.65, 1.66, 1.67, 1.68, 1.69, 1.7, 1.71, 1.72, 1.73],
            "transform": [
                [0.986027, -0.102781, -0.131073, 0.133478, -0.049932, -0.933125, 0.356076, 0.000877, -0.158904, -0.344558, -0.925218, 0.057056, 0.0, 0.0, 0.0, 1.0],
                [0.981697, -0.087031, -0.169436, 0.124993, -0.040817, -0.964962, 0.259172, 0.036506, -0.186058, -0.247509, -0.950853, -0.059856, 0.0, 0.0, 0.0, 1.0],
                [0.969472, -0.015004, -0.244766, 0.124993, 0.059297, -0.954158, 0.293348, 0.036506, -0.23795, -0.298903, -0.924141, -0.059856, 0.0, 0.0, 0.0, 1.0],
                [0.937409, 0.114796, -0.32878, 0.124993, 0.216925, -0.931049, 0.293396, 0.036506, -0.272433, -0.346347, -0.897677, -0.059856, 0.0, 0.0, 0.0, 1.0],
                [0.848391, 0.27007, -0.455307, 0.124993, 0.432178, -0.850045, 0.301062, 0.036507, -0.305728, -0.452185, -0.837889, -0.059856, 0.0, 0.0, 0.0, 1.0],
                [0.706882, 0.33471, -0.62313, 0.124993, 0.631348, -0.695791, 0.342453, 0.036506, -0.31895, -0.635478, -0.703161, -0.059856, 0.0, 0.0, 0.0, 1.0],
                [0.568191, 0.282866, -0.772754, 0.124993, 0.78913, -0.453564, 0.414196, 0.036506, -0.233335, -0.845135, -0.48093, -0.059856, 0.0, 0.0, 0.0, 1.0],
                [0.480228, 0.171721, -0.860172, 0.124993, 0.877001, -0.112018, 0.467256, 0.036506, -0.016118, -0.97875, -0.204395, -0.059856, 0.0, 0.0, 0.0, 1.0],
                [0.506271, 0.060283, -0.860267, 0.124993, 0.824412, 0.258905, 0.503308, 0.036506, 0.25307, -0.964014, 0.081378, -0.059856, 0.0, 0.0, 0.0, 1.0],
                [0.640735, 0.007029, -0.767733, 0.124993, 0.637437, 0.552502, 0.537045, 0.036506, 0.427954, -0.833476, 0.349527, -0.059856, 0.0, 0.0, 0.0, 1.0],
                [0.811723, 0.017843, -0.583777, 0.124993, 0.399744, 0.71176, 0.577579, 0.036506, 0.42582, -0.702187, 0.570619, -0.059856, 0.0, 0.0, 0.0, 1.0],
                [0.945033, 0.048321, -0.3234, 0.124993, 0.182141, 0.743587, 0.643348, 0.036506, 0.271566, -0.666882, 0.693914, -0.059856, 0.0, 0.0, 0.0, 1.0],
                [0.974092, 0.103662, -0.20102, 0.124993, 0.05171, 0.763168, 0.644123, 0.036507, 0.220185, -0.637822, 0.738036, -0.059856, 0.0, 0.0, 0.0, 1.0],
                [0.986174, 0.159273, -0.045867, 0.124993, -0.084206, 0.719795, 0.689056, 0.036506, 0.142764, -0.675659, 0.723256, -0.059857, 0.0, 0.0, 0.0, 1.0],
                [0.972328, 0.19999, 0.120808, 0.124993, -0.220871, 0.618101, 0.754429, 0.036506, 0.076207, -0.760225, 0.645169, -0.059856, 0.0, 0.0, 0.0, 1.0],
                [0.934589, 0.21898, 0.280357, 0.124993, -0.352429, 0.462584, 0.813517, 0.036506, 0.048456, -0.859099, 0.509501, -0.059857, 0.0, 0.0, 0.0, 1.0],
                [0.882018, 0.22492, 0.414081, 0.124993, -0.464232, 0.263907, 0.845484, 0.036506, 0.080888, -0.937951, 0.337186, -0.059856, 0.0, 0.0, 0.0, 1.0],
                [0.82598, 0.233252, 0.513184, 0.124993, -0.535957, 0.042821, 0.843161, 0.036506, 0.174697, -0.971466, 0.160382, -0.059856, 0.0, 0.0, 0.0, 1.0],
                [0.760056, 0.284925, 0.58407, 0.124993, -0.518814, -0.275198, 0.809382, 0.036506, 0.391353, -0.918189, -0.061344, -0.059856, 0.0, 0.0, 0.0, 1.0],
                [0.677376, 0.35297, 0.645428, 0.124993, -0.321617, -0.646981, 0.691357, 0.036506, 0.661616, -0.675881, -0.324729, -0.059856, 0.0, 0.0, 0.0, 1.0],
                [0.606004, 0.398596, 0.688391, 0.124993, -0.00572, -0.863184, 0.504848, 0.036506, 0.795448, -0.309874, -0.520814, -0.059856, 0.0, 0.0, 0.0, 1.0],
                [0.589479, 0.425891, 0.686391, 0.124993, 0.238285, -0.903582, 0.356021, 0.036506, 0.771846, -0.046309, -0.634126, -0.059856, 0.0, 0.0, 0.0, 1.0],
                [0.678313, 0.499403, 0.538972, 0.124993, 0.267346, -0.850979, 0.452054, 0.036507, 0.684418, -0.16254, -0.710745, -0.059856, 0.0, 0.0, 0.0, 1.0],
                [0.819828, 0.484487, 0.30522, 0.124993, 0.270721, -0.797629, 0.538972, 0.036506, 0.504584, -0.35923, -0.78508, -0.059856, 0.0, 0.0, 0.0, 1.0],
                [0.886929, 0.454985, 0.079704, 0.124993, 0.307031, -0.709593, 0.634195, 0.036506, 0.345111, -0.538008, -0.769054, -0.059856, 0.0, 0.0, 0.0, 1.0],
                [0.870453, 0.483376, -0.093085, 0.124993, 0.37584, -0.530465, 0.759835, 0.036506, 0.317911, -0.696377, -0.643417, -0.059856, 0.0, 0.0, 0.0, 1.0],
                [0.851973, 0.492567, -0.177558, 0.124993, 0.365769, -0.317238, 0.874971, 0.036507, 0.374658, -0.810385, -0.450444, -0.059856, 0.0, 0.0, 0.0, 1.0],
                [0.884958, 0.427857, -0.183836, 0.124993, 0.303954, -0.231617, 0.924103, 0.036506, 0.352808, -0.873659, -0.335021, -0.059856, 0.0, 0.0, 0.0, 1.0],
                [0.915794, 0.346971, -0.202341, 0.124993, 0.32913, -0.359477, 0.873183, 0.036507, 0.230236, -0.866241, -0.443406, -0.059856, 0.0, 0.0, 0.0, 1.0],
                [0.915783, 0.291136, -0.276751, 0.124993, 0.395482, -0.532824, 0.748124, 0.036506, 0.070347, -0.794559, -0.603091, -0.059857, 0.0, 0.0, 0.0, 1.0],
                [0.895767, 0.203182, -0.395384, 0.124993, 0.4316, -0.61053, 0.664057, 0.036506, -0.106472, -0.765477, -0.634587, -0.059857, 0.0, 0.0, 0.0, 1.0],
                [0.860226, 0.117058, -0.496304, 0.124993, 0.443326, -0.652602, 0.614467, 0.036506, -0.251964, -0.748595, -0.613281, -0.059857, 0.0, 0.0, 0.0, 1.0],
                [0.831367, 0.071023, -0.551174, 0.124993, 0.446092, -0.676766, 0.585651, 0.036506, -0.331425, -0.732756, -0.594324, -0.059856, 0.0, 0.0, 0.0, 1.0],
                [0.812602, 0.068789, -0.578753, 0.124993, 0.456326, -0.692826, 0.55835, 0.036507, -0.362572, -0.717806, -0.594382, -0.059856, 0.0, 0.0, 0.0, 1.0],
                [0.795046, 0.075303, -0.601864, 0.124993, 0.470261, -0.703238, 0.533205, 0.036507, -0.383107, -0.706946, -0.594518, -0.059856, 0.0, 0.0, 0.0, 1.0],
                [0.780407, 0.08602, -0.619333, 0.124993, 0.484515, -0.709293, 0.512002, 0.036506, -0.395251, -0.699637, -0.595215, -0.059856, 0.0, 0.0, 0.0, 1.0],
                [0.765344, 0.097224, -0.636242, 0.124993, 0.498485, -0.714865, 0.490385, 0.036506, -0.407155, -0.692461, -0.595582, -0.059856, 0.0, 0.0, 0.0, 1.0],
                [0.756324, 0.105639, -0.645618, 0.124993, 0.507493, -0.71751, 0.477102, 0.036506, -0.412842, -0.68848, -0.596282, -0.059857, 0.0, 0.0, 0.0, 1.0],
                [0.749161, 0.11083, -0.653056, 0.124993, 0.513973, -0.719186, 0.467546, 0.036507, -0.417856, -0.685911, -0.595749, -0.059856, 0.0, 0.0, 0.0, 1.0],
                [0.744409, 0.116059, -0.657565, 0.124993, 0.520351, -0.717961, 0.462345, 0.036506, -0.418453, -0.686329, -0.594849, -0.059856, 0.0, 0.0, 0.0, 1.0],
                [0.739632, 0.121332, -0.66199, 0.124993, 0.526709, -0.716669, 0.45712, 0.036507, -0.418971, -0.686767, -0.593978, -0.059856, 0.0, 0.0, 0.0, 1.0],
                [0.736314, 0.127026, -0.664615, 0.124993, 0.532551, -0.714719, 0.453391, 0.036507, -0.417426, -0.68777, -0.593906, -0.059856, 0.0, 0.0, 0.0, 1.0],
                [0.732987, 0.132731, -0.667173, 0.124993, 0.538371, -0.712699, 0.449681, 0.036507, -0.415813, -0.688787, -0.593858, -0.059856, 0.0, 0.0, 0.0, 1.0],
                [0.728846, 0.136545, -0.670929, 0.124993, 0.543788, -0.710868, 0.446047, 0.036506, -0.416042, -0.689934, -0.592366, -0.059856, 0.0, 0.0, 0.0, 1.0],
                [0.72474, 0.14033, -0.674586, 0.124993, 0.549128, -0.709006, 0.442454, 0.036507, -0.416202, -0.691088, -0.590905, -0.059856, 0.0, 0.0, 0.0, 1.0],
                [0.720055, 0.140177, -0.679617, 0.124993, 0.550428, -0.71177, 0.43636, 0.036506, -0.422569, -0.688272, -0.589672, -0.059856, 0.0, 0.0, 0.0, 1.0],
                [0.71531, 0.140176, -0.684609, 0.124993, 0.551751, -0.714496, 0.430189, 0.036506, -0.428854, -0.685442, -0.588429, -0.059856, 0.0, 0.0, 0.0, 1.0],
                [0.70879, 0.137498, -0.691893, 0.124993, 0.54944, -0.722751, 0.419219, 0.036507, -0.44243, -0.677284, -0.587825, -0.059856, 0.0, 0.0, 0.0, 1.0],
                [0.700351, 0.131698, -0.701549, 0.124993, 0.54568, -0.732374, 0.407255, 0.036506, -0.460168, -0.668033, -0.584786, -0.059857, 0.0, 0.0, 0.0, 1.0],
                [0.681822, 0.121653, -0.721336, 0.124993, 0.527342, -0.765144, 0.369406, 0.036506, -0.506993, -0.632251, -0.585845, -0.059856, 0.0, 0.0, 0.0, 1.0],
                [0.650082, 0.105093, -0.752565, 0.124993, 0.486323, -0.818522, 0.305786, 0.036506, -0.583863, -0.564768, -0.583216, -0.059856, 0.0, 0.0, 0.0, 1.0],
                [0.613939, 0.087507, -0.784491, 0.124993, 0.433582, -0.867865, 0.242506, 0.036506, -0.659621, -0.489018, -0.570758, -0.059856, 0.0, 0.0, 0.0, 1.0],
                [0.58615, 0.062211, -0.807813, 0.124993, 0.389338, -0.896005, 0.213497, 0.036506, -0.710532, -0.439648, -0.549416, -0.059856, 0.0, 0.0, 0.0, 1.0],
                [0.586121, 0.016319, -0.810062, 0.124993, 0.37421, -0.892221, 0.252782, 0.036506, -0.718639, -0.451288, -0.529056, -0.059856, 0.0, 0.0, 0.0, 1.0],
                [0.605459, -0.063992, -0.793303, 0.124993, 0.397401, -0.839299, 0.371001, 0.036507, -0.689569, -0.539878, -0.482731, -0.059856, 0.0, 0.0, 0.0, 1.0],
                [0.634215, -0.162956, -0.755792, 0.124993, 0.44283, -0.724752, 0.527856, 0.036506, -0.633788, -0.669452, -0.387487, -0.059856, 0.0, 0.0, 0.0, 1.0],
                [0.679259, -0.242639, -0.692631, 0.124993, 0.486351, -0.557956, 0.672418, 0.036506, -0.549619, -0.793599, -0.26099, -0.059856, 0.0, 0.0, 0.0, 1.0],
                [0.735077, -0.277478, -0.618607, 0.124993, 0.509288, -0.376307, 0.773964, 0.036507, -0.44755, -0.88396, -0.135299, -0.059856, 0.0, 0.0, 0.0, 1.0],
                [0.786097, -0.266553, -0.557681, 0.124993, 0.509692, -0.230884, 0.8288, 0.036506, -0.349684, -0.93575, -0.045638, -0.059856, 0.0, 0.0, 0.0, 1.0],
                [0.81793, -0.22389, -0.529972, 0.124993, 0.512514, -0.134988, 0.848004, 0.036506, -0.261403, -0.965215, 0.004336, -0.059856, 0.0, 0.0, 0.0, 1.0],
