{
    "animation": [
        {
            "name": "Root",
            "time": [0.0, 2.1, 2.11, 2.12, 2.13, 2.14, 2.15, 2.16, 2.17, 2.18, 2.19, 2.2, 2.21, 2.22, 2.23, 2.24, 2.25, 2.26, 2.27, 2.3, 2.31, 2.32, 2.33, 2.34, 2.35, 2.36, 2.37, 2.38, 2.39, 2.4, 2.41, 2.42, 2.43, 2.44, 2.45, 2.46, 2.47, 2.5],
            "transform": [
                [0.985301, 0.0, -0.17083, -5e-06, -0.17083, 0.0, -0.985301, 0.000946, 0.0, 1.0, 0.0, 0.674392, 0.0, 0.0, 0.0, 1.0],
                [0.985298, 0.0, -0.170843, -5e-06, -0.170843, 0.0, -0.985298, 0.000946, 0.0, 1.0, 0.0, 0.674392, 0.0, 0.0, 0.0, 1.0],
                [0.985298, 0.0, -0.170843, -5e-06, -0.170843, 0.0, -0.985298, -0.004073, 0.0, 1.0, 0.0, 0.674392, 0.0, 0.0, 0.0, 1.0],
                [0.985298, 0.0, -0.170843, -5e-06, -0.170843, 0.0, -0.985298, -0.017699, 0.0, 1.0, 0.0, 0.674392, 0.0, 0.0, 0.0, 1.0],
                [0.985298, 0.0, -0.170843, -5e-06, -0.170843, 0.0, -0.985298, -0.037778, 0.0, 1.0, 0.0, 0.674392, 0.0, 0.0, 0.0, 1.0],
                [0.985298, 0.0, -0.170843, -5e-06, -0.170843, 0.0, -0.985298, -0.062161, 0.0, 1.0, 0.0, 0.674392, 0.0, 0.0, 0.0, 1.0],
                [0.985298, 0.0, -0.170843, -5e-06, -0.170843, 0.0, -0.985298, -0.088695, 0.0, 1.0, 0.0, 0.674392, 0.0, 0.0, 0.0, 1.0],
                [0.985298, 0.0, -0.170843, -5e-06, -0.170843, 0.0, -0.985298, -0.115228, 0.0, 1.0, 0.0, 0.674392, 0.0, 0.0, 0.0, 1.0],
                [0.985298, 0.0, -0.170844, -5e-06, -0.170844, 0.0, -0.985298, -0.139611, 0.0, 1.0, 0.0, 0.674392, 0.0, 0.0, 0.0, 1.0],
                [0.985298, 0.0, -0.170844, -5e-06, -0.170844, 0.0, -0.985298, -0.15969, 0.0, 1.0, 0.0, 0.674392, 0.0, 0.0, 0.0, 1.0],
                [0.985298, 0.0, -0.170844, -5e-06, -0.170844, 0.0, -0.985298, -0.173315, 0.0, 1.0, 0.0, 0.674392, 0.0, 0.0, 0.0, 1.0],
                [0.985298, 0.0, -0.170844, -5e-06, -0.170844, 0.0, -0.985298, -0.178335, 0.0, 1.0, 0.0, 0.674392, 0.0, 0.0, 0.0, 1.0],
                [0.985265, 0.00164, -0.171025, 0.000506, -0.171015, 0.024034, -0.984975, -0.152763, 0.002495, 0.99971, 0.023961, 0.67028, 0.0, 0.0, 0.0, 1.0],
                [0.985193, 0.005903, -0.171348, 0.001822, -0.171215, 0.086162, -0.981459, -0.086813, 0.00897, 0.996264, 0.085897, 0.659676, 0.0, 0.0, 0.0, 1.0],
                [0.985138, 0.011776, -0.171359, 0.003622, -0.170832, 0.170907, -0.970365, 0.003364, 0.01786, 0.985217, 0.170379, 0.645175, 0.0, 0.0, 0.0, 1.0],
                [0.985138, 0.018162, -0.1708, 0.005583, -0.169549, 0.261965, -0.950067, 0.101617, 0.027488, 0.964907, 0.261151, 0.629376, 0.0, 0.0, 0.0, 1.0],
                [0.985193, 0.023944, -0.169769, 0.007383, -0.167591, 0.343377, -0.924124, 0.191793, 0.036168, 0.938892, 0.342306, 0.614876, 0.0, 0.0, 0.0, 1.0],
                [0.985265, 0.028086, -0.168711, 0.0087, -0.165703, 0.401089, -0.900927, 0.257744, 0.042365, 0.915608, 0.399833, 0.604271, 0.0, 0.0, 0.0, 1.0],
                [0.985301, 0.029667, -0.168234, 0.00921, -0.164871, 0.422973, -0.891017, 0.283316, 0.044724, 0.905657, 0.421646, 0.600159, 0.0, 0.0, 0.0, 1.0],
                [0.985301, 0.029667, -0.168234, 0.00921, -0.164872, 0.422973, -0.891017, 0.283316, 0.044724, 0.905657, 0.421646, 0.600159, 0.0, 0.0, 0.0, 1.0],
                [0.985263, 0.027988, -0.16874, 0.008668, -0.165753, 0.399725, -0.901524, 0.286425, 0.042218, 0.916208, 0.398473, 0.604526, 0.0, 0.0, 0.0, 1.0],
                [0.98523, 0.026292, -0.169203, 0.008126, -0.166572, 0.376155, -0.911461, 0.289533, 0.039683, 0.926183, 0.374979, 0.608893, 0.0, 0.0, 0.0, 1.0],
                [0.985202, 0.024581, -0.169624, 0.007584, -0.167328, 0.352287, -0.920812, 0.292642, 0.037122, 0.935569, 0.351187, 0.613259, 0.0, 0.0, 0.0, 1.0],
                [0.985179, 0.022857, -0.170002, 0.007042, -0.168019, 0.328141, -0.929566, 0.295751, 0.034538, 0.944352, 0.327117, 0.617626, 0.0, 0.0, 0.0, 1.0],
                [0.98516, 0.02112, -0.170336, 0.0065, -0.168644, 0.30374, -0.937711, 0.298859, 0.031933, 0.952521, 0.302794, 0.621993, 0.0, 0.0, 0.0, 1.0],
                [0.985148, 0.019372, -0.170612, 0.005958, -0.169189, 0.279108, -0.945238, 0.301968, 0.029308, 0.960064, 0.27824, 0.626359, 0.0, 0.0, 0.0, 1.0],
                [0.985136, 0.017619, -0.170871, 0.005416, -0.169694, 0.254268, -0.95213, 0.305076, 0.026671, 0.966973, 0.253478, 0.630726, 0.0, 0.0, 0.0, 1.0],
                [0.985143, 0.01585, -0.171001, 0.004874, -0.170047, 0.229247, -0.9584, 0.308185, 0.024011, 0.973239, 0.228536, 0.635093, 0.0, 0.0, 0.0, 1.0],
                [0.985151, 0.01408, -0.171113, 0.004332, -0.170359, 0.204067, -0.96402, 0.311294, 0.021345, 0.978856, 0.203436, 0.639459, 0.0, 0.0, 0.0, 1.0],
                [0.985158, 0.012311, -0.171208, 0.00379, -0.170631, 0.178754, -0.968985, 0.314402, 0.018675, 0.983817, 0.178202, 0.643826, 0.0, 0.0, 0.0, 1.0],
                [0.985165, 0.010543, -0.171285, 0.003248, -0.170862, 0.153334, -0.973291, 0.317511, 0.016002, 0.988118, 0.15286, 0.648193, 0.0, 0.0, 0.0, 1.0],
                [0.985172, 0.008778, -0.171346, 0.002706, -0.171052, 0.127832, -0.976934, 0.320619, 0.013328, 0.991757, 0.127437, 0.652559, 0.0, 0.0, 0.0, 1.0],
                [0.985179, 0.007014, -0.171388, 0.002164, -0.171201, 0.102274, -0.979914, 0.323728, 0.010655, 0.994732, 0.101959, 0.656926, 0.0, 0.0, 0.0, 1.0],
                [0.985202, 0.00525, -0.171316, 0.001622, -0.17121, 0.076686, -0.982246, 0.326837, 0.00798, 0.997041, 0.07645, 0.661292, 0.0, 0.0, 0.0, 1.0],
                [0.98523, 0.003492, -0.171198, 0.001079, -0.171151, 0.051095, -0.983919, 0.329945, 0.005311, 0.998688, 0.050938, 0.665659, 0.0, 0.0, 0.0, 1.0],
                [0.985263, 0.001742, -0.171036, 0.000537, -0.171024, 0.025524, -0.984936, 0.333054, 0.00265, 0.999673, 0.025446, 0.670026, 0.0, 0.0, 0.0, 1.0],
                [0.985298, -0.0, -0.170845, -5e-06, -0.170845, 0.0, -0.985298, 0.336162, 0.0, 1.0, 0.0, 0.674392, 0.0, 0.0, 0.0, 1.0],
                [0.985298, -0.0, -0.170845, -5e-06, -0.170845, 0.0, -0.985298, 0.336162, 0.0, 1.0, 0.0, 0.674392, 0.0, 0.0, 0.0, 1.0]
            ]
        },
        {
            "name": "Thigh_R",
            "time": [0.0, 2.1, 2.11, 2.12, 2.13, 2.14, 2.15, 2.16, 2.17, 2.18, 2.19, 2.2, 2.21, 2.22, 2.23, 2.24, 2.25, 2.26, 2.27, 2.28, 2.29, 2.3, 2.31, 2.32, 2.33, 2.34, 2.35, 2.36, 2.37, 2.38, 2.39, 2.4, 2.41, 2.42, 2.43, 2.44, 2.45, 2.46, 2.47, 2.48, 2.49, 2.5],
            "transform": [
                [0.981239, 0.150329, -0.120712, 0.124994, 0.192019, -0.818181, 0.541948, -0.002831, -0.017294, -0.55496, -0.831697, -1.2e-05, 0.0, 0.0, 0.0, 1.0],
                [0.981239, 0.150329, -0.120712, 0.124994, 0.192019, -0.818181, 0.541948, -0.002831, -0.017294, -0.55496, -0.831697, -1.2e-05, 0.0, 0.0, 0.0, 1.0],
                [0.982014, 0.150691, -0.113763, 0.124994, 0.188521, -0.815971, 0.54649, -0.002831, -0.010476, -0.558107, -0.829703, -1.2e-05, 0.0, 0.0, 0.0, 1.0],
                [0.982919, 0.14888, -0.108195, 0.124994, 0.183982, -0.809859, 0.557028, -0.002831, -0.004692, -0.567419, -0.823416, -1.2e-05, 0.0, 0.0, 0.0, 1.0],
                [0.983898, 0.145334, -0.104037, 0.124994, 0.178733, -0.799967, 0.572806, -0.002831, 2.2e-05, -0.582178, -0.813062, -1.2e-05, 0.0, 0.0, 0.0, 1.0],
                [0.984877, 0.140555, -0.101306, 0.124994, 0.173221, -0.786474, 0.592835, -0.002831, 0.003652, -0.601418, -0.798927, -1.2e-05, 0.0, 0.0, 0.0, 1.0],
                [0.985768, 0.134863, -0.100372, 0.124994, 0.167999, -0.768089, 0.617912, -0.002831, 0.006239, -0.62598, -0.779814, -1.2e-05, 0.0, 0.0, 0.0, 1.0],
                [0.986476, 0.128357, -0.101938, 0.124994, 0.163722, -0.741722, 0.650418, -0.002831, 0.007875, -0.65831, -0.752705, -1.2e-05, 0.0, 0.0, 0.0, 1.0],
                [0.986896, 0.1209, -0.106869, 0.124994, 0.161128, -0.702665, 0.693036, -0.002831, 0.008695, -0.701174, -0.712937, -1.2e-05, 0.0, 0.0, 0.0, 1.0],
                [0.986911, 0.112419, -0.115625, 0.124994, 0.161026, -0.647711, 0.744676, -0.002831, 0.008824, -0.753547, -0.657335, -1.2e-05, 0.0, 0.0, 0.0, 1.0],
                [0.986371, 0.102917, -0.128379, 0.124994, 0.164327, -0.576576, 0.800348, -0.002831, 0.008349, -0.810536, -0.585629, -1.2e-05, 0.0, 0.0, 0.0, 1.0],
                [0.985046, 0.092295, -0.14549, 0.124994, 0.172141, -0.491455, 0.853721, -0.002831, 0.007292, -0.865999, -0.499993, -1.2e-05, 0.0, 0.0, 0.0, 1.0],
                [0.98435, 0.088955, -0.152127, 0.124994, 0.176092, -0.46283, 0.868781, -0.002831, 0.006873, -0.881972, -0.471251, -1.2e-05, 0.0, 0.0, 0.0, 1.0],
                [0.982996, 0.081603, -0.164502, 0.124994, 0.183528, -0.40676, 0.89491, -0.002831, 0.006115, -0.909883, -0.41482, -1.2e-05, 0.0, 0.0, 0.0, 1.0],
                [0.982211, 0.074046, -0.17257, 0.124994, 0.187695, -0.358698, 0.914389, -0.002831, 0.005807, -0.930512, -0.366215, -1.2e-05, 0.0, 0.0, 0.0, 1.0],
                [0.983264, 0.070362, -0.168056, 0.124994, 0.182076, -0.34665, 0.920153, -0.002831, 0.006487, -0.935352, -0.35366, -1.2e-05, 0.0, 0.0, 0.0, 1.0],
                [0.987119, 0.080022, -0.138543, 0.124994, 0.159777, -0.448124, 0.879577, -0.002831, 0.008301, -0.890383, -0.455138, -1.2e-05, 0.0, 0.0, 0.0, 1.0],
                [0.982123, 0.059827, -0.178482, 0.124994, 0.188159, -0.283915, 0.940207, -0.002831, 0.005576, -0.956981, -0.290096, -1.2e-05, 0.0, 0.0, 0.0, 1.0],
                [0.980049, 0.053505, -0.191422, 0.124994, 0.198716, -0.243681, 0.949279, -0.002831, 0.004145, -0.968378, -0.249452, -1.2e-05, 0.0, 0.0, 0.0, 1.0],
                [0.980048, 0.053183, -0.191514, 0.124994, 0.198726, -0.243877, 0.949227, -0.002831, 0.003777, -0.968347, -0.24958, -1.2e-05, 0.0, 0.0, 0.0, 1.0],
                [0.979988, 0.05281, -0.191928, 0.124994, 0.199034, -0.244116, 0.949101, -0.002831, 0.003269, -0.968307, -0.249741, -1.2e-05, 0.0, 0.0, 0.0, 1.0],
                [0.979888, 0.052248, -0.192588, 0.124994, 0.199534, -0.244406, 0.948922, -0.002831, 0.002509, -0.968264, -0.249916, -1.2e-05, 0.0, 0.0, 0.0, 1.0],
                [0.980679, 0.058762, -0.186591, 0.124994, 0.195608, -0.282083, 0.939237, -0.002831, 0.002557, -0.957589, -0.288127, -1.2e-05, 0.0, 0.0, 0.0, 1.0],
                [0.981329, 0.065079, -0.180993, 0.124994, 0.192321, -0.31963, 0.92782, -0.002831, 0.002531, -0.945305, -0.326178, -1.2e-05, 0.0, 0.0, 0.0, 1.0],
                [0.98186, 0.071253, -0.175713, 0.124994, 0.189594, -0.357021, 0.914653, -0.002831, 0.002438, -0.931375, -0.364054, -1.2e-05, 0.0, 0.0, 0.0, 1.0],
                [0.982287, 0.077294, -0.170703, 0.124994, 0.187373, -0.394056, 0.899784, -0.002831, 0.002281, -0.91583, -0.401559, -1.2e-05, 0.0, 0.0, 0.0, 1.0],
                [0.98262, 0.08324, -0.165919, 0.124994, 0.185618, -0.430744, 0.883179, -0.002831, 0.002047, -0.898627, -0.438709, -1.2e-05, 0.0, 0.0, 0.0, 1.0],
                [0.982869, 0.089101, -0.161337, 0.124994, 0.184298, -0.466996, 0.864841, -0.002831, 0.001714, -0.879759, -0.475417, -1.2e-05, 0.0, 0.0, 0.0, 1.0],
                [0.98304, 0.094888, -0.156941, 0.124994, 0.183392, -0.502739, 0.844761, -0.002831, 0.001257, -0.859215, -0.511614, -1.2e-05, 0.0, 0.0, 0.0, 1.0],
                [0.983135, 0.100613, -0.152718, 0.124994, 0.182881, -0.537944, 0.822904, -0.002831, 0.000642, -0.836955, -0.547271, -1.2e-05, 0.0, 0.0, 0.0, 1.0],
                [0.98316, 0.106271, -0.148673, 0.124994, 0.182748, -0.572472, 0.799299, -0.002831, -0.000169, -0.813008, -0.582253, -1.2e-05, 0.0, 0.0, 0.0, 1.0],
                [0.983118, 0.111872, -0.144795, 0.124994, 0.182974, -0.606296, 0.773903, -0.002831, -0.00121, -0.787331, -0.616529, -1.2e-05, 0.0, 0.0, 0.0, 1.0],
                [0.983011, 0.117435, -0.141062, 0.124994, 0.18353, -0.639408, 0.746643, -0.002831, -0.002515, -0.759847, -0.650097, -1.2e-05, 0.0, 0.0, 0.0, 1.0],
                [0.982847, 0.122942, -0.137473, 0.124994, 0.184382, -0.671582, 0.717622, -0.002831, -0.004099, -0.730659, -0.68273, -1.2e-05, 0.0, 0.0, 0.0, 1.0],
                [0.98263, 0.128437, -0.133956, 0.124994, 0.185485, -0.702901, 0.686678, -0.002831, -0.005963, -0.699596, -0.714514, -1.2e-05, 0.0, 0.0, 0.0, 1.0],
                [0.982369, 0.133944, -0.13043, 0.124994, 0.186782, -0.733305, 0.65374, -0.002831, -0.00808, -0.666576, -0.745393, -1.2e-05, 0.0, 0.0, 0.0, 1.0],
                [0.982074, 0.13947, -0.126808, 0.124994, 0.188213, -0.76262, 0.618859, -0.002831, -0.010394, -0.631631, -0.775199, -1.2e-05, 0.0, 0.0, 0.0, 1.0],
                [0.981757, 0.145077, -0.122913, 0.124994, 0.189711, -0.790941, 0.58174, -0.002831, -0.01282, -0.594445, -0.804034, -1.2e-05, 0.0, 0.0, 0.0, 1.0],
                [0.98143, 0.150768, -0.1186, 0.124994, 0.191218, -0.818075, 0.542392, -0.002831, -0.015249, -0.554997, -0.831713, -1.2e-05, 0.0, 0.0, 0.0, 1.0],
                [0.981348, 0.150443, -0.119683, 0.124994, 0.191545, -0.818153, 0.542158, -0.002831, -0.016355, -0.55497, -0.831709, -1.2e-05, 0.0, 0.0, 0.0, 1.0],
                [0.981294, 0.15022, -0.120406, 0.124994, 0.19176, -0.818158, 0.542075, -0.002831, -0.01708, -0.555024, -0.831659, -1.2e-05, 0.0, 0.0, 0.0, 1.0],
                [0.981274, 0.150141, -0.120664, 0.124994, 0.191837, -0.81816, 0.542045, -0.002831, -0.017339, -0.555043, -0.831641, -1.2e-05, 0.0, 0.0, 0.0, 1.0]
            ]
        },
        {
            "name": "Leg_R",
            "time": [0.0, 2.1, 2.11, 2.12, 2.13, 2.14, 2.15, 2.16, 2.17, 2.18, 2.19, 2.2, 2.21, 2.22, 2.23, 2.24, 2.25, 2.26, 2.27, 2.28, 2.29, 2.3, 2.31, 2.32, 2.33, 2.34, 2.35, 2.36, 2.37, 2.38, 2.39, 2.4, 2.41, 2.42, 2.43, 2.44, 2.45, 2.46, 2.47, 2.5],
            "transform": [
                [0.999994, -0.003412, -0.000745, 0.0, 0.00343, 0.919413, 0.393278, 0.374721, -0.000657, -0.393278, 0.91942, 0.0, 0.0, 0.0, 0.0, 1.0],
                [0.999995, -0.003227, -0.000707, -0.0, 0.003245, 0.919414, 0.393278, 0.374722, -0.000619, -0.393278, 0.91942, 0.0, 0.0, 0.0, 0.0, 1.0],
                [0.999995, -0.003228, -0.000696, -0.0, 0.003246, 0.921935, 0.38733, 0.374721, -0.000609, -0.38733, 0.921941, 0.0, 0.0, 0.0, 0.0, 1.0],
                [0.999995, -0.003234, -0.00067, -0.0, 0.00325, 0.927949, 0.372693, 0.374722, -0.000583, -0.372693, 0.927955, 0.0, 0.0, 0.0, 0.0, 1.0],
                [0.999995, -0.003063, -0.000604, 0.0, 0.003079, 0.935602, 0.353043, 0.374721, -0.000516, -0.353043, 0.935607, 0.0, 0.0, 0.0, 0.0, 1.0],
                [0.999996, -0.002877, -0.000536, -0.0, 0.002892, 0.943421, 0.331585, 0.374722, -0.000448, -0.331585, 0.943426, -0.0, 0.0, 0.0, 0.0, 1.0],
                [0.999996, -0.00282, -0.000502, 0.0, 0.002834, 0.948808, 0.31584, 0.374721, -0.000414, -0.31584, 0.948812, -0.0, 0.0, 0.0, 0.0, 1.0],
                [0.999996, -0.002757, -0.000495, -0.0, 0.002771, 0.948179, 0.317723, 0.374721, -0.000407, -0.317723, 0.948184, -0.0, 0.0, 0.0, 0.0, 1.0],
                [0.999995, -0.003046, -0.000597, -0.0, 0.003062, 0.936351, 0.351051, 0.374721, -0.00051, -0.351051, 0.936356, 0.0, 0.0, 0.0, 0.0, 1.0],
                [0.999993, -0.003653, -0.000852, 0.0, 0.003672, 0.907022, 0.421067, 0.374721, -0.000765, -0.421067, 0.907029, 0.0, 0.0, 0.0, 0.0, 1.0],
                [0.999989, -0.00453, -0.001322, -0.0, 0.004554, 0.85288, 0.522087, 0.374722, -0.001237, -0.522087, 0.852892, 0.0, 0.0, 0.0, 0.0, 1.0],
                [0.999982, -0.005567, -0.002068, -0.0, 0.005597, 0.766929, 0.641708, 0.374721, -0.001986, -0.641708, 0.766947, 0.0, 0.0, 0.0, 0.0, 1.0],
                [0.99998, -0.005895, -0.002358, -0.0, 0.005927, 0.733609, 0.679546, 0.374722, -0.002277, -0.679546, 0.733629, 0.0, 0.0, 0.0, 0.0, 1.0],
                [0.999976, -0.006388, -0.002853, 0.0, 0.006423, 0.676555, 0.736364, 0.374721, -0.002774, -0.736364, 0.67658, 0.0, 0.0, 0.0, 0.0, 1.0],
                [0.999974, -0.006547, -0.003031, 0.0, 0.006583, 0.655999, 0.754733, 0.374721, -0.002953, -0.754733, 0.656026, -0.0, 0.0, 0.0, 0.0, 1.0],
                [0.999979, -0.005992, -0.002448, -0.0, 0.006024, 0.723157, 0.690657, 0.374722, -0.002368, -0.690657, 0.723178, -0.0, 0.0, 0.0, 0.0, 1.0],
                [0.999995, -0.003149, -0.000637, 0.0, 0.003165, 0.931791, 0.36298, 0.374721, -0.00055, -0.36298, 0.931797, -0.0, 0.0, 0.0, 0.0, 1.0],
                [0.99998, -0.005894, -0.002356, -0.0, 0.005925, 0.733877, 0.679256, 0.374722, -0.002275, -0.679256, 0.733898, 0.0, 0.0, 0.0, 0.0, 1.0],
                [0.999975, -0.006458, -0.002929, 0.0, 0.006493, 0.667824, 0.744291, 0.374721, -0.002851, -0.744291, 0.66785, -0.0, 0.0, 0.0, 0.0, 1.0],
                [0.999975, -0.006426, -0.002891, -0.0, 0.00646, 0.672374, 0.740184, 0.374721, -0.002812, -0.740184, 0.672399, -0.0, 0.0, 0.0, 0.0, 1.0],
                [0.999976, -0.006392, -0.002854, 0.0, 0.006427, 0.676558, 0.736361, 0.374721, -0.002776, -0.736361, 0.676583, -0.0, 0.0, 0.0, 0.0, 1.0],
                [0.999976, -0.006358, -0.00282, -0.0, 0.006393, 0.680388, 0.732825, 0.374722, -0.002741, -0.732825, 0.680412, -0.0, 0.0, 0.0, 0.0, 1.0],
                [0.999977, -0.006235, -0.00269, -0.0, 0.006269, 0.695346, 0.718648, 0.374721, -0.002611, -0.718648, 0.695369, -0.0, 0.0, 0.0, 0.0, 1.0],
                [0.999978, -0.006109, -0.002562, -0.0, 0.006142, 0.710064, 0.704111, 0.374721, -0.002482, -0.704111, 0.710086, 0.0, 0.0, 0.0, 0.0, 1.0],
                [0.999979, -0.005977, -0.002435, -0.0, 0.006009, 0.724648, 0.689093, 0.374721, -0.002354, -0.689094, 0.724669, 0.0, 0.0, 0.0, 0.0, 1.0],
                [0.99998, -0.005845, -0.002311, -0.0, 0.005876, 0.738944, 0.673741, 0.374721, -0.00223, -0.673742, 0.738964, 0.0, 0.0, 0.0, 0.0, 1.0],
                [0.999981, -0.005708, -0.002189, -0.0, 0.005739, 0.753099, 0.657883, 0.374721, -0.002107, -0.657883, 0.753118, 0.0, 0.0, 0.0, 0.0, 1.0],
                [0.999983, -0.005566, -0.002067, -0.0, 0.005595, 0.767112, 0.641489, 0.374722, -0.001985, -0.641489, 0.76713, 0.0, 0.0, 0.0, 0.0, 1.0],
                [0.999984, -0.005419, -0.001946, -0.0, 0.005448, 0.78101, 0.624495, 0.374721, -0.001864, -0.624495, 0.781026, 0.0, 0.0, 0.0, 0.0, 1.0],
                [0.999985, -0.005264, -0.001826, -0.0, 0.005292, 0.79487, 0.606757, 0.374721, -0.001743, -0.606757, 0.794885, -0.0, 0.0, 0.0, 0.0, 1.0],
                [0.999986, -0.005104, -0.001706, 0.0, 0.005131, 0.808618, 0.588311, 0.374721, -0.001623, -0.588311, 0.808633, 0.0, 0.0, 0.0, 0.0, 1.0],
                [0.999987, -0.004937, -0.001588, -0.0, 0.004963, 0.822332, 0.568986, 0.374721, -0.001503, -0.568986, 0.822346, -0.0, 0.0, 0.0, 0.0, 1.0],
                [0.999988, -0.00476, -0.001468, 0.0, 0.004785, 0.836121, 0.548525, 0.374721, -0.001383, -0.548525, 0.836133, -0.0, 0.0, 0.0, 0.0, 1.0],
                [0.999989, -0.004573, -0.001349, -0.0, 0.004598, 0.849773, 0.52713, 0.374722, -0.001264, -0.52713, 0.849784, -0.0, 0.0, 0.0, 0.0, 1.0],
                [0.99999, -0.004375, -0.00123, 0.0, 0.004398, 0.86352, 0.504296, 0.374721, -0.001144, -0.504296, 0.86353, 0.0, 0.0, 0.0, 0.0, 1.0],
                [0.999991, -0.004163, -0.00111, 0.0, 0.004185, 0.877388, 0.479764, 0.374721, -0.001024, -0.479764, 0.877397, -0.0, 0.0, 0.0, 0.0, 1.0],
                [0.999992, -0.003935, -0.000989, 0.0, 0.003956, 0.89123, 0.453535, 0.374721, -0.000903, -0.453535, 0.891238, -0.0, 0.0, 0.0, 0.0, 1.0],
                [0.999993, -0.003686, -0.000867, 0.0, 0.003705, 0.905279, 0.424802, 0.374721, -0.000781, -0.424802, 0.905286, -0.0, 0.0, 0.0, 0.0, 1.0],
                [0.999994, -0.003414, -0.000745, 0.0, 0.003431, 0.919343, 0.393443, 0.374721, -0.000658, -0.393443, 0.919349, -0.0, 0.0, 0.0, 0.0, 1.0],
                [0.999994, -0.003414, -0.000745, -0.0, 0.003431, 0.919342, 0.393443, 0.374722, -0.000658, -0.393443, 0.919349, 0.0, 0.0, 0.0, 0.0, 1.0]
            ]
        },
        {
            "name": "Knee_R",
            "time": [0.0, 2.17, 2.18, 2.19, 2.2, 2.21, 2.22, 2.23, 2.24, 2.25, 2.26, 2.27, 2.28, 2.29, 2.3, 2.31, 2.32, 2.33, 2.34, 2.35, 2.36, 2.37, 2.38, 2.39, 2.4, 2.41, 2.42, 2.43, 2.44, 2.45, 2.46, 2.47, 2.5],
            "transform": [
                [1.0, -5.7e-05, 5.7e-05, -2.1e-05, 5.7e-05, 0.002669, -0.999996, 0.374719, 5.7e-05, 0.999996, 0.002669, -0.001, 0.0, 0.0, 0.0, 1.0],
                [1.0, -5.7e-05, 5.7e-05, -2.1e-05, 5.7e-05, 0.002669, -0.999996, 0.374719, 5.7e-05, 0.999996, 0.002669, -0.001, 0.0, 0.0, 0.0, 1.0],
                [1.0, -5.7e-05, 5.7e-05, -2.2e-05, 5.7e-05, 0.002669, -0.999996, 0.37722, 5.7e-05, 0.999996, 0.002669, -0.001007, 0.0, 0.0, 0.0, 1.0],
                [1.0, -5.7e-05, 5.7e-05, -2.2e-05, 5.7e-05, 0.002669, -0.999996, 0.387517, 5.7e-05, 0.999996, 0.002669, -0.001034, 0.0, 0.0, 0.0, 1.0],
                [1.0, -5.7e-05, 5.7e-05, -2.3e-05, 5.7e-05, 0.002669, -0.999996, 0.400755, 5.7e-05, 0.999996, 0.002669, -0.001069, 0.0, 0.0, 0.0, 1.0],
                [1.0, -5.7e-05, 5.7e-05, -2.3e-05, 5.7e-05, 0.002669, -0.999996, 0.405283, 5.7e-05, 0.999996, 0.002669, -0.001081, 0.0, 0.0, 0.0, 1.0],
                [1.0, -5.7e-05, 5.7e-05, -2.4e-05, 5.7e-05, 0.002669, -0.999996, 0.412514, 5.7e-05, 0.999996, 0.002669, -0.001101, 0.0, 0.0, 0.0, 1.0],
                [1.0, -5.7e-05, 5.7e-05, -2.4e-05, 5.7e-05, 0.002669, -0.999996, 0.41499, 5.7e-05, 0.999996, 0.002669, -0.001108, 0.0, 0.0, 0.0, 1.0],
                [1.0, -5.7e-05, 5.7e-05, -2.3e-05, 5.7e-05, 0.002669, -0.999996, 0.406652, 5.7e-05, 0.999996, 0.002669, -0.001085, 0.0, 0.0, 0.0, 1.0],
                [1.0, -5.7e-05, 5.7e-05, -2.1e-05, 5.7e-05, 0.002669, -0.999996, 0.374719, 5.7e-05, 0.999996, 0.002669, -0.001, 0.0, 0.0, 0.0, 1.0],
                [1.0, -5.7e-05, 5.7e-05, -2.3e-05, 5.7e-05, 0.002669, -0.999996, 0.405247, 5.7e-05, 0.999997, 0.002669, -0.001081, 0.0, 0.0, 0.0, 1.0],
                [1.0, -5.7e-05, 5.7e-05, -2.4e-05, 5.7e-05, 0.002669, -0.999996, 0.413573, 5.7e-05, 0.999996, 0.002669, -0.001104, 0.0, 0.0, 0.0, 1.0],
                [1.0, -5.7e-05, 5.7e-05, -2.4e-05, 5.7e-05, 0.002669, -0.999996, 0.413023, 5.7e-05, 0.999996, 0.002669, -0.001102, 0.0, 0.0, 0.0, 1.0],
                [1.0, -5.7e-05, 5.7e-05, -2.4e-05, 5.7e-05, 0.002669, -0.999996, 0.412514, 5.7e-05, 0.999997, 0.002669, -0.001101, 0.0, 0.0, 0.0, 1.0],
                [1.0, -5.7e-05, 5.7e-05, -2.4e-05, 5.7e-05, 0.002669, -0.999996, 0.412046, 5.7e-05, 0.999996, 0.002669, -0.0011, 0.0, 0.0, 0.0, 1.0],
                [1.0, -5.7e-05, 5.7e-05, -2.4e-05, 5.7e-05, 0.002669, -0.999996, 0.410195, 5.7e-05, 0.999996, 0.002669, -0.001095, 0.0, 0.0, 0.0, 1.0],
                [1.0, -5.7e-05, 5.7e-05, -2.3e-05, 5.7e-05, 0.002669, -0.999996, 0.408338, 5.7e-05, 0.999996, 0.002669, -0.00109, 0.0, 0.0, 0.0, 1.0],
                [1.0, -5.7e-05, 5.7e-05, -2.3e-05, 5.7e-05, 0.002669, -0.999996, 0.406458, 5.7e-05, 0.999996, 0.002669, -0.001085, 0.0, 0.0, 0.0, 1.0],
                [1.0, -5.7e-05, 5.7e-05, -2.3e-05, 5.7e-05, 0.002669, -0.999996, 0.404575, 5.7e-05, 0.999996, 0.002669, -0.00108, 0.0, 0.0, 0.0, 1.0],
                [1.0, -5.7e-05, 5.7e-05, -2.3e-05, 5.7e-05, 0.002669, -0.999996, 0.402666, 5.7e-05, 0.999996, 0.002669, -0.001075, 0.0, 0.0, 0.0, 1.0],
                [1.0, -5.7e-05, 5.7e-05, -2.3e-05, 5.7e-05, 0.002669, -0.999996, 0.40073, 5.7e-05, 0.999996, 0.002669, -0.001069, 0.0, 0.0, 0.0, 1.0],
                [1.0, -5.7e-05, 5.7e-05, -2.3e-05, 5.7e-05, 0.002669, -0.999996, 0.398758, 5.7e-05, 0.999996, 0.002669, -0.001064, 0.0, 0.0, 0.0, 1.0],
                [1.0, -5.7e-05, 5.7e-05, -2.3e-05, 5.7e-05, 0.002669, -0.999996, 0.396737, 5.7e-05, 0.999996, 0.002669, -0.001059, 0.0, 0.0, 0.0, 1.0],
                [1.0, -5.7e-05, 5.7e-05, -2.3e-05, 5.7e-05, 0.002669, -0.999996, 0.394671, 5.7e-05, 0.999996, 0.002669, -0.001053, 0.0, 0.0, 0.0, 1.0],
                [1.0, -5.7e-05, 5.7e-05, -2.3e-05, 5.7e-05, 0.002669, -0.999996, 0.392543, 5.7e-05, 0.999996, 0.002669, -0.001048, 0.0, 0.0, 0.0, 1.0],
                [1.0, -5.7e-05, 5.7e-05, -2.2e-05, 5.7e-05, 0.002669, -0.999996, 0.390328, 5.7e-05, 0.999996, 0.002669, -0.001042, 0.0, 0.0, 0.0, 1.0],
                [1.0, -5.7e-05, 5.7e-05, -2.2e-05, 5.7e-05, 0.002669, -0.999996, 0.388049, 5.7e-05, 0.999996, 0.002669, -0.001036, 0.0, 0.0, 0.0, 1.0],
                [1.0, -5.7e-05, 5.7e-05, -2.2e-05, 5.7e-05, 0.002669, -0.999996, 0.385656, 5.7e-05, 0.999996, 0.002669, -0.001029, 0.0, 0.0, 0.0, 1.0],
                [1.0, -5.7e-05, 5.7e-05, -2.2e-05, 5.7e-05, 0.002669, -0.999996, 0.383126, 5.7e-05, 0.999996, 0.002669, -0.001022, 0.0, 0.0, 0.0, 1.0],
                [1.0, -5.7e-05, 5.7e-05, -2.2e-05, 5.7e-05, 0.002669, -0.999996, 0.380462, 5.7e-05, 0.999996, 0.002669, -0.001015, 0.0, 0.0, 0.0, 1.0],
                [1.0, -5.7e-05, 5.7e-05, -2.2e-05, 5.7e-05, 0.002669, -0.999996, 0.37759, 5.7e-05, 0.999997, 0.002669, -0.001008, 0.0, 0.0, 0.0, 1.0],
                [1.0, -5.7e-05, 5.7e-05, -2.1e-05, 5.7e-05, 0.002669, -0.999996, 0.374719, 5.7e-05, 0.999997, 0.002669, -0.001, 0.0, 0.0, 0.0, 1.0],
                [1.0, -5.7e-05, 5.7e-05, -2.2e-05, 5.7e-05, 0.002669, -0.999996, 0.374719, 5.7e-05, 0.999996, 0.002669, -0.001, 0.0, 0.0, 0.0, 1.0]
            ]
        },
        {
            "name": "Thigh_L",
            "time": [0.0, 2.1, 2.11, 2.12, 2.13, 2.14, 2.15, 2.16, 2.17, 2.18, 2.19, 2.2, 2.21, 2.22, 2.23, 2.24, 2.25, 2.26, 2.27, 2.28, 2.29, 2.3, 2.31, 2.32, 2.33, 2.34, 2.35, 2.36, 2.37, 2.38, 2.39, 2.4, 2.41, 2.42, 2.43, 2.44, 2.45, 2.46, 2.47, 2.48, 2.49, 2.5],
            "transform": [
                [0.823784, -0.302909, -0.479193, -0.125006, -0.336645, -0.941489, 0.016409, -0.002831, -0.456125, 0.1478, -0.877557, -1.2e-05, 0.0, 0.0, 0.0, 1.0],
                [0.823784, -0.302909, -0.479193, -0.125006, -0.336645, -0.941489, 0.016409, -0.002831, -0.456125, 0.1478, -0.877557, -1.2e-05, 0.0, 0.0, 0.0, 1.0],
                [0.823573, -0.308404, -0.476041, -0.125006, -0.334987, -0.941727, 0.030556, -0.002831, -0.457724, 0.134303, -0.878892, -1.2e-05, 0.0, 0.0, 0.0, 1.0],
                [0.822968, -0.322376, -0.467759, -0.125006, -0.33037, -0.941429, 0.067578, -0.002831, -0.462147, 0.098919, -0.88127, -1.2e-05, 0.0, 0.0, 0.0, 1.0],
                [0.821988, -0.34067, -0.456378, -0.125006, -0.323243, -0.938852, 0.118623, -0.002831, -0.468882, 0.050014, -0.881844, -1.2e-05, 0.0, 0.0, 0.0, 1.0],
                [0.820637, -0.36013, -0.443691, -0.125006, -0.314055, -0.932887, 0.176329, -0.002831, -0.477414, -0.005359, -0.878662, -1.2e-05, 0.0, 0.0, 0.0, 1.0],
                [0.81894, -0.378471, -0.431389, -0.125006, -0.303353, -0.923593, 0.23442, -0.002831, -0.487149, -0.061112, -0.871178, -1.2e-05, 0.0, 0.0, 0.0, 1.0],
                [0.816968, -0.394531, -0.420604, -0.125006, -0.291869, -0.911918, 0.288474, -0.002831, -0.497369, -0.112913, -0.86016, -1.2e-05, 0.0, 0.0, 0.0, 1.0],
                [0.814877, -0.407521, -0.412191, -0.125006, -0.280573, -0.899581, 0.334713, -0.002831, -0.507202, -0.1571, -0.847388, -1.2e-05, 0.0, 0.0, 0.0, 1.0],
                [0.812927, -0.417132, -0.406388, -0.125006, -0.270699, -0.88851, 0.370503, -0.002831, -0.515628, -0.191183, -0.835211, -1.2e-05, 0.0, 0.0, 0.0, 1.0],
                [0.811472, -0.423147, -0.403063, -0.125006, -0.263687, -0.880633, 0.393643, -0.002831, -0.521519, -0.213148, -0.826188, -1.2e-05, 0.0, 0.0, 0.0, 1.0],
                [0.810907, -0.425266, -0.401968, -0.125006, -0.261037, -0.87767, 0.401938, -0.002831, -0.523726, -0.221005, -0.82272, -1.2e-05, 0.0, 0.0, 0.0, 1.0],
                [0.811975, -0.42363, -0.40154, -0.125006, -0.266275, -0.881016, 0.391035, -0.002831, -0.519417, -0.210591, -0.828166, -1.2e-05, 0.0, 0.0, 0.0, 1.0],
                [0.814297, -0.412658, -0.408208, -0.125006, -0.277839, -0.894566, 0.350083, -0.002831, -0.509634, -0.171655, -0.843095, -1.2e-05, 0.0, 0.0, 0.0, 1.0],
                [0.816539, -0.380396, -0.434238, -0.125006, -0.288613, -0.920442, 0.263609, -0.002831, -0.499966, -0.08992, -0.861365, -1.2e-05, 0.0, 0.0, 0.0, 1.0],
                [0.817959, -0.31111, -0.483894, -0.125006, -0.29326, -0.949149, 0.11452, -0.002831, -0.494916, 0.048234, -0.867602, -1.2e-05, 0.0, 0.0, 0.0, 1.0],
                [0.818566, -0.148125, -0.554985, -0.125006, -0.29019, -0.940457, -0.177004, -0.002831, -0.495721, 0.30594, -0.812811, -1.2e-05, 0.0, 0.0, 0.0, 1.0],
                [0.81811, -0.135629, -0.558839, -0.125006, -0.287445, -0.938125, -0.193124, -0.002831, -0.498068, 0.318633, -0.806475, -1.2e-05, 0.0, 0.0, 0.0, 1.0],
                [0.81809, -0.132052, -0.559724, -0.125006, -0.28733, -0.93695, -0.198911, -0.002831, -0.498167, 0.323552, -0.804453, -1.2e-05, 0.0, 0.0, 0.0, 1.0],
                [0.818565, -0.134211, -0.558515, -0.125006, -0.290156, -0.935762, -0.200394, -0.002831, -0.495742, 0.326092, -0.804925, -1.2e-05, 0.0, 0.0, 0.0, 1.0],
                [0.81916, -0.137195, -0.556915, -0.125006, -0.293818, -0.934269, -0.202018, -0.002831, -0.492593, 0.329117, -0.805627, -1.2e-05, 0.0, 0.0, 0.0, 1.0],
                [0.819833, -0.141004, -0.55497, -0.125006, -0.298156, -0.93257, -0.203511, -0.002831, -0.488852, 0.332312, -0.806593, -1.2e-05, 0.0, 0.0, 0.0, 1.0],
                [0.821506, -0.188725, -0.538061, -0.125006, -0.311523, -0.938907, -0.146309, -0.002831, -0.477577, 0.287812, -0.830111, -1.2e-05, 0.0, 0.0, 0.0, 1.0],
                [0.822828, -0.252656, -0.509038, -0.125006, -0.325159, -0.943934, -0.057086, -0.002831, -0.466075, 0.212491, -0.858849, -1.2e-05, 0.0, 0.0, 0.0, 1.0],
                [0.823949, -0.292914, -0.485087, -0.125006, -0.338135, -0.941078, -0.006082, -0.002831, -0.454723, 0.169036, -0.874445, -1.2e-05, 0.0, 0.0, 0.0, 1.0],
                [0.824824, -0.325083, -0.462586, -0.125006, -0.350496, -0.935989, 0.032807, -0.002831, -0.443641, 0.135075, -0.885967, -1.2e-05, 0.0, 0.0, 0.0, 1.0],
                [0.825454, -0.352219, -0.441098, -0.125006, -0.36206, -0.929887, 0.064974, -0.002831, -0.433057, 0.106071, -0.895104, -1.2e-05, 0.0, 0.0, 0.0, 1.0],
                [0.825856, -0.375539, -0.420634, -0.125006, -0.372592, -0.923341, 0.092822, -0.002831, -0.423247, 0.080067, -0.90247, -1.2e-05, 0.0, 0.0, 0.0, 1.0],
                [0.826065, -0.395542, -0.401452, -0.125006, -0.381819, -0.916729, 0.117569, -0.002831, -0.414526, 0.056162, -0.908303, -1.2e-05, 0.0, 0.0, 0.0, 1.0],
                [0.826127, -0.412494, -0.38388, -0.125006, -0.389443, -0.910334, 0.140091, -0.002831, -0.407245, 0.033766, -0.912695, -1.2e-05, 0.0, 0.0, 0.0, 1.0],
                [0.826096, -0.426359, -0.368488, -0.125006, -0.395142, -0.904462, 0.160656, -0.002831, -0.401781, 0.012888, -0.915646, -1.2e-05, 0.0, 0.0, 0.0, 1.0],
                [0.826025, -0.437036, -0.355925, -0.125006, -0.398592, -0.899422, 0.179346, -0.002831, -0.398507, -0.006275, -0.917144, -1.2e-05, 0.0, 0.0, 0.0, 1.0],
                [0.826055, -0.42879, -0.365749, -0.125006, -0.393937, -0.903394, 0.169388, -0.002831, -0.403047, 0.004158, -0.91517, -1.2e-05, 0.0, 0.0, 0.0, 1.0],
                [0.826066, -0.419195, -0.376684, -0.125006, -0.38941, -0.907724, 0.156192, -0.002831, -0.4074, 0.01766, -0.91308, -1.2e-05, 0.0, 0.0, 0.0, 1.0],
                [0.826063, -0.408044, -0.388742, -0.125006, -0.385038, -0.912309, 0.139415, -0.002831, -0.41154, 0.034515, -0.910738, -1.2e-05, 0.0, 0.0, 0.0, 1.0],
                [0.82605, -0.395173, -0.401845, -0.125006, -0.380846, -0.916967, 0.118858, -0.002831, -0.415448, 0.054859, -0.907962, -1.2e-05, 0.0, 0.0, 0.0, 1.0],
                [0.826034, -0.380238, -0.416038, -0.125006, -0.376853, -0.921494, 0.093968, -0.002831, -0.419107, 0.079165, -0.904479, -1.2e-05, 0.0, 0.0, 0.0, 1.0],
                [0.826019, -0.362779, -0.431375, -0.125006, -0.37307, -0.925591, 0.064033, -0.002831, -0.422506, 0.108041, -0.899898, -1.2e-05, 0.0, 0.0, 0.0, 1.0],
                [0.826012, -0.342165, -0.447914, -0.125006, -0.369505, -0.928804, 0.028105, -0.002831, -0.425641, 0.142292, -0.893635, -1.2e-05, 0.0, 0.0, 0.0, 1.0],
                [0.825432, -0.331847, -0.456662, -0.125006, -0.35866, -0.932995, 0.0297, -0.002831, -0.435919, 0.139271, -0.889145, -1.2e-05, 0.0, 0.0, 0.0, 1.0],
                [0.824688, -0.319048, -0.467011, -0.125006, -0.347709, -0.937234, 0.026276, -0.002831, -0.446082, 0.140714, -0.883862, -1.2e-05, 0.0, 0.0, 0.0, 1.0],
                [0.823784, -0.302909, -0.479193, -0.125006, -0.336645, -0.941489, 0.016409, -0.002831, -0.456125, 0.1478, -0.877557, -1.2e-05, 0.0, 0.0, 0.0, 1.0]
            ]
        },
        {
            "name": "Leg_L",
            "time": [0.0, 2.1, 2.11, 2.12, 2.13, 2.14, 2.15, 2.16, 2.17, 2.18, 2.19, 2.2, 2.21, 2.22, 2.23, 2.24, 2.25, 2.3, 2.31, 2.32, 2.33, 2.34, 2.35, 2.36, 2.37, 2.38, 2.39, 2.4, 2.41, 2.42, 2.43, 2.44, 2.45, 2.46, 2.47, 2.48, 2.49, 2.5],
            "transform": [
                [0.999985, 0.005362, 0.001593, -0.0, -0.0054, 0.851413, 0.524468, 0.374721, 0.001456, -0.524468, 0.851429, -0.0, 0.0, 0.0, 0.0, 1.0],
                [0.999984, 0.005519, 0.001637, -0.0, -0.005557, 0.851412, 0.524468, 0.374721, 0.001501, -0.524468, 0.851429, -0.0, 0.0, 0.0, 0.0, 1.0],
                [0.999984, 0.005506, 0.001683, -0.0, -0.005545, 0.84259, 0.538527, 0.374721, 0.001547, -0.538527, 0.842607, -0.0, 0.0, 0.0, 0.0, 1.0],
                [0.999981, 0.00586, 0.001919, 0.0, -0.005902, 0.819388, 0.573209, 0.374721, 0.001787, -0.57321, 0.819407, 0.0, 0.0, 0.0, 0.0, 1.0],
                [0.999978, 0.006298, 0.002242, -0.0, -0.006342, 0.787753, 0.615958, 0.374721, 0.002113, -0.615959, 0.787776, 0.0, 0.0, 0.0, 0.0, 1.0],
                [0.999974, 0.006727, 0.002596, -0.0, -0.006774, 0.753022, 0.657961, 0.374721, 0.002471, -0.657961, 0.753048, 0.0, 0.0, 0.0, 0.0, 1.0],
                [0.999971, 0.007093, 0.002931, -0.0, -0.007142, 0.720203, 0.693726, 0.374721, 0.00281, -0.693727, 0.720233, 0.0, 0.0, 0.0, 0.0, 1.0],
                [0.999968, 0.007379, 0.003217, 0.0, -0.00743, 0.692204, 0.721664, 0.374721, 0.003098, -0.721664, 0.692237, -0.0, 0.0, 0.0, 0.0, 1.0],
                [0.999966, 0.007581, 0.003434, 0.0, -0.007633, 0.670999, 0.741419, 0.374722, 0.003317, -0.741419, 0.671034, 0.0, 0.0, 0.0, 0.0, 1.0],
                [0.999964, 0.007711, 0.003579, -0.0, -0.007763, 0.656708, 0.754105, 0.374721, 0.003464, -0.754106, 0.656744, 0.0, 0.0, 0.0, 0.0, 1.0],
                [0.999964, 0.007749, 0.003647, -0.0, -0.007802, 0.648642, 0.761054, 0.374722, 0.003532, -0.761054, 0.648679, 0.0, 0.0, 0.0, 0.0, 1.0],
                [0.999963, 0.0078, 0.003686, 0.0, -0.007853, 0.646003, 0.763295, 0.374721, 0.003572, -0.763295, 0.64604, -0.0, 0.0, 0.0, 0.0, 1.0],
                [0.999963, 0.007846, 0.003737, -0.0, -0.007899, 0.641274, 0.767271, 0.374721, 0.003623, -0.767272, 0.641312, 0.0, 0.0, 0.0, 0.0, 1.0],
                [0.999964, 0.007761, 0.003637, -0.0, -0.007814, 0.651019, 0.759022, 0.374721, 0.003523, -0.759022, 0.651056, -0.0, 0.0, 0.0, 0.0, 1.0],
                [0.99997, 0.007142, 0.002978, 0.0, -0.007191, 0.715608, 0.698464, 0.374722, 0.002857, -0.698465, 0.715639, -0.0, 0.0, 0.0, 0.0, 1.0],
                [0.999985, 0.005329, 0.001573, 0.0, -0.005368, 0.853362, 0.521291, 0.374721, 0.001436, -0.521291, 0.853378, -0.0, 0.0, 0.0, 0.0, 1.0],
                [1.0, 7e-06, 8.6e-05, 0.0, -7e-06, 1.0, 0.000703, 0.374722, -8.6e-05, -0.000703, 1.0, -0.0, 0.0, 0.0, 0.0, 1.0],
                [1.0, 7e-06, 8.6e-05, -0.0, -7e-06, 0.999999, 0.000703, 0.374721, -8.6e-05, -0.000703, 1.0, 0.0, 0.0, 0.0, 0.0, 1.0],
                [0.999999, 0.001756, 0.000234, -0.0, -0.00177, 0.985125, 0.171832, 0.374722, 7.2e-05, -0.171832, 0.985127, 0.0, 0.0, 0.0, 0.0, 1.0],
                [0.999992, 0.004086, 0.000928, 0.0, -0.004116, 0.916664, 0.399636, 0.374721, 0.000782, -0.399636, 0.916674, -0.0, 0.0, 0.0, 0.0, 1.0],
                [0.999984, 0.005489, 0.001672, -0.0, -0.005529, 0.843585, 0.536967, 0.374721, 0.001537, -0.536968, 0.843602, 0.0, 0.0, 0.0, 0.0, 1.0],
                [0.999976, 0.006544, 0.00244, -0.0, -0.006589, 0.768353, 0.639992, 0.374721, 0.002313, -0.639992, 0.768378, 0.0, 0.0, 0.0, 0.0, 1.0],
                [0.999968, 0.007365, 0.003203, 0.0, -0.007415, 0.693558, 0.720363, 0.374721, 0.003084, -0.720363, 0.69359, 0.0, 0.0, 0.0, 0.0, 1.0],
                [0.99996, 0.00801, 0.003939, 0.0, -0.008064, 0.621455, 0.783409, 0.374721, 0.003827, -0.783409, 0.621495, 0.0, 0.0, 0.0, 0.0, 1.0],
                [0.999953, 0.00851, 0.004624, 0.0, -0.008566, 0.554376, 0.832222, 0.374722, 0.004518, -0.832222, 0.554423, 0.0, 0.0, 0.0, 0.0, 1.0],
                [0.999947, 0.008889, 0.005239, 0.0, -0.008948, 0.494314, 0.869238, 0.374722, 0.005138, -0.869238, 0.494367, -0.0, 0.0, 0.0, 0.0, 1.0],
                [0.999942, 0.009164, 0.005755, -0.0, -0.009224, 0.443682, 0.896137, 0.374721, 0.005658, -0.896137, 0.443741, 0.0, 0.0, 0.0, 0.0, 1.0],
                [0.999938, 0.009351, 0.006154, -0.0, -0.009412, 0.40469, 0.914406, 0.374722, 0.00606, -0.914406, 0.404753, -0.0, 0.0, 0.0, 0.0, 1.0],
                [0.999941, 0.009179, 0.005786, -0.0, -0.00924, 0.440733, 0.897591, 0.374721, 0.005689, -0.897591, 0.440792, -0.0, 0.0, 0.0, 0.0, 1.0],
                [0.999946, 0.008969, 0.00538, 0.0, -0.009028, 0.480497, 0.87695, 0.374722, 0.00528, -0.87695, 0.480552, 0.0, 0.0, 0.0, 0.0, 1.0],
                [0.99995, 0.008709, 0.004934, 0.0, -0.008767, 0.52411, 0.851606, 0.374722, 0.00483, -0.851606, 0.52416, 0.0, 0.0, 0.0, 0.0, 1.0],
                [0.999955, 0.008392, 0.004452, 0.0, -0.008448, 0.571315, 0.820687, 0.374721, 0.004344, -0.820688, 0.57136, -0.0, 0.0, 0.0, 0.0, 1.0],
                [0.99996, 0.008004, 0.003931, 0.0, -0.008058, 0.622263, 0.782767, 0.374721, 0.003819, -0.782767, 0.622303, 0.0, 0.0, 0.0, 0.0, 1.0],
                [0.999966, 0.007525, 0.003372, 0.0, -0.007576, 0.677029, 0.735918, 0.374721, 0.003255, -0.735918, 0.677063, 0.0, 0.0, 0.0, 0.0, 1.0],
                [0.999972, 0.006927, 0.002775, -0.0, -0.006975, 0.735499, 0.677489, 0.374721, 0.002652, -0.67749, 0.735527, -0.0, 0.0, 0.0, 0.0, 1.0],
                [0.999976, 0.006512, 0.002414, 0.0, -0.006557, 0.770924, 0.636893, 0.374721, 0.002287, -0.636893, 0.770948, -0.0, 0.0, 0.0, 0.0, 1.0],
                [0.99998, 0.006001, 0.002019, 0.0, -0.006044, 0.809578, 0.586981, 0.374721, 0.001888, -0.586981, 0.809599, 0.0, 0.0, 0.0, 0.0, 1.0],
                [0.999985, 0.005362, 0.001593, -0.0, -0.0054, 0.851413, 0.524468, 0.374721, 0.001456, -0.524468, 0.851429, 0.0, 0.0, 0.0, 0.0, 1.0]
            ]
        },
        {
            "name": "Knee_L",
            "time": [0.0, 2.1, 2.11, 2.12, 2.13, 2.14, 2.15, 2.16, 2.17, 2.18, 2.19, 2.2, 2.21, 2.22, 2.23, 2.24, 2.25, 2.31, 2.32, 2.33, 2.34, 2.35, 2.36, 2.37, 2.38, 2.39, 2.4, 2.41, 2.42, 2.43, 2.44, 2.45, 2.46, 2.47, 2.48, 2.49, 2.5],
            "transform": [
                [1.0, 0.0, -0.0, -0.0, -0.0, 0.002669, -0.999997, 0.387768, -0.0, 0.999997, 0.002669, -0.001035, 0.0, 0.0, 0.0, 1.0],
                [1.0, 0.0, -0.0, 0.0, -0.0, 0.002669, -0.999996, 0.387768, -0.0, 0.999996, 0.002669, -0.001035, 0.0, 0.0, 0.0, 1.0],
                [1.0, 0.0, -0.0, 0.0, -0.0, 0.002669, -0.999996, 0.389258, -0.0, 0.999996, 0.002669, -0.001039, 0.0, 0.0, 0.0, 1.0],
                [1.0, 0.0, -0.0, 0.0, -0.0, 0.002669, -0.999997, 0.393006, -0.0, 0.999997, 0.002669, -0.001049, 0.0, 0.0, 0.0, 1.0],
                [1.0, 0.0, -0.0, -0.0, -0.0, 0.002669, -0.999996, 0.397781, -0.0, 0.999996, 0.002669, -0.001062, 0.0, 0.0, 0.0, 1.0],
                [1.0, 0.0, -0.0, 0.0, -0.0, 0.002669, -0.999996, 0.402675, -0.0, 0.999996, 0.002669, -0.001075, 0.0, 0.0, 0.0, 1.0],
                [1.0, 0.0, -0.0, -0.0, -0.0, 0.002669, -0.999996, 0.407034, -0.0, 0.999996, 0.002669, -0.001086, 0.0, 0.0, 0.0, 1.0],
                [1.0, 0.0, -0.0, 0.0, -0.0, 0.002669, -0.999996, 0.410586, -0.0, 0.999996, 0.002669, -0.001096, 0.0, 0.0, 0.0, 1.0],
                [1.0, 0.0, -0.0, 0.0, -0.0, 0.002669, -0.999996, 0.413188, -0.0, 0.999996, 0.002669, -0.001103, 0.0, 0.0, 0.0, 1.0],
                [1.0, 0.0, -0.0, -0.0, -0.0, 0.002669, -0.999996, 0.414904, -0.0, 0.999996, 0.002669, -0.001107, 0.0, 0.0, 0.0, 1.0],
