{
    "animation": [
        {
            "name": "Root",
            "time": [0.0, 0.01, 0.02, 0.03, 0.04, 0.05, 0.06, 0.07, 0.08, 0.09, 0.1, 0.11, 0.12, 0.13, 0.14, 0.15, 0.16, 0.17, 0.18, 0.19, 0.2, 0.21, 0.22, 0.23, 0.24, 0.25, 0.26, 0.27, 0.28, 0.29, 0.3, 0.31, 0.32, 0.33, 0.34, 0.35, 0.36, 0.37, 0.38, 0.39, 0.4, 0.41, 0.42, 0.43, 0.44, 0.45, 0.46, 0.47, 0.48, 0.49, 0.5, 0.51, 0.52, 0.53, 0.54, 0.55, 0.56, 0.57, 0.58, 0.59, 0.6, 0.61, 0.62, 0.63, 0.64, 0.65, 0.66, 0.67, 0.68, 0.69, 0.7],
            "transform": [
                [0.800152, 0.021297, -0.59942, 0.037529, -0.592585, 0.182599, -0.784538, -0.013662, 0.092745, 0.982956, 0.158727, 0.722552, 0.0, 0.0, 0.0, 1.0],
                [0.730986, 0.006973, -0.682356, 0.051931, -0.674837, 0.155775, -0.721338, -0.001996, 0.101264, 0.987768, 0.118575, 0.725556, 0.0, 0.0, 0.0, 1.0],
                [0.645461, -0.019937, -0.763532, 0.065294, -0.755648, 0.128923, -0.642163, 0.009216, 0.11124, 0.991454, 0.06815, 0.72856, 0.0, 0.0, 0.0, 1.0],
                [0.567541, -0.051192, -0.821751, 0.080333, -0.815302, 0.104216, -0.569579, 0.019357, 0.114797, 0.993236, 0.01741, 0.726836, 0.0, 0.0, 0.0, 1.0],
                [0.534665, -0.0809, -0.841183, 0.099762, -0.837765, 0.079799, -0.540167, 0.027822, 0.110825, 0.993523, -0.02511, 0.718572, 0.0, 0.0, 0.0, 1.0],
                [0.544453, -0.097327, -0.833126, 0.127836, -0.832658, 0.057197, -0.550827, 0.036177, 0.101263, 0.993606, -0.049899, 0.704425, 0.0, 0.0, 0.0, 1.0],
                [0.582707, -0.107998, -0.805475, 0.162571, -0.807956, 0.029768, -0.588492, 0.044995, 0.087533, 0.993704, -0.069912, 0.686695, 0.0, 0.0, 0.0, 1.0],
                [0.637162, -0.113237, -0.762366, 0.197326, -0.767005, 0.003984, -0.641629, 0.052166, 0.075694, 0.99356, -0.084315, 0.665277, 0.0, 0.0, 0.0, 1.0],
                [0.697189, -0.113144, -0.707903, 0.225462, -0.713657, -0.015893, -0.700315, 0.055587, 0.067986, 0.993451, -0.091826, 0.640087, 0.0, 0.0, 0.0, 1.0],
                [0.752154, -0.108485, -0.649997, 0.24034, -0.655534, -0.022298, -0.754837, 0.053148, 0.067395, 0.993847, -0.087887, 0.611021, 0.0, 0.0, 0.0, 1.0],
                [0.803313, -0.10062, -0.586996, 0.228839, -0.590406, -0.005185, -0.80709, 0.052753, 0.078166, 0.994911, -0.063572, 0.568007, 0.0, 0.0, 0.0, 1.0],
                [0.860453, -0.088057, -0.501863, 0.192808, -0.500635, 0.037127, -0.864862, 0.039987, 0.09479, 0.995423, -0.012138, 0.51441, 0.0, 0.0, 0.0, 1.0],
                [0.92112, -0.075265, -0.381937, 0.148053, -0.37375, 0.103392, -0.921749, -0.020736, 0.108864, 0.991788, 0.067106, 0.470278, 0.0, 0.0, 0.0, 1.0],
                [0.975693, -0.076958, -0.205185, 0.100172, -0.189415, 0.174708, -0.966229, -0.136911, 0.110207, 0.981607, 0.155885, 0.440271, 0.0, 0.0, 0.0, 1.0],
                [0.995306, -0.096483, 0.007529, 0.046688, 0.031867, 0.253286, -0.966866, -0.281341, 0.091379, 0.962567, 0.255172, 0.414674, 0.0, 0.0, 0.0, 1.0],
                [0.966554, -0.132408, 0.219637, -0.008688, 0.25174, 0.326269, -0.911139, -0.437561, 0.048981, 0.935957, 0.348689, 0.39287, 0.0, 0.0, 0.0, 1.0],
                [0.892808, -0.177979, 0.413784, -0.062267, 0.45012, 0.387016, -0.804742, -0.589109, -0.016914, 0.904733, 0.425643, 0.371064, 0.0, 0.0, 0.0, 1.0],
                [0.797857, -0.230029, 0.557235, -0.110354, 0.597356, 0.426139, -0.67939, -0.719506, -0.08118, 0.874924, 0.477407, 0.34926, 0.0, 0.0, 0.0, 1.0],
                [0.736395, -0.259765, 0.624695, -0.142452, 0.66616, 0.439605, -0.602476, -0.795324, -0.118117, 0.859808, 0.496768, 0.331007, 0.0, 0.0, 0.0, 1.0],
                [0.722898, -0.266318, 0.637567, -0.160962, 0.679412, 0.441929, -0.585746, -0.820909, -0.125764, 0.856606, 0.500409, 0.316835, 0.0, 0.0, 0.0, 1.0],
                [0.717256, -0.269936, 0.6424, -0.177071, 0.68488, 0.442959, -0.578555, -0.83834, -0.128384, 0.85494, 0.502589, 0.302662, 0.0, 0.0, 0.0, 1.0],
                [0.709226, -0.271793, 0.650482, -0.191852, 0.692841, 0.439216, -0.571892, -0.860195, -0.130265, 0.856281, 0.499813, 0.290605, 0.0, 0.0, 0.0, 1.0],
                [0.701102, -0.273595, 0.658485, -0.205785, 0.70071, 0.435485, -0.565119, -0.882441, -0.132146, 0.857612, 0.49703, 0.278548, 0.0, 0.0, 0.0, 1.0],
                [0.696606, -0.27307, 0.663455, -0.219357, 0.704826, 0.43321, -0.561738, -0.901038, -0.134021, 0.85893, 0.494243, 0.266492, 0.0, 0.0, 0.0, 1.0],
                [0.69839, -0.272469, 0.661824, -0.233054, 0.703293, 0.432803, -0.563968, -0.91195, -0.132775, 0.859326, 0.493891, 0.254435, 0.0, 0.0, 0.0, 1.0],
                [0.708868, -0.271603, 0.650951, -0.247359, 0.693454, 0.437077, -0.572787, -0.911142, -0.128945, 0.857435, 0.498175, 0.239881, 0.0, 0.0, 0.0, 1.0],
                [0.730802, -0.270678, 0.626627, -0.262757, 0.671718, 0.448369, -0.589712, -0.89458, -0.121338, 0.851879, 0.509488, 0.222673, 0.0, 0.0, 0.0, 1.0],
                [0.765968, -0.268725, 0.584022, -0.279736, 0.633623, 0.469178, -0.615138, -0.858224, -0.108708, 0.841224, 0.529645, 0.201986, 0.0, 0.0, 0.0, 1.0],
                [0.860002, -0.256433, 0.441177, -0.314474, 0.506605, 0.532749, -0.677886, -0.778457, -0.061204, 0.806486, 0.588076, 0.151931, 0.0, 0.0, 0.0, 1.0],
                [0.960156, -0.211776, 0.182347, -0.35472, 0.276588, 0.626757, -0.728475, -0.605804, 0.039986, 0.749884, 0.66036, 0.086924, 0.0, 0.0, 0.0, 1.0],
                [0.988752, -0.146946, -0.027889, -0.358258, 0.082764, 0.692841, -0.716324, -0.297412, 0.124584, 0.705957, 0.69721, 0.066582, 0.0, 0.0, 0.0, 1.0],
                [0.988704, -0.087908, -0.121396, -0.289104, -0.018844, 0.730607, -0.682537, 0.350904, 0.148694, 0.677114, 0.720698, 0.137878, 0.0, 0.0, 0.0, 1.0],
                [0.986739, -0.042308, -0.1567, -0.183199, -0.071582, 0.75304, -0.654069, 1.134976, 0.145673, 0.656613, 0.740026, 0.253829, 0.0, 0.0, 0.0, 1.0],
                [0.982366, -0.014818, -0.186378, -0.106152, -0.112913, 0.747517, -0.654575, 1.826015, 0.14902, 0.664078, 0.732662, 0.333045, 0.0, 0.0, 0.0, 1.0],
                [0.973001, -0.005385, -0.230734, -0.071658, -0.157799, 0.71403, -0.6821, 2.395814, 0.168424, 0.700094, 0.693902, 0.357222, 0.0, 0.0, 0.0, 1.0],
                [0.961316, -0.005578, -0.275392, -0.047552, -0.201975, 0.665539, -0.718515, 2.958138, 0.187292, 0.746342, 0.638667, 0.36628, 0.0, 0.0, 0.0, 1.0],
                [0.948887, -0.016204, -0.315197, -0.030584, -0.241375, 0.606182, -0.757814, 3.500314, 0.203347, 0.795161, 0.571287, 0.366134, 0.0, 0.0, 0.0, 1.0],
                [0.935056, -0.031089, -0.353137, -0.017816, -0.280656, 0.54365, -0.790997, 3.99723, 0.216575, 0.838734, 0.499618, 0.36278, 0.0, 0.0, 0.0, 1.0],
                [0.921511, -0.047029, -0.385492, -0.005834, -0.316723, 0.483404, -0.816092, 4.442419, 0.224729, 0.874133, 0.430567, 0.36208, 0.0, 0.0, 0.0, 1.0],
                [0.909336, -0.060962, -0.411572, 0.008457, -0.347521, 0.43263, -0.831901, 4.816985, 0.228773, 0.899508, 0.372221, 0.369989, 0.0, 0.0, 0.0, 1.0],
                [0.898833, -0.071598, -0.432403, 0.024939, -0.373189, 0.392344, -0.840711, 4.989759, 0.229844, 0.917027, 0.325932, 0.386883, 0.0, 0.0, 0.0, 1.0],
                [0.890644, -0.080908, -0.447443, 0.041044, -0.392613, 0.359533, -0.846517, 5.083485, 0.22936, 0.929618, 0.28845, 0.408061, 0.0, 0.0, 0.0, 1.0],
                [0.884136, -0.090024, -0.458472, 0.056282, -0.407366, 0.332015, -0.850775, 5.122377, 0.228809, 0.938969, 0.256874, 0.432447, 0.0, 0.0, 0.0, 1.0],
                [0.877969, -0.096546, -0.46888, 0.070167, -0.421631, 0.307893, -0.852894, 5.130649, 0.226709, 0.946509, 0.229614, 0.456832, 0.0, 0.0, 0.0, 1.0],
                [0.871904, -0.099509, -0.479458, 0.082205, -0.436305, 0.286638, -0.852922, 5.132516, 0.222304, 0.952857, 0.206504, 0.481217, 0.0, 0.0, 0.0, 1.0],
                [0.86563, -0.103102, -0.489953, 0.091904, -0.450784, 0.265377, -0.852273, 5.152193, 0.217893, 0.958616, 0.183242, 0.503419, 0.0, 0.0, 0.0, 1.0],
                [0.857503, -0.103112, -0.504039, 0.099232, -0.469032, 0.245912, -0.848254, 5.185647, 0.211415, 0.963793, 0.162508, 0.524312, 0.0, 0.0, 0.0, 1.0],
                [0.849316, -0.09919, -0.518482, 0.104714, -0.487603, 0.228898, -0.842525, 5.213264, 0.20225, 0.968384, 0.146042, 0.545205, 0.0, 0.0, 0.0, 1.0],
                [0.840738, -0.095944, -0.532874, 0.108718, -0.505852, 0.211743, -0.836229, 5.235894, 0.193064, 0.972603, 0.129487, 0.566098, 0.0, 0.0, 0.0, 1.0],
                [0.831826, -0.090401, -0.547625, 0.111612, -0.523874, 0.198072, -0.828447, 5.254385, 0.183362, 0.976009, 0.117402, 0.586991, 0.0, 0.0, 0.0, 1.0],
                [0.823549, -0.085763, -0.560725, 0.113753, -0.540016, 0.184055, -0.821284, 5.269578, 0.17364, 0.979166, 0.105265, 0.604946, 0.0, 0.0, 0.0, 1.0],
                [0.814355, -0.081821, -0.574572, 0.115518, -0.555979, 0.174005, -0.812779, 5.282328, 0.166482, 0.981338, 0.096211, 0.622901, 0.0, 0.0, 0.0, 1.0],
                [0.805689, -0.079536, -0.586975, 0.117262, -0.569838, 0.16646, -0.804721, 5.293476, 0.161712, 0.982834, 0.088792, 0.637381, 0.0, 0.0, 0.0, 1.0],
                [0.796791, -0.077511, -0.599262, 0.11903, -0.583518, 0.158875, -0.796407, 5.303171, 0.156937, 0.984252, 0.081361, 0.649763, 0.0, 0.0, 0.0, 1.0],
                [0.786568, -0.076656, -0.612728, 0.120603, -0.59776, 0.15439, -0.786668, 5.31111, 0.154903, 0.985031, 0.075616, 0.662143, 0.0, 0.0, 0.0, 1.0],
                [0.77609, -0.075981, -0.626028, 0.121958, -0.611813, 0.149923, -0.776665, 5.317477, 0.152867, 0.985774, 0.069867, 0.673024, 0.0, 0.0, 0.0, 1.0],
                [0.765066, -0.07494, -0.639576, 0.123074, -0.625651, 0.148596, -0.76582, 5.322448, 0.152429, 0.986054, 0.0668, 0.683906, 0.0, 0.0, 0.0, 1.0],
                [0.753798, -0.07397, -0.652929, 0.123929, -0.639287, 0.147279, -0.754732, 5.326197, 0.15199, 0.986324, 0.063731, 0.69297, 0.0, 0.0, 0.0, 1.0],
                [0.744772, -0.073623, -0.663244, 0.124497, -0.649882, 0.145693, -0.74594, 5.328908, 0.151548, 0.986587, 0.060662, 0.702033, 0.0, 0.0, 0.0, 1.0],
                [0.735599, -0.073333, -0.673436, 0.124761, -0.660349, 0.144125, -0.736998, 5.330756, 0.151106, 0.986838, 0.057593, 0.708992, 0.0, 0.0, 0.0, 1.0],
                [0.729607, -0.073805, -0.679872, 0.124694, -0.667065, 0.14221, -0.731301, 5.33192, 0.150659, 0.98708, 0.054525, 0.71595, 0.0, 0.0, 0.0, 1.0],
                [0.72661, -0.074949, -0.68295, 0.124273, -0.670431, 0.139973, -0.72865, 5.332581, 0.150207, 0.987313, 0.051458, 0.720484, 0.0, 0.0, 0.0, 1.0],
                [0.727559, -0.074464, -0.681992, 0.123479, -0.67003, 0.136417, -0.729692, 5.332914, 0.147372, 0.987848, 0.049358, 0.725018, 0.0, 0.0, 0.0, 1.0],
                [0.732037, -0.074669, -0.67716, 0.122315, -0.665757, 0.132465, -0.734316, 5.332719, 0.14453, 0.988371, 0.047258, 0.726121, 0.0, 0.0, 0.0, 1.0],
                [0.740735, -0.073781, -0.667733, 0.120804, -0.657013, 0.127815, -0.742965, 5.331715, 0.140163, 0.989049, 0.046202, 0.72721, 0.0, 0.0, 0.0, 1.0],
                [0.749212, -0.0728, -0.658317, 0.119012, -0.648249, 0.123263, -0.751384, 5.329997, 0.135847, 0.9897, 0.045157, 0.725155, 0.0, 0.0, 0.0, 1.0],
                [0.761574, -0.072438, -0.644016, 0.116923, -0.634596, 0.118277, -0.763739, 5.327611, 0.131496, 0.990335, 0.044108, 0.723086, 0.0, 0.0, 0.0, 1.0],
                [0.773676, -0.071913, -0.629487, 0.114578, -0.620694, 0.113345, -0.775817, 5.324632, 0.127141, 0.990948, 0.043056, 0.719479, 0.0, 0.0, 0.0, 1.0],
                [0.787724, -0.071622, -0.611851, 0.111998, -0.603669, 0.108212, -0.789857, 5.321133, 0.122781, 0.991544, 0.042006, 0.715872, 0.0, 0.0, 0.0, 1.0],
                [0.801385, -0.071137, -0.593904, 0.10921, -0.586311, 0.103149, -0.803492, 5.317183, 0.118418, 0.992118, 0.040953, 0.712264, 0.0, 0.0, 0.0, 1.0],
                [0.815335, -0.070577, -0.574673, 0.106239, -0.567647, 0.098075, -0.81741, 5.312855, 0.114052, 0.992672, 0.039901, 0.708657, 0.0, 0.0, 0.0, 1.0]
            ]
        },
        {
            "name": "Thigh_R",
            "time": [0.0, 0.01, 0.02, 0.03, 0.04, 0.05, 0.06, 0.07, 0.08, 0.09, 0.1, 0.11, 0.12, 0.13, 0.14, 0.15, 0.16, 0.17, 0.18, 0.19, 0.2, 0.21, 0.22, 0.23, 0.24, 0.25, 0.26, 0.27, 0.28, 0.29, 0.3, 0.31, 0.32, 0.33, 0.34, 0.35, 0.36, 0.37, 0.38, 0.39, 0.4, 0.41, 0.42, 0.43, 0.44, 0.45, 0.46, 0.47, 0.48, 0.49, 0.5, 0.51, 0.52, 0.53, 0.54, 0.55, 0.56, 0.57, 0.58, 0.59, 0.6, 0.61, 0.62, 0.63, 0.64, 0.65, 0.66, 0.67, 0.68, 0.69, 0.7],
            "transform": [
                [0.95879, -0.150721, -0.240833, 0.133478, -0.105726, -0.976087, 0.189947, 0.000877, -0.263701, -0.156657, -0.951798, 0.057056, 0.0, 0.0, 0.0, 1.0],
                [0.956659, -0.145535, -0.252218, 0.133478, -0.101827, -0.978667, 0.178471, 0.000877, -0.272809, -0.145055, -0.95107, 0.057056, 0.0, 0.0, 0.0, 1.0],
                [0.953426, -0.140587, -0.266847, 0.133478, -0.098288, -0.981255, 0.165784, 0.000877, -0.28515, -0.131836, -0.949372, 0.057056, 0.0, 0.0, 0.0, 1.0],
                [0.949469, -0.137548, -0.282105, 0.133478, -0.097301, -0.983572, 0.152077, 0.000877, -0.298386, -0.116944, -0.947254, 0.057056, 0.0, 0.0, 0.0, 1.0],
                [0.945961, -0.13449, -0.295063, 0.133478, -0.101751, -0.987093, 0.123703, 0.000877, -0.307888, -0.086995, -0.947437, 0.057056, 0.0, 0.0, 0.0, 1.0],
                [0.942195, -0.137335, -0.305618, 0.133478, -0.116581, -0.98952, 0.085241, 0.000877, -0.31412, -0.044684, -0.948331, 0.057056, 0.0, 0.0, 0.0, 1.0],
                [0.938803, -0.148374, -0.310855, 0.133478, -0.141116, -0.988933, 0.045843, 0.000877, -0.314215, 0.00083, -0.949351, 0.057056, 0.0, 0.0, 0.0, 1.0],
                [0.93684, -0.171188, -0.30499, 0.133478, -0.1755, -0.984391, 0.013435, 0.000877, -0.302527, 0.04094, -0.952261, 0.057056, 0.0, 0.0, 0.0, 1.0],
                [0.936651, -0.204246, -0.284538, 0.133478, -0.214234, -0.976777, -0.004088, 0.000877, -0.277093, 0.064788, -0.958656, 0.057056, 0.0, 0.0, 0.0, 1.0],
                [0.93708, -0.242237, -0.251392, 0.133478, -0.251742, -0.967779, -0.005864, 0.000877, -0.24187, 0.068782, -0.967867, 0.057056, 0.0, 0.0, 0.0, 1.0],
                [0.940207, -0.272507, -0.204314, 0.133478, -0.276413, -0.960993, 0.009727, 0.000877, -0.198993, 0.04733, -0.978857, 0.057056, 0.0, 0.0, 0.0, 1.0],
                [0.945948, -0.302945, -0.115757, 0.133478, -0.289397, -0.949625, 0.120289, 0.000877, -0.146365, -0.080288, -0.985967, 0.057056, 0.0, 0.0, 0.0, 1.0],
                [0.942667, -0.332471, 0.028865, 0.133478, -0.319586, -0.874468, 0.364934, 0.000877, -0.096088, -0.35324, -0.930586, 0.057056, 0.0, 0.0, 0.0, 1.0],
                [0.931713, -0.322093, 0.167808, 0.133478, -0.34918, -0.66739, 0.657774, 0.000877, -0.09987, -0.671458, -0.734285, 0.057056, 0.0, 0.0, 0.0, 1.0],
                [0.959314, -0.209326, 0.189447, 0.133479, -0.251291, -0.327248, 0.910913, 0.000877, -0.12868, -0.921467, -0.366536, 0.057056, 0.0, 0.0, 0.0, 1.0],
                [0.996149, -0.055893, 0.067494, 0.133478, -0.070732, -0.058146, 0.9958, 0.000877, -0.051733, -0.996746, -0.061876, 0.057056, 0.0, 0.0, 0.0, 1.0],
                [0.982311, 0.156128, -0.103349, 0.133478, 0.088139, 0.101404, 0.990934, 0.000877, 0.165191, -0.982521, 0.085849, 0.057056, 0.0, 0.0, 0.0, 1.0],
                [0.897633, 0.38848, -0.208166, 0.133478, 0.161323, 0.14993, 0.975447, 0.000877, 0.410149, -0.909182, 0.071911, 0.057056, 0.0, 0.0, 0.0, 1.0],
                [0.818113, 0.533123, -0.215568, 0.133478, 0.17002, 0.133862, 0.976307, 0.000877, 0.549343, -0.835386, 0.018873, 0.057056, 0.0, 0.0, 0.0, 1.0],
                [0.790121, 0.570689, -0.223652, 0.133478, 0.184437, 0.126611, 0.974654, 0.000877, 0.584539, -0.81135, -0.005218, 0.057056, 0.0, 0.0, 0.0, 1.0],
                [0.771997, 0.591061, -0.23381, 0.133478, 0.201085, 0.121846, 0.971966, 0.000877, 0.602976, -0.797375, -0.024789, 0.057056, 0.0, 0.0, 0.0, 1.0],
                [0.750853, 0.619384, -0.229307, 0.133478, 0.215607, 0.098304, 0.971519, 0.000877, 0.624283, -0.778912, -0.059732, 0.057056, 0.0, 0.0, 0.0, 1.0],
                [0.731205, 0.646888, -0.216505, 0.133479, 0.23317, 0.061252, 0.970505, 0.000877, 0.641065, -0.760125, -0.106048, 0.057056, 0.0, 0.0, 0.0, 1.0],
                [0.715993, 0.667681, -0.20385, 0.133478, 0.247648, 0.030088, 0.968383, 0.000877, 0.652701, -0.743843, -0.143808, 0.057056, 0.0, 0.0, 0.0, 1.0],
                [0.706585, 0.676726, -0.206832, 0.133478, 0.263993, 0.019093, 0.964335, 0.000877, 0.656535, -0.735992, -0.165161, 0.057056, 0.0, 0.0, 0.0, 1.0],
                [0.706085, 0.665503, -0.241972, 0.133479, 0.283845, 0.047063, 0.957714, 0.000877, 0.648745, -0.744915, -0.15567, 0.057055, 0.0, 0.0, 0.0, 1.0],
                [0.716542, 0.624189, -0.311376, 0.133479, 0.308917, 0.116267, 0.943955, 0.000877, 0.625407, -0.772576, -0.109513, 0.057056, 0.0, 0.0, 0.0, 1.0],
                [0.738785, 0.543224, -0.398878, 0.133478, 0.337371, 0.214261, 0.916664, 0.000877, 0.583415, -0.811791, -0.024975, 0.057056, 0.0, 0.0, 0.0, 1.0],
                [0.804111, 0.332434, -0.492836, 0.133478, 0.364598, 0.379013, 0.85054, 0.000877, 0.469535, -0.863625, 0.183563, 0.057055, 0.0, 0.0, 0.0, 1.0],
                [0.898147, 0.058738, -0.435746, 0.133478, 0.341875, 0.529902, 0.776097, 0.000877, 0.276487, -0.846027, 0.455849, 0.057056, 0.0, 0.0, 0.0, 1.0],
                [0.969162, -0.033944, -0.244056, 0.133478, 0.241803, 0.32154, 0.915502, 0.000877, 0.047398, -0.946292, 0.319832, 0.057056, 0.0, 0.0, 0.0, 1.0],
                [0.988869, -0.035435, -0.144483, 0.133478, 0.062289, -0.783364, 0.618438, 0.000877, -0.135096, -0.620558, -0.772437, 0.057056, 0.0, 0.0, 0.0, 1.0],
                [0.985888, -0.078887, -0.147617, 0.133478, -0.008621, -0.904732, 0.425905, 0.000877, -0.167151, -0.418627, -0.892644, 0.057056, 0.0, 0.0, 0.0, 1.0],
                [0.986027, -0.102781, -0.131073, 0.133478, -0.049932, -0.933125, 0.356077, 0.000877, -0.158904, -0.344558, -0.925218, 0.057056, 0.0, 0.0, 0.0, 1.0],
                [0.982593, -0.127057, -0.135508, 0.133478, -0.055796, -0.897682, 0.437102, 0.000877, -0.177179, -0.421935, -0.889145, 0.057057, 0.0, 0.0, 0.0, 1.0],
                [0.978349, -0.146581, -0.146083, 0.133478, -0.056174, -0.867508, 0.494247, 0.000878, -0.199174, -0.475344, -0.856959, 0.057055, 0.0, 0.0, 0.0, 1.0],
                [0.973221, -0.169737, -0.154995, 0.133478, -0.056438, -0.830134, 0.554704, 0.000878, -0.222819, -0.531105, -0.817484, 0.057055, 0.0, 0.0, 0.0, 1.0],
                [0.967673, -0.202965, -0.149693, 0.133479, -0.061033, -0.764391, 0.641861, 0.000877, -0.244697, -0.611979, -0.752068, 0.057057, 0.0, 0.0, 0.0, 1.0],
                [0.960429, -0.25365, -0.115017, 0.133479, -0.076443, -0.637204, 0.766897, 0.000875, -0.26781, -0.727766, -0.631379, 0.057056, 0.0, 0.0, 0.0, 1.0],
                [0.951654, -0.294414, -0.087563, 0.133479, -0.090395, -0.540904, 0.836215, 0.000878, -0.293554, -0.787879, -0.541367, 0.057055, 0.0, 0.0, 0.0, 1.0],
                [0.942553, -0.327882, -0.063867, 0.133479, -0.098332, -0.45507, 0.885011, 0.000877, -0.31924, -0.827898, -0.461169, 0.057056, 0.0, 0.0, 0.0, 1.0],
                [0.931823, -0.362743, -0.010799, 0.133479, -0.110033, -0.310769, 0.944095, 0.000878, -0.345816, -0.87855, -0.329495, 0.057056, 0.0, 0.0, 0.0, 1.0],
                [0.922894, -0.382709, 0.042331, 0.133479, -0.126652, -0.197914, 0.972002, 0.000877, -0.363611, -0.902429, -0.231124, 0.057056, 0.0, 0.0, 0.0, 1.0],
                [0.919548, -0.389631, 0.051105, 0.133479, -0.15515, -0.240492, 0.958171, 0.000876, -0.36104, -0.889022, -0.281596, 0.057056, 0.0, 0.0, 0.0, 1.0],
                [0.921296, -0.388431, 0.018063, 0.133479, -0.187733, -0.403645, 0.895449, 0.000878, -0.340525, -0.828374, -0.444799, 0.057057, 0.0, 0.0, 0.0, 1.0],
                [0.925544, -0.377809, -0.024914, 0.133479, -0.198217, -0.539559, 0.818284, 0.000877, -0.322593, -0.752429, -0.574274, 0.057057, 0.0, 0.0, 0.0, 1.0],
                [0.927735, -0.368362, -0.06007, 0.133479, -0.201812, -0.630508, 0.749491, 0.000876, -0.313954, -0.683215, -0.659284, 0.057056, 0.0, 0.0, 0.0, 1.0],
                [0.93162, -0.35188, -0.090867, 0.133476, -0.197223, -0.699538, 0.686843, 0.000877, -0.305248, -0.621962, -0.721103, 0.057055, 0.0, 0.0, 0.0, 1.0],
                [0.936449, -0.332456, -0.111933, 0.13348, -0.186223, -0.741561, 0.644526, 0.000876, -0.297279, -0.582726, -0.756345, 0.057058, 0.0, 0.0, 0.0, 1.0],
                [0.940609, -0.313827, -0.129466, 0.133479, -0.172229, -0.769783, 0.614635, 0.000877, -0.292547, -0.555838, -0.778114, 0.057057, 0.0, 0.0, 0.0, 1.0],
                [0.944506, -0.29602, -0.142383, 0.133477, -0.15798, -0.789402, 0.593206, 0.000877, -0.287996, -0.537797, -0.79236, 0.057056, 0.0, 0.0, 0.0, 1.0],
                [0.946916, -0.280886, -0.156358, 0.133479, -0.143893, -0.805278, 0.575176, 0.000878, -0.287468, -0.522148, -0.802948, 0.057056, 0.0, 0.0, 0.0, 1.0],
                [0.947775, -0.268935, -0.171444, 0.133477, -0.134156, -0.823858, 0.550692, 0.000877, -0.289345, -0.498934, -0.816912, 0.057054, 0.0, 0.0, 0.0, 1.0],
                [0.946517, -0.262098, -0.188153, 0.133478, -0.12958, -0.842887, 0.522263, 0.000877, -0.295472, -0.469955, -0.831769, 0.057056, 0.0, 0.0, 0.0, 1.0],
                [0.945201, -0.254491, -0.204505, 0.133479, -0.125106, -0.860926, 0.493115, 0.000878, -0.301554, -0.440511, -0.845586, 0.057057, 0.0, 0.0, 0.0, 1.0],
                [0.942191, -0.251136, -0.221814, 0.133477, -0.123059, -0.875096, 0.46805, 0.000877, -0.31165, -0.413699, -0.855411, 0.057055, 0.0, 0.0, 0.0, 1.0],
                [0.939115, -0.246914, -0.238935, 0.133479, -0.121041, -0.888571, 0.44249, 0.000878, -0.321565, -0.386631, -0.864357, 0.057054, 0.0, 0.0, 0.0, 1.0],
                [0.935385, -0.245433, -0.254581, 0.133477, -0.12122, -0.898855, 0.421155, 0.000876, -0.332194, -0.363084, -0.870527, 0.057055, 0.0, 0.0, 0.0, 1.0],
                [0.931597, -0.243211, -0.270124, 0.133479, -0.121385, -0.90867, 0.39949, 0.000877, -0.342611, -0.339378, -0.876037, 0.057056, 0.0, 0.0, 0.0, 1.0],
                [0.928171, -0.240754, -0.283779, 0.133479, -0.121471, -0.916784, 0.380472, 0.000878, -0.351761, -0.318674, -0.880177, 0.057057, 0.0, 0.0, 0.0, 1.0],
                [0.924714, -0.237701, -0.297311, 0.133479, -0.121517, -0.924537, 0.36121, 0.000877, -0.360732, -0.29789, -0.883817, 0.057055, 0.0, 0.0, 0.0, 1.0],
                [0.922094, -0.234468, -0.307832, 0.133477, -0.121022, -0.930361, 0.346107, 0.000878, -0.367542, -0.281892, -0.886256, 0.057054, 0.0, 0.0, 0.0, 1.0],
                [0.920519, -0.230926, -0.315137, 0.13348, -0.12189, -0.936113, 0.329912, 0.000877, -0.371186, -0.26528, -0.889858, 0.057055, 0.0, 0.0, 0.0, 1.0],
                [0.919776, -0.226403, -0.32054, 0.133478, -0.119941, -0.939903, 0.319692, 0.000877, -0.373653, -0.255601, -0.891656, 0.057055, 0.0, 0.0, 0.0, 1.0],
                [0.919511, -0.224578, -0.322579, 0.13348, -0.120028, -0.941936, 0.313622, 0.000876, -0.374278, -0.249662, -0.893076, 0.057058, 0.0, 0.0, 0.0, 1.0],
                [0.919765, -0.223594, -0.32254, 0.133478, -0.119374, -0.94229, 0.312805, 0.000877, -0.373864, -0.249206, -0.893376, 0.057056, 0.0, 0.0, 0.0, 1.0],
                [0.920504, -0.223433, -0.320534, 0.13348, -0.118217, -0.941181, 0.316561, 0.000877, -0.372407, -0.253505, -0.892775, 0.057056, 0.0, 0.0, 0.0, 1.0],
                [0.921185, -0.223113, -0.318802, 0.133478, -0.115477, -0.939134, 0.323571, 0.000879, -0.371589, -0.261256, -0.89088, 0.057055, 0.0, 0.0, 0.0, 1.0],
                [0.923075, -0.222664, -0.313604, 0.133478, -0.113142, -0.936507, 0.331903, 0.000875, -0.367593, -0.270891, -0.889659, 0.057056, 0.0, 0.0, 0.0, 1.0],
                [0.924937, -0.222191, -0.308407, 0.133479, -0.110869, -0.933787, 0.34023, 0.000877, -0.36358, -0.2805, -0.888329, 0.057058, 0.0, 0.0, 0.0, 1.0],
                [0.926989, -0.221755, -0.302509, 0.133479, -0.109558, -0.931425, 0.347057, 0.000876, -0.358725, -0.288577, -0.887716, 0.057056, 0.0, 0.0, 0.0, 1.0]
            ]
        },
        {
            "name": "Leg_R",
            "time": [0.0, 0.01, 0.02, 0.03, 0.04, 0.05, 0.06, 0.07, 0.08, 0.09, 0.1, 0.11, 0.12, 0.13, 0.14, 0.15, 0.16, 0.17, 0.18, 0.19, 0.2, 0.21, 0.22, 0.23, 0.24, 0.25, 0.26, 0.27, 0.28, 0.29, 0.3, 0.31, 0.32, 0.33, 0.34, 0.35, 0.36, 0.37, 0.38, 0.39, 0.4, 0.41, 0.42, 0.43, 0.44, 0.45, 0.46, 0.47, 0.48, 0.49, 0.5, 0.51, 0.52, 0.53, 0.54, 0.55, 0.56, 0.57, 0.58, 0.59, 0.6, 0.61, 0.62, 0.63, 0.64, 0.65, 0.66, 0.67, 0.68, 0.69, 0.7],
            "transform": [
                [0.999996, -0.001614, 0.001104, 0.0, 0.001102, 0.931439, 0.363902, 0.37472, -0.001615, -0.363901, 0.931437, -0.0, 0.0, 0.0, 0.0, 1.0],
                [0.999994, -0.001636, 0.001072, 0.0, 0.001069, 0.916109, 0.400937, 0.37472, -0.001638, -0.400937, 0.916105, 0.0, 0.0, 0.0, 0.0, 1.0],
                [0.999995, -0.001657, 0.001038, 0.0, 0.001036, 0.899298, 0.437343, 0.37472, -0.001658, -0.437342, 0.899294, -0.0, 0.0, 0.0, 0.0, 1.0],
                [0.999995, -0.001678, 0.001004, 0.0, 0.001003, 0.88105, 0.473029, 0.37472, -0.001678, -0.473029, 0.881046, 0.0, 0.0, 0.0, 0.0, 1.0],
                [0.999994, -0.001698, 0.000971, -0.0, 0.000969, 0.861441, 0.507862, 0.37472, -0.001699, -0.507863, 0.861437, 0.0, 0.0, 0.0, 0.0, 1.0],
                [0.999996, -0.001717, 0.000937, 0.0, 0.000935, 0.840447, 0.541897, 0.37472, -0.001718, -0.541898, 0.840444, -0.0, 0.0, 0.0, 0.0, 1.0],
                [0.999997, -0.001734, 0.000902, 0.0, 0.0009, 0.818118, 0.575053, 0.37472, -0.001735, -0.575053, 0.818116, 0.0, 0.0, 0.0, 0.0, 1.0],
                [0.999995, -0.001752, 0.000868, -0.0, 0.000866, 0.794912, 0.606729, 0.37472, -0.001754, -0.60673, 0.794908, 0.0, 0.0, 0.0, 0.0, 1.0],
                [0.999994, -0.001769, 0.000834, -0.0, 0.000832, 0.770469, 0.637481, 0.37472, -0.00177, -0.637483, 0.770464, -0.0, 0.0, 0.0, 0.0, 1.0],
                [0.999994, -0.001785, 0.000798, -0.0, 0.000797, 0.744848, 0.667238, 0.37472, -0.001785, -0.667241, 0.744843, 0.0, 0.0, 0.0, 0.0, 1.0],
                [0.999994, -0.001801, 0.00076, -0.0, 0.000759, 0.71594, 0.698165, 0.37472, -0.001802, -0.698167, 0.715935, 0.0, 0.0, 0.0, 0.0, 1.0],
                [0.999993, -0.001848, 0.000638, -0.0, 0.000636, 0.616292, 0.787519, 0.37472, -0.001848, -0.787524, 0.616287, -0.0, 0.0, 0.0, 0.0, 1.0],
                [0.999993, -0.001908, 0.000428, -0.0, 0.000426, 0.425901, 0.904769, 0.37472, -0.001908, -0.904776, 0.425897, 0.0, 0.0, 0.0, 0.0, 1.0],
                [0.999994, -0.001939, 0.000253, -0.0, 0.000252, 0.256547, 0.966529, 0.37472, -0.001939, -0.966538, 0.256544, 0.0, 0.0, 0.0, 0.0, 1.0],
                [0.999996, -0.001951, 0.000123, 0.0, 0.000122, 0.124809, 0.992178, 0.37472, -0.001951, -0.992185, 0.124808, -0.0, 0.0, 0.0, 0.0, 1.0],
                [0.999994, -0.001948, 0.000161, 0.0, 0.00016, 0.163672, 0.986512, 0.37472, -0.001948, -0.986521, 0.16367, 0.0, 0.0, 0.0, 0.0, 1.0],
                [0.999995, -0.001932, 0.000306, -0.0, 0.000305, 0.308674, 0.951166, 0.37472, -0.001932, -0.951172, 0.308672, -0.0, 0.0, 0.0, 0.0, 1.0],
                [0.999997, -0.001883, 0.000527, 0.0, 0.000525, 0.518107, 0.855315, 0.37472, -0.001883, -0.855318, 0.518104, 0.0, 0.0, 0.0, 0.0, 1.0],
                [0.999996, -0.001826, 0.000699, 0.0, 0.000699, 0.667703, 0.744429, 0.37472, -0.001826, -0.74443, 0.6677, -0.0, 0.0, 0.0, 0.0, 1.0],
                [0.999995, -0.001808, 0.000745, 0.0, 0.000743, 0.703836, 0.710365, 0.37472, -0.001809, -0.710367, 0.703832, -0.0, 0.0, 0.0, 0.0, 1.0],
                [0.999996, -0.001798, 0.00077, 0.0, 0.000768, 0.723182, 0.690659, 0.37472, -0.001799, -0.690661, 0.723179, -0.0, 0.0, 0.0, 0.0, 1.0],
                [0.999997, -0.001774, 0.000822, 0.0, 0.00082, 0.762303, 0.647222, 0.37472, -0.001775, -0.647223, 0.7623, 0.0, 0.0, 0.0, 0.0, 1.0],
                [0.999996, -0.001742, 0.000887, 0.0, 0.000886, 0.808408, 0.588625, 0.37472, -0.001743, -0.588626, 0.808405, 0.0, 0.0, 0.0, 0.0, 1.0],
                [0.999995, -0.00171, 0.000947, -0.0, 0.000946, 0.847265, 0.531174, 0.37472, -0.001711, -0.531174, 0.847262, 0.0, 0.0, 0.0, 0.0, 1.0],
                [0.999995, -0.001698, 0.00097, -0.0, 0.00097, 0.861431, 0.507879, 0.37472, -0.001698, -0.50788, 0.861427, 0.0, 0.0, 0.0, 0.0, 1.0],
                [0.999996, -0.001722, 0.000927, -0.0, 0.000926, 0.834404, 0.551156, 0.37472, -0.001722, -0.551157, 0.834401, 0.0, 0.0, 0.0, 0.0, 1.0],
                [0.999997, -0.00178, 0.000809, -0.0, 0.000809, 0.753166, 0.657832, 0.37472, -0.00178, -0.657832, 0.753163, -0.0, 0.0, 0.0, 0.0, 1.0],
                [0.999996, -0.001851, 0.000631, 0.0, 0.000631, 0.610824, 0.791767, 0.37472, -0.001852, -0.791769, 0.610821, -0.0, 0.0, 0.0, 0.0, 1.0],
                [0.999996, -0.001926, 0.000337, -0.0, 0.000336, 0.3392, 0.940712, 0.37472, -0.001926, -0.940718, 0.339197, -0.0, 0.0, 0.0, 0.0, 1.0],
                [0.999996, -0.001954, -8e-05, -0.0, -8.1e-05, -0.082259, 0.996608, 0.37472, -0.001954, -0.996616, -0.082258, 0.0, 0.0, 0.0, 0.0, 1.0],
                [0.999995, -0.001917, -0.000388, -0.0, -0.000388, -0.389052, 0.921214, 0.37472, -0.001917, -0.92122, -0.389049, 0.0, 0.0, 0.0, 0.0, 1.0],
                [0.999993, -0.001924, 0.00035, -0.0, 0.000349, 0.351845, 0.936057, 0.37472, -0.001924, -0.936064, 0.351842, 0.0, 0.0, 0.0, 0.0, 1.0],
                [0.999993, -0.001805, 0.00075, -0.0, 0.000749, 0.708076, 0.706139, 0.37472, -0.001806, -0.706143, 0.70807, -0.0, 0.0, 0.0, 0.0, 1.0],
                [0.999995, -0.001754, 0.000863, -0.0, 0.000862, 0.791813, 0.610767, 0.37472, -0.001755, -0.610768, 0.791809, 0.0, 0.0, 0.0, 0.0, 1.0],
                [0.999995, -0.001827, 0.000698, -0.0, 0.000696, 0.666011, 0.745943, 0.37472, -0.001828, -0.745946, 0.666007, 0.0, 0.0, 0.0, 0.0, 1.0],
                [0.999993, -0.001894, 0.000487, 0.0, 0.000485, 0.481489, 0.876452, 0.37472, -0.001894, -0.876458, 0.481485, 0.0, 0.0, 0.0, 0.0, 1.0],
                [0.999994, -0.00194, 0.000248, -0.0, 0.000247, 0.250858, 0.968022, 0.37472, -0.00194, -0.96803, 0.250855, 0.0, 0.0, 0.0, 0.0, 1.0],
                [0.999994, -0.001955, 1.4e-05, -0.0, 1.3e-05, 0.013628, 0.999905, 0.37472, -0.001955, -0.999913, 0.013628, -0.0, 0.0, 0.0, 0.0, 1.0],
                [0.999993, -0.001949, -0.000156, -0.0, -0.000158, -0.160094, 0.987098, 0.37472, -0.001949, -0.987109, -0.160092, 0.0, 0.0, 0.0, 0.0, 1.0],
                [0.999995, -0.001945, -0.000207, 0.0, -0.000207, -0.210358, 0.977621, 0.37472, -0.001945, -0.97763, -0.210355, 0.0, 0.0, 0.0, 0.0, 1.0],
                [0.999995, -0.001936, -0.000268, 0.0, -0.000269, -0.272466, 0.962163, 0.37472, -0.001936, -0.962171, -0.272464, -1e-06, 0.0, 0.0, 0.0, 1.0],
                [0.999994, -0.001929, -0.000323, -0.0, -0.000323, -0.325628, 0.945496, 0.37472, -0.001929, -0.945505, -0.325625, 0.0, 0.0, 0.0, 0.0, 1.0],
                [0.999994, -0.001936, -0.000279, 0.0, -0.000281, -0.283261, 0.95904, 0.37472, -0.001935, -0.959052, -0.283257, -0.0, 0.0, 0.0, 0.0, 1.0],
                [0.999995, -0.001953, -9.8e-05, -0.0, -9.9e-05, -0.100883, 0.994895, 0.37472, -0.001953, -0.994904, -0.100882, 0.0, 0.0, 0.0, 0.0, 1.0],
                [0.999995, -0.001948, 0.000165, -0.0, 0.000163, 0.167243, 0.985912, 0.37472, -0.001949, -0.985921, 0.167241, -0.0, 0.0, 0.0, 0.0, 1.0],
                [0.999993, -0.001924, 0.000348, 0.0, 0.000346, 0.349484, 0.93694, 0.37472, -0.001925, -0.93695, 0.34948, -0.0, 0.0, 0.0, 0.0, 1.0],
                [0.999993, -0.001911, 0.000415, 0.0, 0.000412, 0.413247, 0.910618, 0.37472, -0.001911, -0.910627, 0.413242, 0.0, 0.0, 0.0, 0.0, 1.0],
                [0.999994, -0.001897, 0.000474, -0.0, 0.000472, 0.46946, 0.882954, 0.37472, -0.001897, -0.882961, 0.469455, 0.0, 0.0, 0.0, 0.0, 1.0],
                [0.999993, -0.001888, 0.000509, -0.0, 0.000508, 0.502381, 0.864646, 0.37472, -0.001888, -0.864653, 0.502376, 0.0, 0.0, 0.0, 0.0, 1.0],
                [0.999994, -0.001881, 0.000534, 0.0, 0.000533, 0.524865, 0.851185, 0.37472, -0.001881, -0.851191, 0.524861, -0.0, 0.0, 0.0, 0.0, 1.0],
                [0.999995, -0.001875, 0.000555, -0.0, 0.000554, 0.543808, 0.83921, 0.37472, -0.001875, -0.839215, 0.543803, 0.0, 0.0, 0.0, 0.0, 1.0],
                [0.999994, -0.001868, 0.000576, 0.0, 0.000574, 0.562478, 0.826813, 0.37472, -0.001869, -0.826817, 0.562474, -0.0, 0.0, 0.0, 0.0, 1.0],
                [0.999996, -0.001859, 0.000606, 0.0, 0.000606, 0.589199, 0.807988, 0.37472, -0.001859, -0.80799, 0.589196, -0.0, 0.0, 0.0, 0.0, 1.0],
                [0.999993, -0.001846, 0.000644, -0.0, 0.000642, 0.621119, 0.783718, 0.37472, -0.001847, -0.783723, 0.621113, 0.0, 0.0, 0.0, 0.0, 1.0],
                [0.999994, -0.001832, 0.000683, -0.0, 0.000681, 0.653927, 0.75656, 0.37472, -0.001833, -0.756564, 0.653922, -0.0, 0.0, 0.0, 0.0, 1.0],
                [0.999994, -0.001818, 0.000722, -0.0, 0.000721, 0.685563, 0.728016, 0.37472, -0.001819, -0.728019, 0.685558, 0.0, 0.0, 0.0, 0.0, 1.0],
                [0.999995, -0.001801, 0.000761, -0.0, 0.000758, 0.715939, 0.698165, 0.37472, -0.001802, -0.698167, 0.715935, 0.0, 0.0, 0.0, 0.0, 1.0],
                [0.999995, -0.001786, 0.000797, -0.0, 0.000795, 0.743752, 0.668458, 0.37472, -0.001787, -0.66846, 0.743748, -1e-06, 0.0, 0.0, 0.0, 1.0],
                [0.999994, -0.001768, 0.000833, 0.0, 0.000831, 0.770334, 0.637645, 0.37472, -0.00177, -0.637647, 0.770329, -0.0, 0.0, 0.0, 0.0, 1.0],
                [0.999995, -0.001754, 0.000866, 0.0, 0.000864, 0.7933, 0.608834, 0.37472, -0.001755, -0.608835, 0.793296, -0.0, 0.0, 0.0, 0.0, 1.0],
                [0.999994, -0.001737, 0.000897, -0.0, 0.000896, 0.815191, 0.579197, 0.37472, -0.001738, -0.579198, 0.815186, 0.0, 0.0, 0.0, 0.0, 1.0],
                [0.999994, -0.001723, 0.000924, 0.0, 0.000922, 0.832411, 0.554164, 0.37472, -0.001724, -0.554165, 0.832406, 0.0, 0.0, 0.0, 0.0, 1.0],
                [0.999995, -0.001712, 0.000945, 0.0, 0.000942, 0.84535, 0.534217, 0.37472, -0.001713, -0.534218, 0.845346, -0.0, 0.0, 0.0, 0.0, 1.0],
                [0.999994, -0.001705, 0.000958, 0.0, 0.000955, 0.853315, 0.521403, 0.37472, -0.001706, -0.521404, 0.85331, 0.0, 0.0, 0.0, 0.0, 1.0],
                [0.999994, -0.001703, 0.00096, -0.0, 0.000959, 0.855177, 0.518342, 0.37472, -0.001704, -0.518343, 0.855173, 1e-06, 0.0, 0.0, 0.0, 1.0],
                [0.999994, -0.001705, 0.000956, 0.0, 0.000954, 0.852565, 0.522627, 0.37472, -0.001706, -0.522628, 0.852561, -0.0, 0.0, 0.0, 0.0, 1.0],
                [0.999995, -0.001711, 0.000946, 0.0, 0.000944, 0.846118, 0.533001, 0.37472, -0.001712, -0.533001, 0.846114, -1e-06, 0.0, 0.0, 0.0, 1.0],
                [0.999995, -0.001721, 0.000928, -0.0, 0.000926, 0.835032, 0.550205, 0.37472, -0.001722, -0.550206, 0.835028, 0.0, 0.0, 0.0, 0.0, 1.0],
                [0.999995, -0.00173, 0.00091, -0.0, 0.000909, 0.823595, 0.567182, 0.37472, -0.001731, -0.567182, 0.823592, 0.0, 0.0, 0.0, 0.0, 1.0],
                [0.999994, -0.001739, 0.000893, 0.0, 0.000891, 0.811816, 0.583918, 0.37472, -0.00174, -0.58392, 0.811811, -0.0, 0.0, 0.0, 0.0, 1.0],
                [0.999996, -0.001747, 0.000879, -0.0, 0.000877, 0.802374, 0.596824, 0.37472, -0.001747, -0.596824, 0.802371, -0.0, 0.0, 0.0, 0.0, 1.0]
            ]
        },
        {
            "name": "Knee_R",
            "time": [0.0, 0.7],
            "transform": [
                [1.0, 0.0, -0.0, 0.0, -0.0, 1e-06, -1.0, 0.37472, -0.0, 1.0, 1e-06, -0.0, 0.0, 0.0, 0.0, 1.0],
                [1.0, 0.0, -0.0, -0.0, -0.0, 1e-06, -1.0, 0.37472, -0.0, 1.0, 1e-06, -0.0, 0.0, 0.0, 0.0, 1.0]
            ]
        },
        {
            "name": "Thigh_L",
            "time": [0.0, 0.01, 0.02, 0.03, 0.04, 0.05, 0.06, 0.07, 0.08, 0.09, 0.1, 0.11, 0.12, 0.13, 0.14, 0.15, 0.16, 0.17, 0.18, 0.19, 0.2, 0.21, 0.22, 0.23, 0.24, 0.25, 0.26, 0.27, 0.28, 0.29, 0.3, 0.31, 0.32, 0.33, 0.34, 0.35, 0.36, 0.37, 0.38, 0.39, 0.4, 0.41, 0.42, 0.43, 0.44, 0.45, 0.46, 0.47, 0.48, 0.49, 0.5, 0.51, 0.52, 0.53, 0.54, 0.55, 0.56, 0.57, 0.58, 0.59, 0.6, 0.61, 0.62, 0.63, 0.64, 0.65, 0.66, 0.67, 0.68, 0.69, 0.7],
            "transform": [
                [0.980529, -0.073467, -0.182143, -0.125006, 0.00092, -0.925668, 0.378321, 0.036506, -0.1964, -0.371117, -0.907578, -0.059857, 0.0, 0.0, 0.0, 1.0],
                [0.979391, -0.066019, -0.190897, -0.125006, -0.007933, -0.956918, 0.290239, 0.036507, -0.201835, -0.282741, -0.93772, -0.059857, 0.0, 0.0, 0.0, 1.0],
                [0.978378, -0.054178, -0.199624, -0.125006, -0.015626, -0.981685, 0.189844, 0.036506, -0.206256, -0.182617, -0.961306, -0.059857, 0.0, 0.0, 0.0, 1.0],
                [0.977712, -0.037796, -0.20654, -0.125006, -0.017217, -0.99478, 0.10054, 0.036506, -0.209263, -0.094742, -0.973259, -0.059857, 0.0, 0.0, 0.0, 1.0],
                [0.978013, -0.023079, -0.207276, -0.125006, -0.013947, -0.998868, 0.045407, 0.036506, -0.208091, -0.041517, -0.977228, -0.059857, 0.0, 0.0, 0.0, 1.0],
                [0.978672, -0.018149, -0.204646, -0.125006, -0.012892, -0.999548, 0.026991, 0.036506, -0.205045, -0.023777, -0.978464, -0.059857, 0.0, 0.0, 0.0, 1.0],
                [0.979472, -0.026012, -0.199914, -0.125006, -0.019053, -0.999141, 0.036653, 0.036506, -0.200698, -0.03209, -0.979128, -0.059857, 0.0, 0.0, 0.0, 1.0],
                [0.981218, -0.046013, -0.187355, -0.125006, -0.033523, -0.997029, 0.069301, 0.036506, -0.189988, -0.061718, -0.979845, -0.059857, 0.0, 0.0, 0.0, 1.0],
                [0.98336, -0.070924, -0.167269, -0.125006, -0.05077, -0.991248, 0.121833, 0.036506, -0.174447, -0.111312, -0.978355, -0.059857, 0.0, 0.0, 0.0, 1.0],
                [0.985417, -0.093082, -0.142471, -0.125006, -0.065042, -0.979593, 0.190151, 0.036506, -0.157265, -0.17811, -0.971362, -0.059857, 0.0, 0.0, 0.0, 1.0],
                [0.9877, -0.094808, -0.124364, -0.125006, -0.069496, -0.978525, 0.194038, 0.036506, -0.140091, -0.183007, -0.973079, -0.059857, 0.0, 0.0, 0.0, 1.0],
                [0.988513, -0.116587, -0.096196, -0.125006, -0.095164, -0.974503, 0.203178, 0.036506, -0.117432, -0.191688, -0.974405, -0.059857, 0.0, 0.0, 0.0, 1.0],
                [0.983061, -0.1823, -0.019128, -0.125006, -0.171105, -0.950057, 0.260973, 0.036506, -0.065749, -0.253277, -0.965157, -0.059857, 0.0, 0.0, 0.0, 1.0],
                [0.963848, -0.248383, 0.096496, -0.125006, -0.266372, -0.888226, 0.37429, 0.036506, -0.007257, -0.386458, -0.922277, -0.059857, 0.0, 0.0, 0.0, 1.0],
                [0.92472, -0.285301, 0.251995, -0.125006, -0.379046, -0.750965, 0.540714, 0.036506, 0.034974, -0.595522, -0.802575, -0.059857, 0.0, 0.0, 0.0, 1.0],
                [0.87597, -0.267764, 0.401229, -0.125006, -0.480525, -0.557139, 0.677268, 0.036506, 0.042192, -0.78606, -0.616705, -0.059857, 0.0, 0.0, 0.0, 1.0],
                [0.841885, -0.206338, 0.498659, -0.125006, -0.538623, -0.378682, 0.752653, 0.036506, 0.033533, -0.902228, -0.429945, -0.059858, 0.0, 0.0, 0.0, 1.0],
                [0.823018, -0.132311, 0.552397, -0.125006, -0.567077, -0.247529, 0.785593, 0.036506, 0.032792, -0.959798, -0.278752, -0.059857, 0.0, 0.0, 0.0, 1.0],
                [0.85001, -0.053833, 0.524014, -0.125006, -0.520861, -0.234517, 0.820797, 0.036506, 0.078705, -0.970617, -0.227381, -0.059857, 0.0, 0.0, 0.0, 1.0],
                [0.859013, 0.003064, 0.511951, -0.125006, -0.503089, -0.180307, 0.845217, 0.036506, 0.094899, -0.983601, -0.153345, -0.059857, 0.0, 0.0, 0.0, 1.0],
                [0.862629, 0.048894, 0.503474, -0.125006, -0.494816, -0.125141, 0.859941, 0.036506, 0.105052, -0.990929, -0.083757, -0.059857, 0.0, 0.0, 0.0, 1.0],
                [0.864231, 0.10208, 0.492636, -0.125006, -0.487486, -0.072164, 0.870145, 0.036506, 0.124376, -0.992151, -0.012604, -0.059857, 0.0, 0.0, 0.0, 1.0],
                [0.865211, 0.151614, 0.477942, -0.125006, -0.479739, -0.026916, 0.877, 0.036506, 0.145831, -0.98807, 0.049447, -0.059857, 0.0, 0.0, 0.0, 1.0],
