{
    "animation": [
        {
            "name": "Root",
            "time": [0.0, 0.5, 1.0, 1.2, 1.25, 1.4, 1.8, 2.1, 2.25, 2.4, 2.55, 2.66, 2.85, 3.05, 3.31, 3.69, 3.84, 4.0],
            "transform": [
                [0.994801, -0.004577, -0.10174, 0.006964, -0.10176, -0.004349, -0.994799, 0.024774, 0.00411, 0.99998, -0.004792, 0.751244, 0.0, 0.0, 0.0, 1.0],
                [0.99565, -0.006153, -0.092973, 0.006964, -0.08919, 0.225811, -0.97008, 0.024774, 0.026964, 0.974152, 0.22428, 0.751244, 0.0, 0.0, 0.0, 1.0],
                [0.99565, -0.006153, -0.092973, 0.006964, -0.08919, 0.225811, -0.97008, 0.024774, 0.026964, 0.974152, 0.22428, 0.751244, 0.0, 0.0, 0.0, 1.0],
                [0.99565, -0.006153, -0.092973, 0.006964, -0.08919, 0.225811, -0.97008, 0.024774, 0.026964, 0.974152, 0.22428, 0.751244, 0.0, 0.0, 0.0, 1.0],
                [0.995261, -0.005148, -0.097099, 0.001565, -0.095833, 0.117067, -0.988489, -0.028422, 0.016456, 0.993111, 0.116019, 0.707514, 0.0, 0.0, 0.0, 1.0],
                [0.994801, -0.004577, -0.10174, -0.034019, -0.10176, -0.004349, -0.994799, -0.839561, 0.00411, 0.99998, -0.004792, 0.659344, 0.0, 0.0, 0.0, 1.0],
                [0.99432, -0.087898, -0.06002, -0.037675, -0.06077, -0.005882, -0.998134, -1.034965, 0.087381, 0.996112, -0.01119, 0.441358, 0.0, 0.0, 0.0, 1.0],
                [0.99432, -0.087898, -0.06002, -0.037675, -0.06077, -0.005882, -0.998134, -1.034965, 0.087381, 0.996112, -0.01119, 0.441358, 0.0, 0.0, 0.0, 1.0],
                [0.998882, -0.046554, -0.008183, 0.012123, -0.018101, -0.216802, -0.976048, -1.316663, 0.043665, 0.975105, -0.217403, 0.529329, 0.0, 0.0, 0.0, 1.0],
                [0.99949, -0.031592, 0.004593, 0.012123, -0.00731, -0.366533, -0.930376, -1.316663, 0.031076, 0.929869, -0.366577, 0.529329, 0.0, 0.0, 0.0, 1.0],
                [0.99949, -0.031592, 0.004593, 0.012123, -0.00731, -0.366533, -0.930376, -1.316663, 0.031076, 0.929869, -0.366577, 0.529329, 0.0, 0.0, 0.0, 1.0],
                [0.999023, -0.043239, 0.009136, 0.009146, -0.000644, -0.220959, -0.975283, -1.142601, 0.044189, 0.974324, -0.220771, 0.529329, 0.0, 0.0, 0.0, 1.0],
                [0.999023, -0.043239, 0.009136, -0.015107, -0.000644, -0.220959, -0.975283, -1.031424, 0.044189, 0.974324, -0.220771, 0.363503, 0.0, 0.0, 0.0, 1.0],
                [0.997432, -0.071174, 0.008007, -0.015107, 0.032281, 0.346946, -0.937329, -1.031424, 0.063936, 0.935181, 0.348352, 0.363503, 0.0, 0.0, 0.0, 1.0],
                [0.997735, -0.066955, 0.006414, -0.014857, 0.030787, 0.369814, -0.928595, -1.026069, 0.059802, 0.92669, 0.371038, 0.359037, 0.0, 0.0, 0.0, 1.0],
                [0.998355, -0.055649, -0.013773, -0.011379, 0.009246, 0.393411, -0.919316, -0.951555, 0.056577, 0.917677, 0.393278, 0.296898, 0.0, 0.0, 0.0, 1.0],
                [0.991439, -0.013435, -0.129875, 0.014945, -0.060671, 0.833377, -0.549365, -0.856319, 0.115615, 0.552542, 0.825428, 0.110109, 0.0, 0.0, 0.0, 1.0],
                [0.991439, -0.013435, -0.129875, 0.014945, -0.060671, 0.833377, -0.549365, -0.856319, 0.115615, 0.552542, 0.825428, 0.110109, 0.0, 0.0, 0.0, 1.0]
            ]
        },
        {
            "name": "Thigh_R",
            "time": [0.0, 0.5, 1.0, 1.2, 1.25, 1.4, 1.8, 2.1, 2.25, 2.4, 2.55, 2.66, 2.85, 3.05, 3.31, 3.69, 3.84, 4.0],
            "transform": [
                [0.998989, 0.028415, -0.03485, 0.124994, 0.033364, -0.987994, 0.150842, -0.002831, -0.030145, -0.151852, -0.987944, -1.2e-05, 0.0, 0.0, 0.0, 1.0],
                [0.999435, 0.016484, -0.029303, 0.124994, 0.022615, -0.974527, 0.223125, -0.002831, -0.024878, -0.223661, -0.97435, -1.2e-05, 0.0, 0.0, 0.0, 1.0],
                [0.999435, 0.016484, -0.029303, 0.124994, 0.022615, -0.974527, 0.223125, -0.002831, -0.024878, -0.223661, -0.97435, -1.2e-05, 0.0, 0.0, 0.0, 1.0],
                [0.999435, 0.016484, -0.029303, 0.124994, 0.022615, -0.974527, 0.223125, -0.002831, -0.024878, -0.223661, -0.97435, -1.2e-05, 0.0, 0.0, 0.0, 1.0],
                [0.99996, 0.008249, -0.003482, 0.124994, 0.008927, -0.888171, 0.459424, -0.002831, 0.000697, -0.459437, -0.88821, -1.2e-05, 0.0, 0.0, 0.0, 1.0],
                [0.997633, 0.041608, -0.054752, 0.124994, 0.065371, -0.820941, 0.567257, -0.002831, -0.021345, -0.569493, -0.821718, -1.2e-05, 0.0, 0.0, 0.0, 1.0],
                [0.999468, 0.025396, 0.020482, 0.124994, -0.012146, -0.29304, 0.956023, -0.002831, 0.030281, -0.955762, -0.292575, -1.2e-05, 0.0, 0.0, 0.0, 1.0],
                [0.999468, 0.025396, 0.020482, 0.124994, -0.012146, -0.29304, 0.956023, -0.002831, 0.030281, -0.955762, -0.292575, -1.2e-05, 0.0, 0.0, 0.0, 1.0],
                [0.998161, -0.009863, 0.059811, 0.124994, -0.046627, -0.755432, 0.653565, -0.002831, 0.038737, -0.655151, -0.754504, -1.2e-05, 0.0, 0.0, 0.0, 1.0],
                [0.998405, 0.006679, 0.056075, 0.124994, -0.024316, -0.84536, 0.533642, -0.002831, 0.050968, -0.534154, -0.843849, -1.2e-05, 0.0, 0.0, 0.0, 1.0],
                [0.998405, 0.006679, 0.056075, 0.124994, -0.024316, -0.84536, 0.533642, -0.002831, 0.050968, -0.534154, -0.843849, -1.2e-05, 0.0, 0.0, 0.0, 1.0],
                [0.999037, 0.00672, 0.043373, 0.124994, -0.01843, -0.832642, 0.553503, -0.002831, 0.039834, -0.553768, -0.831717, -1.2e-05, 0.0, 0.0, 0.0, 1.0],
                [0.997172, 0.074313, -0.011224, 0.124994, 0.073865, -0.941497, 0.328824, -0.002831, 0.013869, -0.328723, -0.944324, -1.2e-05, 0.0, 0.0, 0.0, 1.0],
                [0.996832, 0.074468, 0.027941, 0.124994, 0.024166, -0.618254, 0.785607, -0.002831, 0.075778, -0.782442, -0.618095, -1.2e-05, 0.0, 0.0, 0.0, 1.0],
                [0.994502, 0.059593, 0.086117, 0.124994, 0.073287, -0.983432, -0.165797, -0.002831, 0.07481, 0.171196, -0.982393, -1.2e-05, 0.0, 0.0, 0.0, 1.0],
                [0.992006, 0.07203, 0.103617, 0.124994, 0.105743, -0.922585, -0.371017, -0.002831, 0.068871, 0.379007, -0.922827, -1.2e-05, 0.0, 0.0, 0.0, 1.0],
                [0.604488, 0.265828, 0.750953, 0.124994, 0.41449, -0.909981, -0.011525, -0.002831, 0.680289, 0.318229, -0.660256, -1.2e-05, 0.0, 0.0, 0.0, 1.0],
                [0.604488, 0.265828, 0.750953, 0.124994, 0.41449, -0.909981, -0.011525, -0.002831, 0.680289, 0.318229, -0.660256, -1.2e-05, 0.0, 0.0, 0.0, 1.0]
            ]
        },
        {
            "name": "Leg_R",
            "time": [0.0, 0.5, 1.0, 1.2, 1.25, 1.4, 1.8, 2.1, 2.25, 2.4, 2.55, 2.66, 2.85, 3.05, 3.31, 3.69, 3.84, 4.0],
            "transform": [
                [1.0, -0.0, 1e-06, 0.0, -0.0, 0.945594, 0.325362, 0.374726, -1e-06, -0.325365, 0.945583, 0.0, 0.0, 0.0, 0.0, 1.0],
                [1.0, -0.0, 1e-06, -0.0, -0.0, 0.981197, 0.193038, 0.374726, -1e-06, -0.19304, 0.981184, -0.0, 0.0, 0.0, 0.0, 1.0],
                [1.0, -0.0, 1e-06, -0.0, -0.0, 0.981197, 0.193038, 0.374726, -1e-06, -0.19304, 0.981184, -0.0, 0.0, 0.0, 0.0, 1.0],
                [1.0, -0.0, 1e-06, -0.0, -0.0, 0.981197, 0.193038, 0.374726, -1e-06, -0.19304, 0.981184, -0.0, 0.0, 0.0, 0.0, 1.0],
                [1.0, -0.0, 1e-06, 0.0, -0.0, 0.759396, 0.65063, 0.374726, -1e-06, -0.650637, 0.759387, 0.0, 0.0, 0.0, 0.0, 1.0],
                [1.0, -1e-06, 1e-06, 0.0, -0.0, 0.587627, 0.80913, 0.374726, -1e-06, -0.809138, 0.587621, 0.0, 0.0, 0.0, 0.0, 1.0],
                [1.000001, -1e-06, 0.0, 0.0, -0.0, 0.022555, 0.99974, 0.374726, -1e-06, -0.99975, 0.022554, -0.0, 0.0, 0.0, 0.0, 1.0],
                [1.000001, -1e-06, 0.0, 0.0, -0.0, 0.022555, 0.99974, 0.374726, -1e-06, -0.99975, 0.022554, -0.0, 0.0, 0.0, 0.0, 1.0],
                [1.000001, -1e-06, 1e-06, 0.0, -0.0, 0.666061, 0.745897, 0.374726, -1e-06, -0.745904, 0.666053, 0.0, 0.0, 0.0, 0.0, 1.0],
                [1.000001, -1e-06, 1e-06, 0.0, -0.0, 0.655719, 0.755004, 0.374726, -1e-06, -0.755012, 0.655711, -0.0, 0.0, 0.0, 0.0, 1.0],
                [1.000001, -1e-06, 1e-06, 0.0, -0.0, 0.655719, 0.755004, 0.374726, -1e-06, -0.755012, 0.655711, -0.0, 0.0, 0.0, 0.0, 1.0],
                [1.0, -1e-06, 0.0, -0.0, -0.0, 0.264814, 0.964295, 0.374726, -1e-06, -0.964305, 0.264811, -0.0, 0.0, 0.0, 0.0, 1.0],
                [1.0, -1e-06, 0.0, 0.0, -0.0, -0.311834, 0.950132, 0.374726, -1e-06, -0.950142, -0.31183, 0.0, 0.0, 0.0, 0.0, 1.0],
                [1.0, -1e-06, 0.0, -0.0, -0.0, -0.301375, 0.953501, 0.374726, -1e-06, -0.953511, -0.301371, 0.0, 0.0, 0.0, 0.0, 1.0],
                [1.000001, -1e-06, 1e-06, 0.0, -0.0, 0.608281, 0.79372, 0.374726, -1e-06, -0.793728, 0.608275, 0.0, 0.0, 0.0, 0.0, 1.0],
                [1.000001, -0.0, 1e-06, -0.0, -0.0, 0.770882, 0.63698, 0.374726, -1e-06, -0.636986, 0.770873, -0.0, 0.0, 0.0, 0.0, 1.0],
                [1.0, -0.0, 1e-06, 0.0, -0.0, 0.894594, 0.446888, 0.374726, -1e-06, -0.446893, 0.894583, -0.0, 0.0, 0.0, 0.0, 1.0],
                [1.0, -0.0, 1e-06, 0.0, -0.0, 0.894594, 0.446888, 0.374726, -1e-06, -0.446893, 0.894583, -0.0, 0.0, 0.0, 0.0, 1.0]
            ]
        },
        {
            "name": "Knee_R",
            "time": [0.0, 4.0],
            "transform": [
                [1.0, 0.0, -0.0, -0.0, -0.0, 0.00567, -0.999984, 0.374726, -0.0, 0.999984, 0.00567, -0.0, 0.0, 0.0, 0.0, 1.0],
                [1.0, 0.0, -0.0, 0.0, -0.0, 0.00567, -0.999984, 0.374726, -0.0, 0.999984, 0.00567, -0.0, 0.0, 0.0, 0.0, 1.0]
            ]
        },
        {
            "name": "Thigh_L",
            "time": [0.0, 0.5, 1.0, 1.2, 1.25, 1.4, 1.8, 2.1, 2.25, 2.4, 2.55, 2.66, 2.85, 3.05, 3.31, 3.69, 3.84, 4.0],
            "transform": [
                [0.996921, -0.07393, -0.026117, -0.125006, -0.067629, -0.979315, 0.190705, -0.002831, -0.039675, -0.188351, -0.981299, -1.2e-05, 0.0, 0.0, 0.0, 1.0],
                [0.971476, -0.127829, 0.199734, -0.125006, -0.205685, -0.873395, 0.441447, -0.002831, 0.118017, -0.469938, -0.874774, -1.2e-05, 0.0, 0.0, 0.0, 1.0],
                [0.971476, -0.127829, 0.199734, -0.125006, -0.205685, -0.873395, 0.441447, -0.002831, 0.118017, -0.469938, -0.874774, -1.2e-05, 0.0, 0.0, 0.0, 1.0],
                [0.971476, -0.127829, 0.199734, -0.125006, -0.205685, -0.873395, 0.441447, -0.002831, 0.118017, -0.469938, -0.874774, -1.2e-05, 0.0, 0.0, 0.0, 1.0],
                [0.99067, -0.107127, 0.08424, -0.125006, -0.134883, -0.682445, 0.718383, -0.002831, -0.019469, -0.723044, -0.690527, -1.2e-05, 0.0, 0.0, 0.0, 1.0],
                [0.994139, -0.106688, 0.017471, -0.125006, -0.076693, -0.582074, 0.80951, -0.002831, -0.076196, -0.806106, -0.586845, -1.2e-05, 0.0, 0.0, 0.0, 1.0],
                [0.966077, -0.231606, -0.114249, -0.125006, -0.25597, -0.917428, -0.304641, -0.002831, -0.034258, 0.323551, -0.94559, -1.2e-05, 0.0, 0.0, 0.0, 1.0],
                [0.966077, -0.231606, -0.114249, -0.125006, -0.25597, -0.917428, -0.304641, -0.002831, -0.034258, 0.323551, -0.94559, -1.2e-05, 0.0, 0.0, 0.0, 1.0],
                [0.967868, -0.230415, 0.100696, -0.125006, -0.224479, -0.972179, -0.066917, -0.002831, 0.113313, 0.042163, -0.992664, -1.2e-05, 0.0, 0.0, 0.0, 1.0],
                [0.970303, -0.215738, 0.109404, -0.125006, -0.188141, -0.957361, -0.21923, -0.002831, 0.152035, 0.192136, -0.96952, -1.2e-05, 0.0, 0.0, 0.0, 1.0],
                [0.970303, -0.215738, 0.109404, -0.125006, -0.188141, -0.957361, -0.21923, -0.002831, 0.152035, 0.192136, -0.96952, -1.2e-05, 0.0, 0.0, 0.0, 1.0],
                [0.972718, -0.230878, 0.022687, -0.125006, -0.188626, -0.844034, -0.502023, -0.002831, 0.135055, 0.484048, -0.864556, -1.2e-05, 0.0, 0.0, 0.0, 1.0],
                [0.973781, -0.227401, -0.00628, -0.125006, -0.174081, -0.727114, -0.664078, -0.002831, 0.146446, 0.647761, -0.747636, -1.2e-05, 0.0, 0.0, 0.0, 1.0],
                [0.964694, -0.262937, 0.015162, -0.125006, -0.258792, -0.957032, -0.130833, -0.002831, 0.048911, 0.12229, -0.991288, -1.2e-05, 0.0, 0.0, 0.0, 1.0],
                [0.965624, -0.259714, 0.010947, -0.125006, -0.256483, -0.958769, -0.122386, -0.002831, 0.042281, 0.115371, -0.992422, -1.2e-05, 0.0, 0.0, 0.0, 1.0],
                [0.96329, -0.253648, -0.087944, -0.125006, -0.268412, -0.903661, -0.333693, -0.002831, 0.005169, 0.345049, -0.93857, -1.2e-05, 0.0, 0.0, 0.0, 1.0],
                [0.963709, -0.17537, -0.201271, -0.125006, -0.232442, -0.922022, -0.30959, -0.002831, -0.131283, 0.345139, -0.929324, -1.2e-05, 0.0, 0.0, 0.0, 1.0],
                [0.963709, -0.17537, -0.201271, -0.125006, -0.232442, -0.922022, -0.30959, -0.002831, -0.131283, 0.345139, -0.929324, -1.2e-05, 0.0, 0.0, 0.0, 1.0]
            ]
        },
        {
            "name": "Leg_L",
            "time": [0.0, 0.5, 1.0, 1.2, 1.25, 1.4, 1.8, 2.1, 2.25, 2.4, 2.55, 2.66, 2.85, 3.05, 3.31, 3.69, 3.84, 4.0],
            "transform": [
                [1.000001, -0.0, 1e-06, 0.0, -0.0, 0.948344, 0.317242, 0.374726, -1e-06, -0.317241, 0.948346, 0.0, 0.0, 0.0, 0.0, 1.0],
                [1.000001, -0.0, 1e-06, 0.0, -0.0, 0.983428, 0.181293, 0.374726, -1e-06, -0.181292, 0.98343, 0.0, 0.0, 0.0, 0.0, 1.0],
                [1.000001, -0.0, 1e-06, 0.0, -0.0, 0.983428, 0.181293, 0.374726, -1e-06, -0.181292, 0.98343, 0.0, 0.0, 0.0, 0.0, 1.0],
                [1.000001, -0.0, 1e-06, 0.0, -0.0, 0.983428, 0.181293, 0.374726, -1e-06, -0.181292, 0.98343, 0.0, 0.0, 0.0, 0.0, 1.0],
                [1.000001, -0.0, 1e-06, 0.0, -0.0, 0.796056, 0.605222, 0.374726, -1e-06, -0.605221, 0.796058, 0.0, 0.0, 0.0, 0.0, 1.0],
                [1.000001, -0.0, 1e-06, 0.0, -0.0, 0.764797, 0.644271, 0.374726, -1e-06, -0.64427, 0.764798, 0.0, 0.0, 0.0, 0.0, 1.0],
                [1.000001, -1e-06, 1e-06, -0.0, -0.0, 0.431362, 0.902179, 0.374726, -1e-06, -0.902178, 0.431363, 0.0, 0.0, 0.0, 0.0, 1.0],
                [1.000001, -1e-06, 1e-06, -0.0, -0.0, 0.431362, 0.902179, 0.374726, -1e-06, -0.902178, 0.431363, 0.0, 0.0, 0.0, 0.0, 1.0],
                [1.000001, -1e-06, 0.0, -0.0, -0.0, 0.344038, 0.938956, 0.374726, -1e-06, -0.938955, 0.344039, -0.0, 0.0, 0.0, 0.0, 1.0],
                [1.000001, -1e-06, 0.0, 0.0, -0.0, 0.348808, 0.937195, 0.374726, -1e-06, -0.937194, 0.348808, 0.0, 0.0, 0.0, 0.0, 1.0],
                [1.000001, -1e-06, 0.0, 0.0, -0.0, 0.348808, 0.937195, 0.374726, -1e-06, -0.937194, 0.348808, 0.0, 0.0, 0.0, 0.0, 1.0],
                [1.000001, -1e-06, 1e-06, -0.0, -0.0, 0.719745, 0.694237, 0.374726, -1e-06, -0.694236, 0.719747, -0.0, 0.0, 0.0, 0.0, 1.0],
                [1.000001, -1e-06, 1e-06, 0.0, -0.0, 0.508825, 0.86087, 0.374726, -1e-06, -0.860869, 0.508826, 0.0, 0.0, 0.0, 0.0, 1.0],
                [1.000001, -1e-06, 1e-06, -0.0, -0.0, 0.481239, 0.876589, 0.374726, -1e-06, -0.876588, 0.481241, 0.0, 0.0, 0.0, 0.0, 1.0],
                [1.0, -1e-06, 1e-06, -0.0, -0.0, 0.493546, 0.86972, 0.374726, -1e-06, -0.869719, 0.493547, 0.0, 0.0, 0.0, 0.0, 1.0],
                [1.000001, -1e-06, 1e-06, -0.0, -0.0, 0.689475, 0.724309, 0.374726, -1e-06, -0.724309, 0.689477, 0.0, 0.0, 0.0, 0.0, 1.0],
                [1.000001, -0.0, 1e-06, -0.0, -0.0, 0.957206, 0.289405, 0.374726, -1e-06, -0.289404, 0.957208, 0.0, 0.0, 0.0, 0.0, 1.0],
                [1.000001, -0.0, 1e-06, -0.0, -0.0, 0.957206, 0.289405, 0.374726, -1e-06, -0.289404, 0.957208, 0.0, 0.0, 0.0, 0.0, 1.0]
            ]
        },
        {
            "name": "Knee_L",
            "time": [0.0, 4.0],
            "transform": [
                [1.0, 0.0, -0.0, 0.0, -0.0, 0.00567, -0.999984, 0.374726, -0.0, 0.999984, 0.00567, 0.0, 0.0, 0.0, 0.0, 1.0],
                [1.0, 0.0, -0.0, 0.0, -0.0, 0.00567, -0.999984, 0.374726, -0.0, 0.999984, 0.00567, 0.0, 0.0, 0.0, 0.0, 1.0]
            ]
        },
        {
            "name": "Torso",
            "time": [0.0, 0.5, 1.0, 1.2, 1.25, 1.4, 1.8, 2.1, 2.25, 2.4, 2.55, 2.66, 2.85, 3.05, 3.31, 3.69, 3.84, 4.0],
            "transform": [
                [1.0, -0.0, 0.0, 0.0, -0.0, 1.0, -0.0, 0.05, 0.0, 0.0, 1.0, -0.0, 0.0, 0.0, 0.0, 1.0],
                [0.999983, -0.004839, 0.003295, 0.0, 0.00468, 0.998897, 0.046723, 0.05, -0.003518, -0.046707, 0.998903, -0.0, 0.0, 0.0, 0.0, 1.0],
                [0.999887, -0.015052, -0.000138, 0.0, 0.014897, 0.988209, 0.152386, 0.05, -0.002157, -0.152371, 0.988321, -0.0, 0.0, 0.0, 0.0, 1.0],
                [0.999933, -0.0115, 0.001194, 0.0, 0.011285, 0.993263, 0.115335, 0.05, -0.002512, -0.115314, 0.993326, -0.0, 0.0, 0.0, 0.0, 1.0],
                [0.999675, 0.024932, -0.005421, 0.0, -0.025368, 0.993985, -0.106545, 0.05, 0.002732, 0.106648, 0.994293, 0.0, 0.0, 0.0, 0.0, 1.0],
                [0.998104, 0.058341, -0.019655, 0.0, -0.06155, 0.952147, -0.299379, 0.05, 0.001249, 0.300021, 0.953932, -0.0, 0.0, 0.0, 0.0, 1.0],
                [0.998991, 0.032388, 0.031117, -0.0, -0.039387, 0.964696, 0.260407, 0.05, -0.021584, -0.26137, 0.964998, 0.0, 0.0, 0.0, 0.0, 1.0],
                [0.998991, 0.032388, 0.031117, -0.0, -0.039387, 0.964696, 0.260407, 0.05, -0.021584, -0.26137, 0.964998, 0.0, 0.0, 0.0, 0.0, 1.0],
                [1.0, 0.0, 0.0, 0.0, -0.0, 1.0, 0.0, 0.05, -0.0, 0.0, 1.0, -0.0, 0.0, 0.0, 0.0, 1.0],
                [1.0, -0.0, 0.0, -0.0, -0.0, 1.0, 0.0, 0.05, -0.0, 0.0, 1.0, 0.0, 0.0, 0.0, 0.0, 1.0],
                [1.0, -0.0, 0.0, -0.0, -0.0, 1.0, 0.0, 0.05, -0.0, 0.0, 1.0, 0.0, 0.0, 0.0, 0.0, 1.0],
                [0.999978, -0.006574, 0.000917, -0.0, 0.006428, 0.993518, 0.113496, 0.05, -0.001658, -0.113487, 0.993538, -0.0, 0.0, 0.0, 0.0, 1.0],
                [0.999686, -0.023382, 0.009086, 0.0, 0.018449, 0.930716, 0.365278, 0.05, -0.016998, -0.364995, 0.930855, -0.0, 0.0, 0.0, 0.0, 1.0],
                [0.999311, -0.02047, 0.030965, -0.0, 0.01917, 0.998947, 0.041691, 0.05, -0.031786, -0.041069, 0.998651, 0.0, 0.0, 0.0, 0.0, 1.0],
                [0.999686, -0.023382, 0.009086, -0.0, 0.018449, 0.930716, 0.365278, 0.05, -0.016998, -0.364995, 0.930855, 0.0, 0.0, 0.0, 0.0, 1.0],
                [0.999686, -0.023382, 0.009086, 0.0, 0.018449, 0.930716, 0.365278, 0.05, -0.016998, -0.364995, 0.930855, 0.0, 0.0, 0.0, 0.0, 1.0],
                [0.999919, -0.005532, 0.011481, -0.0, -0.000731, 0.874481, 0.485061, 0.05, -0.012723, -0.48503, 0.874405, 0.0, 0.0, 0.0, 0.0, 1.0],
                [0.999919, -0.005532, 0.011481, -0.0, -0.000731, 0.874481, 0.485061, 0.05, -0.012723, -0.48503, 0.874405, 0.0, 0.0, 0.0, 0.0, 1.0]
            ]
        },
        {
            "name": "Chest",
            "time": [0.0, 0.5, 1.0, 1.2, 1.25, 1.4, 1.8, 2.1, 2.25, 2.4, 2.55, 2.66, 2.85, 3.05, 3.31, 3.69, 3.84, 4.0],
            "transform": [
                [1.0, 0.0, -0.0, -0.0, 0.0, 1.0, -0.0, 0.3, 0.0, 0.0, 1.0, -0.0, 0.0, 0.0, 0.0, 1.0],
                [0.99937, -0.031505, 0.016361, -0.0, 0.025649, 0.959426, 0.280792, 0.3, -0.024544, -0.280195, 0.959629, -0.0, 0.0, 0.0, 0.0, 1.0],
                [0.999187, -0.038494, 0.011985, 0.0, 0.031566, 0.931886, 0.361374, 0.3, -0.025079, -0.360702, 0.932344, 0.0, 0.0, 0.0, 0.0, 1.0],
                [0.999257, -0.036077, 0.013593, 0.0, 0.029489, 0.942366, 0.333283, 0.3, -0.024834, -0.332634, 0.942729, 0.0, 0.0, 0.0, 0.0, 1.0],
                [0.999533, 0.030527, 0.001192, 0.0, -0.030365, 0.996998, -0.071228, 0.3, -0.003362, 0.071158, 0.997459, 0.0, 0.0, 0.0, 0.0, 1.0],
                [0.995223, 0.089301, -0.039453, 0.0, -0.097384, 0.87948, -0.465865, 0.3, -0.006904, 0.467482, 0.883976, 0.0, 0.0, 0.0, 0.0, 1.0],
                [0.999908, 0.00231, -0.013349, 0.0, 0.002854, 0.927314, 0.374274, 0.3, 0.013243, -0.374278, 0.927222, 0.0, 0.0, 0.0, 0.0, 1.0],
                [0.999652, -0.004902, -0.025904, 0.0, 0.018623, 0.82676, 0.562247, 0.3, 0.018661, -0.562534, 0.826564, 0.0, 0.0, 0.0, 0.0, 1.0],
                [0.997803, 0.064553, -0.014921, -0.0, -0.065828, 0.940372, -0.333718, 0.3, -0.007511, 0.333967, 0.942555, 0.0, 0.0, 0.0, 0.0, 1.0],
                [0.998219, 0.059607, 0.002609, 0.0, -0.059403, 0.99699, -0.049823, 0.3, -0.005571, 0.049579, 0.998754, -0.0, 0.0, 0.0, 0.0, 1.0],
                [0.998219, 0.059607, 0.002609, 0.0, -0.059403, 0.99699, -0.049823, 0.3, -0.005571, 0.049579, 0.998754, -0.0, 0.0, 0.0, 0.0, 1.0],
                [0.998236, 0.047261, 0.035925, -0.0, -0.014305, 0.778816, -0.627089, 0.3, -0.057616, 0.625469, 0.778119, 0.0, 0.0, 0.0, 0.0, 1.0],
                [0.968736, 0.111036, 0.221861, 0.0, -0.230717, 0.731995, 0.641057, 0.3, -0.09122, -0.672201, 0.734727, 0.0, 0.0, 0.0, 0.0, 1.0],
                [0.989646, 0.142842, -0.014042, 0.0, -0.126825, 0.916075, 0.380424, 0.3, 0.067204, -0.374704, 0.924705, -0.0, 0.0, 0.0, 0.0, 1.0],
                [0.968736, 0.111036, 0.221861, 0.0, -0.230717, 0.731994, 0.641057, 0.3, -0.09122, -0.672202, 0.734727, 0.0, 0.0, 0.0, 0.0, 1.0],
                [0.961279, 0.126189, 0.244989, -0.0, -0.218045, 0.891921, 0.396148, 0.3, -0.168522, -0.434227, 0.884899, -0.0, 0.0, 0.0, 0.0, 1.0],
                [0.988799, 0.142748, 0.043575, 0.0, -0.148858, 0.964391, 0.218611, 0.3, -0.010817, -0.222648, 0.974838, -0.0, 0.0, 0.0, 0.0, 1.0],
                [0.988799, 0.142748, 0.043575, 0.0, -0.148858, 0.964391, 0.218611, 0.3, -0.010817, -0.222648, 0.974838, -0.0, 0.0, 0.0, 0.0, 1.0]
            ]
        },
        {
            "name": "Head",
            "time": [0.0, 0.5, 1.0, 1.2, 1.25, 1.4, 1.8, 2.1, 2.25, 2.4, 2.55, 2.66, 2.85, 3.05, 3.31, 3.69, 3.84, 4.0],
            "transform": [
                [0.995745, -0.005637, 0.091978, 0.0, 0.002565, 0.999436, 0.033475, 0.4, -0.092115, -0.033096, 0.995198, -0.0, 0.0, 0.0, 0.0, 1.0],
                [0.995745, -0.005637, 0.091978, -0.0, 0.002565, 0.999436, 0.033475, 0.4, -0.092115, -0.033096, 0.995198, 0.0, 0.0, 0.0, 0.0, 1.0],
                [0.995745, -0.005637, 0.091978, 0.0, 0.002565, 0.999436, 0.033475, 0.4, -0.092115, -0.033096, 0.995198, -0.0, 0.0, 0.0, 0.0, 1.0],
                [0.995745, -0.005637, 0.091978, 0.0, 0.002565, 0.999436, 0.033475, 0.4, -0.092115, -0.033096, 0.995198, 0.0, 0.0, 0.0, 0.0, 1.0],
                [0.995745, -0.005637, 0.091978, 0.0, 0.002565, 0.999436, 0.033475, 0.4, -0.092115, -0.033096, 0.995198, 0.0, 0.0, 0.0, 0.0, 1.0],
                [0.995745, -0.005637, 0.091978, -0.0, 0.002565, 0.999437, 0.033475, 0.4, -0.092115, -0.033096, 0.995198, -0.0, 0.0, 0.0, 0.0, 1.0],
                [0.995745, -0.005637, 0.091978, 0.0, 0.002565, 0.999436, 0.033475, 0.4, -0.092115, -0.033096, 0.995198, 0.0, 0.0, 0.0, 0.0, 1.0],
                [0.995746, -0.005637, 0.091978, -0.0, 0.002565, 0.999437, 0.033475, 0.4, -0.092115, -0.033096, 0.995198, 0.0, 0.0, 0.0, 0.0, 1.0],
                [0.995745, -0.005637, 0.091978, 0.0, 0.002565, 0.999436, 0.033475, 0.4, -0.092115, -0.033096, 0.995198, -0.0, 0.0, 0.0, 0.0, 1.0],
                [0.995745, -0.005637, 0.091978, -0.0, 0.002565, 0.999436, 0.033475, 0.4, -0.092115, -0.033096, 0.995198, -0.0, 0.0, 0.0, 0.0, 1.0],
                [0.995745, -0.005637, 0.091978, -0.0, 0.002565, 0.999436, 0.033475, 0.4, -0.092115, -0.033096, 0.995198, -0.0, 0.0, 0.0, 0.0, 1.0],
                [0.997179, -0.02706, 0.070021, -0.0, 0.029225, 0.99912, -0.030085, 0.4, -0.069145, 0.032047, 0.997092, 0.0, 0.0, 0.0, 0.0, 1.0],
                [0.996402, -0.08092, 0.025217, 0.0, 0.08411, 0.980737, -0.176297, 0.4, -0.010465, 0.177784, 0.984014, -0.0, 0.0, 0.0, 0.0, 1.0],
                [0.996402, -0.08092, 0.025217, -0.0, 0.08411, 0.980737, -0.176298, 0.4, -0.010465, 0.177784, 0.984014, -0.0, 0.0, 0.0, 0.0, 1.0],
                [0.996402, -0.08092, 0.025217, 0.0, 0.08411, 0.980737, -0.176298, 0.4, -0.010465, 0.177784, 0.984014, 0.0, 0.0, 0.0, 0.0, 1.0],
                [0.962812, -0.251037, 0.09987, 0.0, 0.264872, 0.804201, -0.532075, 0.4, 0.053255, 0.538741, 0.840787, -0.0, 0.0, 0.0, 0.0, 1.0],
                [0.962812, -0.251037, 0.09987, 0.0, 0.264872, 0.804201, -0.532075, 0.4, 0.053255, 0.538741, 0.840787, 0.0, 0.0, 0.0, 0.0, 1.0],
                [0.962812, -0.251037, 0.09987, 0.0, 0.264872, 0.804201, -0.532075, 0.4, 0.053255, 0.538741, 0.840787, 0.0, 0.0, 0.0, 0.0, 1.0]
            ]
        },
        {
            "name": "Shoulder_R",
            "time": [0.0, 0.5, 1.0, 1.2, 1.25, 1.4, 1.8, 2.1, 2.25, 2.4, 2.55, 2.66, 2.85, 3.05, 3.31, 3.69, 3.84, 4.0],
            "transform": [
                [0.160324, 0.939818, 0.301726, 0.0, 0.026846, -0.309719, 0.950449, 0.4, 0.986699, -0.144279, -0.074886, -0.0, 0.0, 0.0, 0.0, 1.0],
                [0.160324, 0.939818, 0.301726, -0.0, 0.026846, -0.309719, 0.950449, 0.4, 0.986699, -0.144279, -0.074886, 0.0, 0.0, 0.0, 0.0, 1.0],
                [0.160324, 0.939818, 0.301726, 0.0, 0.026846, -0.309719, 0.950449, 0.4, 0.986699, -0.144279, -0.074886, -0.0, 0.0, 0.0, 0.0, 1.0],
                [0.160324, 0.939818, 0.301726, 0.0, 0.026846, -0.309719, 0.950449, 0.4, 0.986699, -0.144279, -0.074886, 0.0, 0.0, 0.0, 0.0, 1.0],
                [0.160324, 0.939818, 0.301726, 0.0, 0.026846, -0.309719, 0.950449, 0.4, 0.986699, -0.144279, -0.074886, 0.0, 0.0, 0.0, 0.0, 1.0],
                [0.160324, 0.939818, 0.301726, -0.0, 0.026847, -0.309719, 0.950449, 0.4, 0.986699, -0.144279, -0.074886, -0.0, 0.0, 0.0, 0.0, 1.0],
                [0.160324, 0.939818, 0.301726, 0.0, 0.026847, -0.309719, 0.950449, 0.4, 0.986699, -0.144279, -0.074886, 0.0, 0.0, 0.0, 0.0, 1.0],
                [0.160324, 0.939818, 0.301726, -0.0, 0.026846, -0.309719, 0.950449, 0.4, 0.986699, -0.144279, -0.074886, 0.0, 0.0, 0.0, 0.0, 1.0],
                [0.160324, 0.939818, 0.301726, 0.0, 0.026846, -0.309719, 0.950449, 0.4, 0.986699, -0.144279, -0.074886, -0.0, 0.0, 0.0, 0.0, 1.0],
                [0.160324, 0.939818, 0.301726, -0.0, 0.026846, -0.309719, 0.950449, 0.4, 0.986699, -0.144279, -0.074886, -0.0, 0.0, 0.0, 0.0, 1.0],
                [0.160324, 0.939818, 0.301726, -0.0, 0.026846, -0.309719, 0.950449, 0.4, 0.986699, -0.144279, -0.074886, -0.0, 0.0, 0.0, 0.0, 1.0],
                [0.160324, 0.939818, 0.301726, -0.0, 0.026846, -0.309719, 0.950449, 0.4, 0.986699, -0.144279, -0.074886, 0.0, 0.0, 0.0, 0.0, 1.0],
                [0.160324, 0.939818, 0.301726, 0.0, 0.026846, -0.309719, 0.950449, 0.4, 0.986699, -0.144279, -0.074886, -0.0, 0.0, 0.0, 0.0, 1.0],
                [0.160324, 0.939818, 0.301726, -0.0, 0.026846, -0.309719, 0.950449, 0.4, 0.986699, -0.144279, -0.074886, -0.0, 0.0, 0.0, 0.0, 1.0],
                [0.160324, 0.939818, 0.301726, 0.0, 0.026846, -0.309719, 0.950449, 0.4, 0.986699, -0.144279, -0.074886, 0.0, 0.0, 0.0, 0.0, 1.0],
                [0.160324, 0.939818, 0.301726, 0.0, 0.026846, -0.309719, 0.950449, 0.4, 0.986699, -0.144279, -0.074886, -0.0, 0.0, 0.0, 0.0, 1.0],
                [0.160324, 0.939818, 0.301726, 0.0, 0.026846, -0.309719, 0.950449, 0.4, 0.986699, -0.144279, -0.074886, 0.0, 0.0, 0.0, 0.0, 1.0],
                [0.160324, 0.939818, 0.301726, 0.0, 0.026846, -0.309719, 0.950449, 0.4, 0.986699, -0.144279, -0.074886, 0.0, 0.0, 0.0, 0.0, 1.0]
            ]
        },
        {
            "name": "Arm_R",
            "time": [0.0, 0.5, 1.0, 1.2, 1.25, 1.4, 1.8, 2.1, 2.25, 2.4, 2.55, 2.66, 2.85, 3.05, 3.31, 3.69, 3.84, 4.0],
            "transform": [
                [0.085397, 0.079919, -0.993137, 0.0, 0.943068, 0.315105, 0.106449, 0.39386, 0.32145, -0.945687, -0.048461, -0.0, 0.0, 0.0, 0.0, 1.0],
                [0.241611, -0.014246, -0.97027, 0.0, 0.854719, 0.476535, 0.205841, 0.393861, 0.459435, -0.879041, 0.127311, 0.0, 0.0, 0.0, 0.0, 1.0],
                [0.280687, 0.058317, -0.958027, 0.0, 0.847563, 0.453328, 0.275918, 0.39386, 0.450391, -0.889435, 0.077815, -0.0, 0.0, 0.0, 0.0, 1.0],
                [0.266229, 0.034047, -0.963309, -0.0, 0.850304, 0.462397, 0.251341, 0.39386, 0.453988, -0.88602, 0.094152, -0.0, 0.0, 0.0, 0.0, 1.0],
                [0.117419, 0.224721, -0.967323, 0.0, 0.660698, 0.709534, 0.245033, 0.39386, 0.741413, -0.667879, -0.065161, 0.0, 0.0, 0.0, 0.0, 1.0],
                [-0.512996, 0.721443, -0.465143, 0.0, 0.364882, 0.673756, 0.642585, 0.393861, 0.77698, 0.159922, -0.608875, -0.0, 0.0, 0.0, 0.0, 1.0],
                [0.425583, 0.499981, -0.754254, -0.0, 0.4282, 0.623017, 0.654596, 0.393861, 0.797198, -0.601557, 0.051053, 0.0, 0.0, 0.0, 0.0, 1.0],
                [0.404691, 0.43914, -0.802111, -0.0, 0.667196, 0.458055, 0.587398, 0.39386, 0.62536, -0.77288, -0.107622, 0.0, 0.0, 0.0, 0.0, 1.0],
                [0.525489, 0.627155, -0.574926, 0.0, 0.079105, 0.636804, 0.766958, 0.39386, 0.847116, -0.448507, 0.285022, 0.0, 0.0, 0.0, 0.0, 1.0],
                [0.647706, 0.35544, -0.673899, -0.0, 0.025573, 0.873869, 0.485491, 0.39386, 0.761462, -0.331688, 0.55692, -0.0, 0.0, 0.0, 0.0, 1.0],
                [0.647706, 0.35544, -0.673899, -0.0, 0.025573, 0.873869, 0.485491, 0.39386, 0.761462, -0.331688, 0.55692, -0.0, 0.0, 0.0, 0.0, 1.0],
                [0.20459, 0.537765, -0.817896, -0.0, 0.412858, 0.710203, 0.57023, 0.393861, 0.88752, -0.454338, -0.076721, 0.0, 0.0, 0.0, 0.0, 1.0],
                [0.454412, -0.508194, -0.731608, -0.0, 0.715159, 0.697788, -0.040506, 0.39386, 0.531092, -0.50481, 0.680522, -0.0, 0.0, 0.0, 0.0, 1.0],
                [0.230189, -0.493673, -0.838632, -0.0, 0.808407, 0.576753, -0.117622, 0.39386, 0.54175, -0.65088, 0.531849, 0.0, 0.0, 0.0, 0.0, 1.0],
                [0.517591, -0.749565, -0.412619, -0.0, 0.731074, 0.637981, -0.241895, 0.39386, 0.444558, -0.176452, 0.878199, 0.0, 0.0, 0.0, 0.0, 1.0],
                [0.470575, -0.46864, -0.747622, -0.0, 0.72345, 0.69, 0.022841, 0.393861, 0.505154, -0.551615, 0.663733, -0.0, 0.0, 0.0, 0.0, 1.0],
                [0.99396, -0.07303, 0.081917, -0.0, 0.01877, 0.848567, 0.528757, 0.39386, -0.108126, -0.524025, 0.844812, -0.0, 0.0, 0.0, 0.0, 1.0],
                [0.99396, -0.07303, 0.081917, -0.0, 0.01877, 0.848567, 0.528757, 0.39386, -0.108126, -0.524025, 0.844812, -0.0, 0.0, 0.0, 0.0, 1.0]
            ]
        },
        {
            "name": "Hand_R",
            "time": [0.0, 0.5, 1.0, 1.2, 1.25, 1.4, 1.8, 2.1, 2.25, 2.4, 2.55, 2.66, 2.85, 3.05, 3.31, 3.69, 3.84, 4.0],
            "transform": [
                [1.0, -1e-06, 0.0, -0.0, 1e-06, 0.971149, -0.238474, 0.300002, 0.0, 0.238474, 0.971149, 0.0, 0.0, 0.0, 0.0, 1.0],
                [0.999999, -5e-06, 3e-06, -0.0, 5e-06, 0.432569, -0.9016, 0.300002, 3e-06, 0.9016, 0.432569, 0.0, 0.0, 0.0, 0.0, 1.0],
                [0.999999, -3e-06, 2e-06, -0.0, 3e-06, 0.209036, -0.977907, 0.300002, 2e-06, 0.977907, 0.209036, 0.0, 0.0, 0.0, 0.0, 1.0],
                [1.0, -3e-06, 2e-06, 0.0, 3e-06, 0.285167, -0.958477, 0.300002, 2e-06, 0.958478, 0.285167, -0.0, 0.0, 0.0, 0.0, 1.0],
                [0.999999, -3e-06, 1e-06, 0.0, 3e-06, 0.56041, -0.828215, 0.300003, 1e-06, 0.828216, 0.56041, 0.0, 0.0, 0.0, 0.0, 1.0],
                [1.0, -2e-06, 1e-06, 0.0, 2e-06, 0.69148, -0.722395, 0.300003, 1e-06, 0.722396, 0.69148, -0.0, 0.0, 0.0, 0.0, 1.0],
                [1.0, -3e-06, 2e-06, -0.0, 3e-06, 0.379671, -0.925121, 0.300003, 2e-06, 0.925122, 0.379672, -0.0, 0.0, 0.0, 0.0, 1.0],
                [0.999999, -1e-06, 1e-06, -0.0, 2e-06, 0.41847, -0.90823, 0.300003, 1e-06, 0.90823, 0.41847, 0.0, 0.0, 0.0, 0.0, 1.0],
                [0.999999, -5e-06, 3e-06, 0.0, 5e-06, 0.489323, -0.872102, 0.300003, 3e-06, 0.872103, 0.489323, -0.0, 0.0, 0.0, 0.0, 1.0],
                [0.999999, -2e-06, 1e-06, 0.0, 2e-06, 0.818805, -0.57407, 0.300002, 1e-06, 0.574071, 0.818805, 0.0, 0.0, 0.0, 0.0, 1.0],
                [0.999999, -2e-06, 1e-06, 0.0, 2e-06, 0.818805, -0.57407, 0.300002, 1e-06, 0.574071, 0.818805, 0.0, 0.0, 0.0, 0.0, 1.0],
                [1.0, -0.0, -0.0, 0.0, 0.0, 0.999999, -0.000995, 0.300003, -0.0, 0.000995, 0.999999, 0.0, 0.0, 0.0, 0.0, 1.0],
                [0.999999, 0.0, 0.0, 0.0, -0.0, 0.999999, -0.000996, 0.300003, 0.0, 0.000996, 0.999999, 0.0, 0.0, 0.0, 0.0, 1.0],
                [1.0, -0.0, 0.0, 0.0, 0.0, 1.0, -0.001, 0.300003, -0.0, 0.001, 0.999999, 0.0, 0.0, 0.0, 0.0, 1.0],
                [0.999999, -3e-06, 1e-06, 0.0, 3e-06, 0.6544, -0.756148, 0.300003, 1e-06, 0.756149, 0.6544, -0.0, 0.0, 0.0, 0.0, 1.0],
                [1.0, -1e-06, 0.0, -0.0, 1e-06, 0.595408, -0.803423, 0.300003, 0.0, 0.803424, 0.595408, 0.0, 0.0, 0.0, 0.0, 1.0],
                [0.999999, -5e-06, 5e-06, -0.0, 5e-06, 0.110961, -0.993825, 0.300002, 5e-06, 0.993824, 0.110961, 0.0, 0.0, 0.0, 0.0, 1.0],
                [0.999999, -5e-06, 5e-06, -0.0, 5e-06, 0.110961, -0.993825, 0.300002, 5e-06, 0.993824, 0.110961, 0.0, 0.0, 0.0, 0.0, 1.0]
            ]
        },
        {
            "name": "Tool_R",
            "time": [0.0, 0.5, 1.0, 1.2, 1.25, 1.4, 1.8, 2.1, 2.25, 2.4, 2.55, 2.66, 2.85, 3.05, 3.31, 3.69, 3.84, 4.0],
            "transform": [
                [0.999812, 0.018997, 0.004013, 0.0, 0.019232, -0.940583, -0.339021, 0.271711, -0.002665, 0.339034, -0.940771, -0.028915, 0.0, 0.0, 0.0, 1.0],
                [0.999812, 0.018997, 0.004013, 0.0, 0.019232, -0.940583, -0.339021, 0.271711, -0.002665, 0.339034, -0.940771, -0.028915, 0.0, 0.0, 0.0, 1.0],
                [0.999812, 0.018997, 0.004013, -0.0, 0.019232, -0.940583, -0.339021, 0.271711, -0.002665, 0.339034, -0.940771, -0.028915, 0.0, 0.0, 0.0, 1.0],
                [0.999812, 0.018997, 0.004013, 0.0, 0.019232, -0.940583, -0.339021, 0.271711, -0.002665, 0.339034, -0.940771, -0.028915, 0.0, 0.0, 0.0, 1.0],
                [0.999812, 0.018997, 0.004013, 0.0, 0.019232, -0.940583, -0.339021, 0.271711, -0.002665, 0.339034, -0.940771, -0.028915, 0.0, 0.0, 0.0, 1.0],
                [0.999812, 0.018997, 0.004013, 0.0, 0.019232, -0.940583, -0.339021, 0.271711, -0.002665, 0.339034, -0.940771, -0.028915, 0.0, 0.0, 0.0, 1.0],
                [0.999812, 0.018997, 0.004013, 0.0, 0.019232, -0.940583, -0.339021, 0.271711, -0.002665, 0.339034, -0.940771, -0.028915, 0.0, 0.0, 0.0, 1.0],
                [0.999812, 0.018997, 0.004013, 0.0, 0.019232, -0.940583, -0.339021, 0.271711, -0.002665, 0.339034, -0.940771, -0.028915, 0.0, 0.0, 0.0, 1.0],
                [0.999811, 0.018997, 0.004013, 0.0, 0.019232, -0.940583, -0.339021, 0.271711, -0.002665, 0.339034, -0.940771, -0.028915, 0.0, 0.0, 0.0, 1.0],
                [0.999812, 0.018997, 0.004013, 0.0, 0.019232, -0.940583, -0.339021, 0.271711, -0.002665, 0.339034, -0.940771, -0.028915, 0.0, 0.0, 0.0, 1.0],
                [0.999812, 0.018997, 0.004013, 0.0, 0.019232, -0.940583, -0.339021, 0.271711, -0.002665, 0.339034, -0.940771, -0.028915, 0.0, 0.0, 0.0, 1.0],
                [0.999812, 0.018997, 0.004013, 0.0, 0.019232, -0.940583, -0.339021, 0.271711, -0.002665, 0.339034, -0.940771, -0.028915, 0.0, 0.0, 0.0, 1.0],
                [0.999812, 0.018997, 0.004013, 0.0, 0.019232, -0.940583, -0.339021, 0.271711, -0.002665, 0.339034, -0.940771, -0.028915, 0.0, 0.0, 0.0, 1.0],
                [0.999812, 0.018997, 0.004013, 0.0, 0.019232, -0.940583, -0.339021, 0.271711, -0.002665, 0.339034, -0.940771, -0.028915, 0.0, 0.0, 0.0, 1.0],
                [0.999812, 0.018997, 0.004013, 0.0, 0.019232, -0.940583, -0.339021, 0.271711, -0.002665, 0.339034, -0.940771, -0.028915, 0.0, 0.0, 0.0, 1.0],
                [0.999812, 0.018997, 0.004013, 0.0, 0.019232, -0.940583, -0.339021, 0.271711, -0.002665, 0.339034, -0.940771, -0.028915, 0.0, 0.0, 0.0, 1.0],
                [0.999812, 0.018997, 0.004013, 0.0, 0.019232, -0.940583, -0.339021, 0.271711, -0.002665, 0.339034, -0.940771, -0.028915, 0.0, 0.0, 0.0, 1.0],
                [0.999812, 0.018997, 0.004013, 0.0, 0.019232, -0.940583, -0.339021, 0.271711, -0.002665, 0.339034, -0.940771, -0.028915, 0.0, 0.0, 0.0, 1.0]
            ]
        },
        {
            "name": "Elbow_R",
            "time": [0.0, 4.0],
            "transform": [
                [-1.0, 0.0, -0.0, -0.0, 0.0, 0.003946, -0.999992, 0.321763, -0.0, -0.999992, -0.003946, -0.001166, 0.0, 0.0, 0.0, 1.0],
                [-1.0, 0.0, -0.0, -0.0, 0.0, 0.003946, -0.999992, 0.435978, -0.0, -0.999992, -0.003946, -0.000716, 0.0, 0.0, 0.0, 1.0]
            ]
        },
        {
            "name": "Shoulder_L",
            "time": [0.0, 0.5, 1.0, 1.2, 1.25, 1.4, 1.8, 2.1, 2.25, 2.4, 2.55, 2.66, 2.85, 3.05, 3.31, 3.69, 3.84, 4.0],
            "transform": [
                [-0.034215, -0.933024, -0.358183, 0.0, -0.141043, -0.350298, 0.925958, 0.4, -0.989412, 0.082201, -0.119611, -0.0, 0.0, 0.0, 0.0, 1.0],
                [-0.034215, -0.933024, -0.358183, -0.0, -0.141043, -0.350298, 0.925958, 0.4, -0.989412, 0.082201, -0.119611, 0.0, 0.0, 0.0, 0.0, 1.0],
                [-0.034215, -0.933024, -0.358183, 0.0, -0.141043, -0.350298, 0.925958, 0.4, -0.989412, 0.082201, -0.119611, -0.0, 0.0, 0.0, 0.0, 1.0],
                [-0.034215, -0.933024, -0.358183, 0.0, -0.141043, -0.350298, 0.925958, 0.4, -0.989412, 0.082201, -0.119611, 0.0, 0.0, 0.0, 0.0, 1.0],
                [-0.034215, -0.933024, -0.358183, 0.0, -0.141043, -0.350298, 0.925958, 0.4, -0.989412, 0.082201, -0.119611, 0.0, 0.0, 0.0, 0.0, 1.0],
                [-0.034215, -0.933024, -0.358183, -0.0, -0.141043, -0.350298, 0.925958, 0.4, -0.989412, 0.082201, -0.119611, -0.0, 0.0, 0.0, 0.0, 1.0],
                [-0.034215, -0.933024, -0.358183, 0.0, -0.141043, -0.350298, 0.925958, 0.4, -0.989412, 0.082201, -0.119611, 0.0, 0.0, 0.0, 0.0, 1.0],
                [-0.034215, -0.933024, -0.358183, -0.0, -0.141043, -0.350298, 0.925958, 0.4, -0.989412, 0.082201, -0.119611, 0.0, 0.0, 0.0, 0.0, 1.0],
                [-0.034215, -0.933024, -0.358183, 0.0, -0.141043, -0.350298, 0.925958, 0.4, -0.989412, 0.082201, -0.119611, -0.0, 0.0, 0.0, 0.0, 1.0],
                [-0.034215, -0.933024, -0.358183, -0.0, -0.141043, -0.350298, 0.925958, 0.4, -0.989412, 0.082201, -0.119611, -0.0, 0.0, 0.0, 0.0, 1.0],
                [-0.034215, -0.933024, -0.358183, -0.0, -0.141043, -0.350298, 0.925958, 0.4, -0.989412, 0.082201, -0.119611, -0.0, 0.0, 0.0, 0.0, 1.0],
                [-0.034215, -0.933024, -0.358183, -0.0, -0.141043, -0.350298, 0.925958, 0.4, -0.989412, 0.082201, -0.119611, 0.0, 0.0, 0.0, 0.0, 1.0],
                [-0.034215, -0.933024, -0.358183, 0.0, -0.141043, -0.350298, 0.925958, 0.4, -0.989412, 0.082201, -0.119611, -0.0, 0.0, 0.0, 0.0, 1.0],
                [-0.034215, -0.933024, -0.358183, -0.0, -0.141043, -0.350298, 0.925958, 0.4, -0.989412, 0.082201, -0.119611, -0.0, 0.0, 0.0, 0.0, 1.0],
                [-0.034215, -0.933024, -0.358183, 0.0, -0.141043, -0.350298, 0.925958, 0.4, -0.989412, 0.082201, -0.119611, 0.0, 0.0, 0.0, 0.0, 1.0],
                [-0.034215, -0.933024, -0.358183, 0.0, -0.141043, -0.350298, 0.925958, 0.4, -0.989412, 0.082201, -0.119611, -0.0, 0.0, 0.0, 0.0, 1.0],
                [-0.034215, -0.933024, -0.358183, 0.0, -0.141043, -0.350298, 0.925958, 0.4, -0.989412, 0.082201, -0.119611, 0.0, 0.0, 0.0, 0.0, 1.0],
                [-0.034215, -0.933024, -0.358183, 0.0, -0.141043, -0.350298, 0.925958, 0.4, -0.989412, 0.082201, -0.119611, 0.0, 0.0, 0.0, 0.0, 1.0]
            ]
        },
        {
            "name": "Arm_L",
            "time": [0.0, 0.5, 1.0, 1.2, 1.25, 1.4, 1.8, 2.1, 2.25, 2.4, 2.55, 2.66, 2.85, 3.05, 3.31, 3.69, 3.84, 4.0],
            "transform": [
                [0.042896, 0.018875, 0.998901, 0.0, -0.9157, 0.400605, 0.031753, 0.393861, -0.399566, -0.916055, 0.034469, -0.0, 0.0, 0.0, 0.0, 1.0],
                [0.235071, 0.847621, -0.475686, 0.0, -0.531763, -0.29751, -0.792915, 0.39386, -0.813615, 0.439343, 0.380798, -0.0, 0.0, 0.0, 0.0, 1.0],
                [0.310426, 0.899162, -0.308448, -0.0, -0.481254, -0.131168, -0.866711, 0.39386, -0.819774, 0.417492, 0.392007, 0.0, 0.0, 0.0, 0.0, 1.0],
                [0.282607, 0.893747, -0.348351, 0.0, -0.499674, -0.172831, -0.848796, 0.39386, -0.818815, 0.413938, 0.397739, 0.0, 0.0, 0.0, 0.0, 1.0],
                [-0.015653, 0.793156, 0.608814, 0.0, -0.736667, 0.402556, -0.543387, 0.39386, -0.676075, -0.456999, 0.577991, -0.0, 0.0, 0.0, 0.0, 1.0],
                [-0.354239, 0.177361, 0.918181, 0.0, -0.444397, 0.831973, -0.33216, 0.39386, -0.822815, -0.5257, -0.215898, -0.0, 0.0, 0.0, 0.0, 1.0],
                [0.216745, 0.46824, 0.856604, -0.0, -0.78669, 0.603342, -0.130748, 0.39386, -0.578048, -0.645543, 0.499132, -0.0, 0.0, 0.0, 0.0, 1.0],
                [0.255548, 0.850624, 0.45949, -0.0, -0.812207, 0.44669, -0.375216, 0.39386, -0.524418, -0.277315, 0.805035, 0.0, 0.0, 0.0, 0.0, 1.0],
