{
    "animation": [
        {
            "name": "Root",
            "time": [0.0, 0.25, 0.55, 0.95, 1.05, 1.1, 1.15, 1.21, 1.27, 1.47, 1.76, 2.0, 2.1, 2.5, 2.57, 2.64, 2.71, 2.88, 3.1, 3.31, 3.41, 3.51, 3.71, 4.0],
            "transform": [
                [0.994801, -0.004577, -0.10174, 0.006964, -0.10176, -0.004349, -0.994799, 0.024774, 0.00411, 0.99998, -0.004792, 0.751244, 0.0, 0.0, 0.0, 1.0],
                [0.501555, 0.079415, -0.861473, -0.000281, -0.859336, 0.16074, -0.485493, 0.468713, 0.099918, 0.983797, 0.148865, 0.571301, 0.0, 0.0, 0.0, 1.0],
                [0.517373, 0.091941, -0.850807, -0.037651, -0.828361, 0.303371, -0.47094, 0.34374, 0.214811, 0.948427, 0.233117, 0.468961, 0.0, 0.0, 0.0, 1.0],
                [0.517373, 0.091941, -0.850807, -0.007867, -0.828361, 0.303371, -0.47094, 0.231465, 0.214811, 0.948427, 0.233117, 0.455164, 0.0, 0.0, 0.0, 1.0],
                [0.517373, 0.091941, -0.850807, -0.007867, -0.828361, 0.303371, -0.47094, 0.231465, 0.214811, 0.948427, 0.233117, 0.455164, 0.0, 0.0, 0.0, 1.0],
                [0.900613, 0.130749, -0.414488, -0.010436, -0.431772, 0.378192, -0.818867, 0.743383, 0.04969, 0.916447, 0.397059, 0.514294, 0.0, 0.0, 0.0, 1.0],
                [0.979752, 0.117676, 0.161982, -0.011793, 0.090839, 0.459709, -0.883411, 1.508113, -0.178421, 0.880239, 0.439711, 0.557257, 0.0, 0.0, 0.0, 1.0],
                [0.979752, 0.117676, 0.161982, -0.014532, 0.090839, 0.459709, -0.883411, 1.607199, -0.178421, 0.880239, 0.439711, 0.523939, 0.0, 0.0, 0.0, 1.0],
                [0.979752, 0.117676, 0.161982, -0.019426, 0.090839, 0.459709, -0.883411, 1.631743, -0.178421, 0.880239, 0.439711, 0.496046, 0.0, 0.0, 0.0, 1.0],
                [0.860523, 0.046363, -0.507297, -0.024572, -0.491727, 0.335719, -0.803429, 1.2738, 0.13306, 0.94082, 0.311692, 0.653877, 0.0, 0.0, 0.0, 1.0],
                [0.517373, 0.091941, -0.850807, -0.00937, -0.828361, 0.303371, -0.47094, 0.422879, 0.214811, 0.948427, 0.233117, 0.535283, 0.0, 0.0, 0.0, 1.0],
                [0.517373, 0.091941, -0.850807, -0.007867, -0.828361, 0.303371, -0.47094, 0.231465, 0.214811, 0.948427, 0.233117, 0.455164, 0.0, 0.0, 0.0, 1.0],
                [0.979752, 0.117676, 0.161982, -0.008052, 0.090839, 0.459709, -0.883411, 2.06512, -0.178421, 0.880239, 0.439711, 0.562664, 0.0, 0.0, 0.0, 1.0],
                [0.979752, 0.117676, 0.161982, -0.015758, 0.090839, 0.459709, -0.883411, 2.17319, -0.178421, 0.880239, 0.439711, 0.496045, 0.0, 0.0, 0.0, 1.0],
                [0.979752, 0.117676, 0.161982, -0.015758, 0.090839, 0.459709, -0.883411, 2.17319, -0.178421, 0.880239, 0.439711, 0.496045, 0.0, 0.0, 0.0, 1.0],
                [0.947192, 0.12416, -0.295653, -0.007081, -0.320629, 0.380595, -0.867378, 2.039639, 0.00483, 0.916369, 0.400306, 0.510275, 0.0, 0.0, 0.0, 1.0],
                [0.716937, 0.091122, -0.691157, 0.001597, -0.680597, 0.306169, -0.665619, 1.789524, 0.150958, 0.947606, 0.281521, 0.539389, 0.0, 0.0, 0.0, 1.0],
                [0.716937, 0.091122, -0.691157, -0.024381, -0.680597, 0.306169, -0.665619, 1.503853, 0.150958, 0.947606, 0.281521, 0.585554, 0.0, 0.0, 0.0, 1.0],
                [0.716937, 0.091122, -0.691157, -0.052956, -0.680597, 0.306169, -0.665619, 1.380037, 0.150958, 0.947606, 0.281521, 0.620966, 0.0, 0.0, 0.0, 1.0],
                [0.999834, -0.008909, -0.015907, 0.017763, -0.015901, 0.000674, -0.999873, 1.075886, 0.008918, 0.99996, 0.000532, 0.723268, 0.0, 0.0, 0.0, 1.0],
                [0.999834, -0.008909, -0.015907, 0.017763, -0.015901, 0.000674, -0.999873, 1.075886, 0.008918, 0.99996, 0.000532, 0.723268, 0.0, 0.0, 0.0, 1.0],
                [0.999614, 0.01332, -0.024381, 0.006175, -0.026572, 0.202148, -0.978994, 0.984433, -0.008112, 0.979264, 0.202424, 0.694822, 0.0, 0.0, 0.0, 1.0],
                [0.998784, 0.027287, -0.041065, 0.005355, -0.047323, 0.296826, -0.953758, 0.919045, -0.013836, 0.954542, 0.297756, 0.703537, 0.0, 0.0, 0.0, 1.0],
                [0.999809, -0.018666, -0.005836, 0.005355, -0.004737, 0.058411, -0.998281, 0.919045, 0.018975, 0.998118, 0.058312, 0.703537, 0.0, 0.0, 0.0, 1.0]
            ]
        },
        {
            "name": "Thigh_R",
            "time": [0.0, 0.25, 0.55, 0.95, 1.05, 1.1, 1.15, 1.21, 1.27, 1.47, 1.76, 2.0, 2.1, 2.64, 2.71, 2.88, 3.1, 3.31, 3.41, 3.51, 4.0],
            "transform": [
                [0.998989, 0.028415, -0.03485, 0.124994, 0.033364, -0.987994, 0.150842, -0.002831, -0.030145, -0.151852, -0.987944, -1.2e-05, 0.0, 0.0, 0.0, 1.0],
                [0.61432, 0.344295, -0.70998, 0.124994, 0.456515, -0.888983, -0.036095, -0.002831, -0.643588, -0.301942, -0.703296, -1.2e-05, 0.0, 0.0, 0.0, 1.0],
                [0.677502, 0.107234, -0.727662, 0.124994, 0.504369, -0.787811, 0.353503, -0.002831, -0.535353, -0.606508, -0.58783, -1.2e-05, 0.0, 0.0, 0.0, 1.0],
                [0.675208, -0.168206, -0.718193, 0.124994, 0.448057, -0.679915, 0.580482, -0.002831, -0.585952, -0.713737, -0.383719, -1.2e-05, 0.0, 0.0, 0.0, 1.0],
                [0.675208, -0.168206, -0.718193, 0.124994, 0.448057, -0.679915, 0.580482, -0.002831, -0.585952, -0.713737, -0.383719, -1.2e-05, 0.0, 0.0, 0.0, 1.0],
                [0.935315, -0.19081, -0.297957, 0.124994, 0.264781, -0.181102, 0.94715, -0.002831, -0.234686, -0.964775, -0.118865, -1.2e-05, 0.0, 0.0, 0.0, 1.0],
                [0.948772, 0.217528, -0.229158, 0.124994, 0.228182, 0.029947, 0.973158, -0.002831, 0.218552, -0.975594, -0.021223, -1.2e-05, 0.0, 0.0, 0.0, 1.0],
                [0.943888, 0.206946, -0.257392, 0.124994, 0.249089, 0.065682, 0.966251, -0.002831, 0.216869, -0.976144, 0.010449, -1.2e-05, 0.0, 0.0, 0.0, 1.0],
                [0.937046, 0.193811, -0.290489, 0.124994, 0.268609, 0.131538, 0.954226, -0.002831, 0.22315, -0.97218, 0.071198, -1.2e-05, 0.0, 0.0, 0.0, 1.0],
                [0.848022, 0.186924, -0.495902, 0.124994, 0.32359, -0.923681, 0.205186, -0.002831, -0.419702, -0.334471, -0.843789, -1.2e-05, 0.0, 0.0, 0.0, 1.0],
                [0.674625, 0.311635, -0.669152, 0.124994, 0.440544, -0.897347, 0.026236, -0.002831, -0.592287, -0.31249, -0.742662, -1.2e-05, 0.0, 0.0, 0.0, 1.0],
                [0.675208, -0.168206, -0.718193, 0.124994, 0.448057, -0.679915, 0.580482, -0.002831, -0.585952, -0.713737, -0.383719, -1.2e-05, 0.0, 0.0, 0.0, 1.0],
                [0.948772, 0.217528, -0.229158, 0.124994, 0.228182, 0.029947, 0.973158, -0.002831, 0.218552, -0.975594, -0.021224, -1.2e-05, 0.0, 0.0, 0.0, 1.0],
                [0.971733, -0.020496, -0.235191, 0.124994, 0.219859, -0.284369, 0.933164, -0.002831, -0.086008, -0.958495, -0.271825, -1.2e-05, 0.0, 0.0, 0.0, 1.0],
                [0.849246, 0.107844, -0.516866, 0.124994, 0.336908, -0.864414, 0.373203, -0.002831, -0.406539, -0.491077, -0.770434, -1.2e-05, 0.0, 0.0, 0.0, 1.0],
                [0.798677, 0.377814, -0.468371, 0.124994, 0.411034, -0.910987, -0.03395, -0.002831, -0.439507, -0.165401, -0.882879, -1.2e-05, 0.0, 0.0, 0.0, 1.0],
                [0.775299, 0.12766, -0.618558, 0.124994, 0.341155, -0.908843, 0.240032, -0.002831, -0.531531, -0.397121, -0.748178, -1.2e-05, 0.0, 0.0, 0.0, 1.0],
                [0.999725, 0.02054, -0.011378, 0.124994, 0.021857, -0.991108, 0.131247, -0.002831, -0.008581, -0.13146, -0.991284, -1.2e-05, 0.0, 0.0, 0.0, 1.0],
                [0.999725, 0.02054, -0.011378, 0.124994, 0.021857, -0.991108, 0.131247, -0.002831, -0.008581, -0.13146, -0.991284, -1.2e-05, 0.0, 0.0, 0.0, 1.0],
                [0.997498, 0.070552, -0.004475, 0.124994, 0.070539, -0.997503, -0.003037, -0.002831, -0.004678, 0.002713, -0.999985, -1.2e-05, 0.0, 0.0, 0.0, 1.0],
                [0.996011, 0.088041, -0.014578, 0.124994, 0.089194, -0.98734, 0.131156, -0.002831, -0.002847, -0.131933, -0.991254, -1.2e-05, 0.0, 0.0, 0.0, 1.0]
            ]
        },
        {
            "name": "Leg_R",
            "time": [0.0, 0.55, 0.95, 1.05, 1.1, 1.15, 1.21, 1.27, 1.47, 1.76, 2.0, 2.1, 2.64, 2.71, 3.41, 4.0],
            "transform": [
                [1.0, -0.0, 1e-06, 0.0, -0.0, 0.945594, 0.325362, 0.374726, -1e-06, -0.325365, 0.945583, 0.0, 0.0, 0.0, 0.0, 1.0],
                [1.0, -1e-06, 1e-06, 0.0, -0.0, 0.458367, 0.88876, 0.374726, -1e-06, -0.888769, 0.458362, 0.0, 0.0, 0.0, 0.0, 1.0],
                [1.000001, -1e-06, 0.0, -0.0, -0.0, 0.131225, 0.991347, 0.374726, -1e-06, -0.991357, 0.131224, 0.0, 0.0, 0.0, 0.0, 1.0],
                [1.000001, -1e-06, 0.0, -0.0, -0.0, 0.131225, 0.991347, 0.374726, -1e-06, -0.991357, 0.131224, 0.0, 0.0, 0.0, 0.0, 1.0],
                [1.0, -1e-06, 0.0, -0.0, -0.0, -0.012415, 0.999918, 0.374726, -1e-06, -0.999928, -0.012415, 0.0, 0.0, 0.0, 0.0, 1.0],
                [1.000001, -1e-06, 1e-06, -0.0, -0.0, 0.391517, 0.920167, 0.374726, -1e-06, -0.920176, 0.391513, 0.0, 0.0, 0.0, 0.0, 1.0],
                [1.000001, -1e-06, 0.0, 0.0, -0.0, 0.090624, 0.995881, 0.374726, -1e-06, -0.99589, 0.090623, 0.0, 0.0, 0.0, 0.0, 1.0],
                [1.000001, -1e-06, 0.0, -0.0, -0.0, -0.042499, 0.999092, 0.374726, -1e-06, -0.999102, -0.042498, 0.0, 0.0, 0.0, 0.0, 1.0],
                [1.0, -0.0, 1e-06, 0.0, -0.0, 0.827468, 0.561517, 0.374726, -1e-06, -0.561522, 0.827459, 0.0, 0.0, 0.0, 0.0, 1.0],
                [1.000001, -0.0, 1e-06, -0.0, -0.0, 0.882827, 0.469706, 0.374726, -1e-06, -0.469711, 0.882816, -0.0, 0.0, 0.0, 0.0, 1.0],
                [1.000001, -1e-06, 0.0, -0.0, -0.0, 0.131225, 0.991347, 0.374726, -1e-06, -0.991357, 0.131224, 0.0, 0.0, 0.0, 0.0, 1.0],
                [1.000001, -1e-06, 1e-06, 0.0, -0.0, 0.391517, 0.920168, 0.374727, -1e-06, -0.920177, 0.391512, -0.0, 0.0, 0.0, 0.0, 1.0],
                [1.0, -1e-06, 0.0, 0.0, -0.0, 0.0418, 0.999121, 0.374726, -1e-06, -0.999131, 0.0418, 0.0, 0.0, 0.0, 0.0, 1.0],
                [1.0, -1e-06, 1e-06, 0.0, -0.0, 0.658748, 0.752364, 0.374726, -1e-06, -0.752371, 0.65874, 0.0, 0.0, 0.0, 0.0, 1.0],
                [1.000001, -0.0, 1e-06, -0.0, -0.0, 0.916817, 0.399318, 0.374726, -1e-06, -0.399322, 0.916806, 0.0, 0.0, 0.0, 0.0, 1.0],
                [1.0, -0.0, 1e-06, -0.0, -0.0, 0.860687, 0.50914, 0.374726, -1e-06, -0.509146, 0.860677, -0.0, 0.0, 0.0, 0.0, 1.0]
            ]
        },
        {
            "name": "Knee_R",
            "time": [0.0, 4.0],
            "transform": [
                [1.0, 0.0, -0.0, -0.0, -0.0, 0.00567, -0.999984, 0.374726, -0.0, 0.999984, 0.00567, -0.0, 0.0, 0.0, 0.0, 1.0],
                [1.0, 0.0, -0.0, 0.0, -0.0, 0.00567, -0.999984, 0.374726, -0.0, 0.999984, 0.00567, 0.0, 0.0, 0.0, 0.0, 1.0]
            ]
        },
        {
            "name": "Thigh_L",
            "time": [0.0, 0.25, 0.55, 0.95, 1.05, 1.1, 1.15, 1.21, 1.27, 1.47, 1.76, 2.0, 2.1, 2.5, 2.57, 2.64, 2.71, 2.88, 3.1, 3.31, 3.41, 3.51, 4.0],
            "transform": [
                [0.996921, -0.07393, -0.026117, -0.125006, -0.067629, -0.979315, 0.190705, -0.002831, -0.039675, -0.188351, -0.981299, -1.2e-05, 0.0, 0.0, 0.0, 1.0],
                [0.49543, -0.828879, -0.259822, -0.125006, -0.315325, -0.450318, 0.835334, -0.002831, -0.809394, -0.331922, -0.484468, -1.2e-05, 0.0, 0.0, 0.0, 1.0],
                [0.423992, -0.904004, 0.05485, -0.125006, -0.245015, -0.056189, 0.967889, -0.002831, -0.871894, -0.423816, -0.245318, -1.2e-05, 0.0, 0.0, 0.0, 1.0],
                [0.41719, -0.908729, -0.012806, -0.125006, -0.370074, -0.182734, 0.910853, -0.002831, -0.830059, -0.37526, -0.412531, -1.2e-05, 0.0, 0.0, 0.0, 1.0],
                [0.41719, -0.908729, -0.012806, -0.125006, -0.370074, -0.182734, 0.910853, -0.002831, -0.830059, -0.37526, -0.412531, -1.2e-05, 0.0, 0.0, 0.0, 1.0],
                [0.78189, -0.594123, -0.188855, -0.125006, 0.076057, -0.209764, 0.974789, -0.002831, -0.61876, -0.776542, -0.118825, -1.2e-05, 0.0, 0.0, 0.0, 1.0],
                [0.99759, 0.068945, 0.007736, -0.125006, 0.060359, -0.917479, 0.393178, -0.002831, 0.034206, -0.391764, -0.919429, -1.2e-05, 0.0, 0.0, 0.0, 1.0],
                [0.993361, 0.075379, 0.0869, -0.125006, 0.058233, -0.980967, 0.185237, -0.002831, 0.099209, -0.178947, -0.978844, -1.2e-05, 0.0, 0.0, 0.0, 1.0],
                [0.994141, 0.07594, 0.076925, -0.125006, 0.059, -0.977502, 0.202507, -0.002831, 0.090573, -0.196783, -0.976254, -1.2e-05, 0.0, 0.0, 0.0, 1.0],
                [0.821436, -0.553837, -0.13604, -0.125006, -0.193742, -0.495356, 0.846809, -0.002831, -0.536382, -0.669244, -0.514205, -1.2e-05, 0.0, 0.0, 0.0, 1.0],
                [0.423836, -0.896773, -0.127124, -0.125006, -0.25103, -0.251161, 0.934827, -0.002831, -0.870257, -0.364302, -0.331568, -1.2e-05, 0.0, 0.0, 0.0, 1.0],
                [0.41719, -0.908729, -0.012806, -0.125006, -0.370074, -0.182734, 0.910853, -0.002831, -0.830059, -0.37526, -0.412531, -1.2e-05, 0.0, 0.0, 0.0, 1.0],
                [0.99759, 0.068945, 0.007736, -0.125006, 0.060359, -0.91748, 0.393177, -0.002831, 0.034206, -0.391763, -0.91943, -1.2e-05, 0.0, 0.0, 0.0, 1.0],
                [0.998337, 0.052392, 0.024054, -0.125006, 0.046553, -0.97875, 0.199705, -0.002831, 0.034006, -0.198254, -0.97956, -1.2e-05, 0.0, 0.0, 0.0, 1.0],
                [0.998896, 0.045975, 0.009645, -0.125006, 0.043139, -0.979038, 0.199058, -0.002831, 0.018594, -0.198423, -0.97994, -1.2e-05, 0.0, 0.0, 0.0, 1.0],
                [0.897382, -0.179853, -0.402938, -0.125006, 0.011303, -0.903494, 0.428451, -0.002831, -0.44111, -0.389039, -0.808745, -1.2e-05, 0.0, 0.0, 0.0, 1.0],
                [0.596625, -0.657826, -0.459676, -0.125006, -0.072362, -0.614556, 0.785547, -0.002831, -0.799251, -0.435414, -0.414261, -1.2e-05, 0.0, 0.0, 0.0, 1.0],
                [0.64144, -0.722266, -0.258623, -0.125006, 0.01653, -0.324022, 0.945905, -0.002831, -0.766995, -0.611016, -0.195901, -1.2e-05, 0.0, 0.0, 0.0, 1.0],
                [0.69684, -0.653484, -0.295587, -0.125006, 0.026324, -0.388545, 0.921053, -0.002831, -0.716743, -0.649608, -0.253551, -1.2e-05, 0.0, 0.0, 0.0, 1.0],
                [0.997784, -0.064972, -0.014366, -0.125006, -0.062032, -0.986353, 0.152509, -0.002831, -0.024079, -0.15128, -0.988197, -1.2e-05, 0.0, 0.0, 0.0, 1.0],
                [0.997784, -0.064972, -0.014366, -0.125006, -0.062032, -0.986353, 0.152509, -0.002831, -0.024079, -0.15128, -0.988197, -1.2e-05, 0.0, 0.0, 0.0, 1.0],
                [0.999108, -0.038007, -0.018387, -0.125006, -0.020123, -0.811512, 0.583989, -0.002831, -0.037117, -0.583098, -0.811553, -1.2e-05, 0.0, 0.0, 0.0, 1.0],
                [0.990693, -0.120243, 0.063792, -0.125006, -0.136116, -0.874366, 0.465786, -0.002831, -0.000229, -0.470134, -0.882595, -1.2e-05, 0.0, 0.0, 0.0, 1.0]
            ]
        },
        {
            "name": "Leg_L",
            "time": [0.0, 0.55, 0.95, 1.05, 1.1, 1.15, 1.21, 1.27, 1.47, 1.76, 2.0, 2.1, 2.64, 2.71, 3.41, 4.0],
            "transform": [
                [1.000001, -0.0, 1e-06, 0.0, -0.0, 0.948344, 0.317242, 0.374726, -1e-06, -0.317241, 0.948346, 0.0, 0.0, 0.0, 0.0, 1.0],
                [1.000001, -1e-06, 1e-06, 0.0, -0.0, 0.498755, 0.866743, 0.374726, -1e-06, -0.866742, 0.498757, -0.0, 0.0, 0.0, 0.0, 1.0],
                [1.000001, -0.0, 1e-06, 0.0, -0.0, 0.859914, 0.510436, 0.374726, -1e-06, -0.510435, 0.859917, 0.0, 0.0, 0.0, 0.0, 1.0],
                [1.000001, -0.0, 1e-06, 0.0, -0.0, 0.859914, 0.510436, 0.374726, -1e-06, -0.510435, 0.859917, 0.0, 0.0, 0.0, 0.0, 1.0],
                [1.000001, -1e-06, 0.0, -0.0, -0.0, 0.067478, 0.997721, 0.374726, -1e-06, -0.99772, 0.067479, -0.0, 0.0, 0.0, 0.0, 1.0],
                [1.000001, -1e-06, 1e-06, 0.0, -0.0, 0.642725, 0.766096, 0.374726, -1e-06, -0.766095, 0.642727, -0.0, 0.0, 0.0, 0.0, 1.0],
                [1.000001, -0.0, 1e-06, -0.0, -0.0, 0.757908, 0.652359, 0.374726, -1e-06, -0.652359, 0.757911, 0.0, 0.0, 0.0, 0.0, 1.0],
                [1.000001, -1e-06, 1e-06, 0.0, -0.0, 0.669185, 0.743095, 0.374726, -1e-06, -0.743094, 0.669187, -0.0, 0.0, 0.0, 0.0, 1.0],
                [1.000001, -1e-06, 1e-06, 0.0, -0.0, 0.620255, 0.7844, 0.374726, -1e-06, -0.784399, 0.620256, -0.0, 0.0, 0.0, 0.0, 1.0],
                [1.000001, -1e-06, 1e-06, 0.0, -0.0, 0.571148, 0.820847, 0.374726, -1e-06, -0.820846, 0.571149, 0.0, 0.0, 0.0, 0.0, 1.0],
                [1.000001, -0.0, 1e-06, 0.0, -0.0, 0.859914, 0.510436, 0.374726, -1e-06, -0.510435, 0.859917, 0.0, 0.0, 0.0, 0.0, 1.0],
                [1.000001, -1e-06, 1e-06, 0.0, -0.0, 0.642727, 0.766095, 0.374726, -1e-06, -0.766094, 0.642729, 0.0, 0.0, 0.0, 0.0, 1.0],
                [1.000001, -1e-06, 0.0, -0.0, -0.0, 0.347689, 0.937611, 0.374726, -1e-06, -0.93761, 0.34769, -0.0, 0.0, 0.0, 0.0, 1.0],
                [1.000001, -1e-06, 0.0, -0.0, -0.0, 0.079271, 0.996853, 0.374726, -1e-06, -0.996852, 0.079271, 0.0, 0.0, 0.0, 0.0, 1.0],
                [1.000001, -0.0, 1e-06, 0.0, -0.0, 0.999988, 0.004685, 0.374726, -1e-06, -0.004685, 0.99999, 0.0, 0.0, 0.0, 0.0, 1.0],
                [1.0, -0.0, 1e-06, -0.0, -0.0, 0.91825, 0.395998, 0.374726, -1e-06, -0.395998, 0.918253, -0.0, 0.0, 0.0, 0.0, 1.0]
            ]
        },
        {
            "name": "Knee_L",
            "time": [0.0, 4.0],
            "transform": [
                [1.0, 0.0, -0.0, 0.0, -0.0, 0.00567, -0.999984, 0.374726, -0.0, 0.999984, 0.00567, 0.0, 0.0, 0.0, 0.0, 1.0],
                [1.0, 0.0, -0.0, -0.0, -0.0, 0.00567, -0.999984, 0.374726, -0.0, 0.999984, 0.00567, -0.0, 0.0, 0.0, 0.0, 1.0]
            ]
        },
        {
            "name": "Torso",
            "time": [0.0, 0.25, 0.55, 0.95, 1.05, 1.1, 1.15, 1.21, 1.27, 1.47, 1.76, 2.0, 2.1, 2.5, 2.57, 2.64, 2.71, 2.88, 3.1, 3.31, 3.41, 3.51, 4.0],
            "transform": [
                [1.0, -0.0, 0.0, 0.0, -0.0, 1.0, -0.0, 0.05, 0.0, 0.0, 1.0, -0.0, 0.0, 0.0, 0.0, 1.0],
                [1.0, 0.0, 0.0, 0.0, 0.0, 1.0, 0.0, 0.05, 0.0, 0.0, 1.0, 0.0, 0.0, 0.0, 0.0, 1.0],
                [1.0, 0.0, 0.0, 0.0, -0.0, 1.0, -0.0, 0.05, -0.0, 0.0, 1.0, 0.0, 0.0, 0.0, 0.0, 1.0],
                [1.0, 0.0, 0.0, -0.0, -0.0, 1.0, -0.0, 0.05, -0.0, 0.0, 1.0, 0.0, 0.0, 0.0, 0.0, 1.0],
                [1.0, 0.0, 0.0, -0.0, -0.0, 1.0, -0.0, 0.05, -0.0, 0.0, 1.0, 0.0, 0.0, 0.0, 0.0, 1.0],
                [1.0, -0.0, 0.0, -0.0, -0.0, 1.0, -0.0, 0.05, 0.0, 0.0, 1.0, -0.0, 0.0, 0.0, 0.0, 1.0],
                [1.0, 0.0, 0.0, -0.0, 0.0, 1.0, 0.0, 0.05, 0.0, 0.0, 1.0, 0.0, 0.0, 0.0, 0.0, 1.0],
                [1.0, 0.0, 0.0, 0.0, 0.0, 1.0, 0.0, 0.05, 0.0, 0.0, 1.0, 0.0, 0.0, 0.0, 0.0, 1.0],
                [1.0, 0.0, 0.0, 0.0, 0.0, 1.0, 0.0, 0.05, 0.0, 0.0, 1.0, 0.0, 0.0, 0.0, 0.0, 1.0],
                [1.0, 0.0, 0.0, 0.0, -0.0, 1.0, 0.0, 0.05, -0.0, 0.0, 1.0, 0.0, 0.0, 0.0, 0.0, 1.0],
                [1.0, 0.0, 0.0, 0.0, -0.0, 1.0, -0.0, 0.05, -0.0, 0.0, 1.0, 0.0, 0.0, 0.0, 0.0, 1.0],
                [1.0, 0.0, 0.0, -0.0, -0.0, 1.0, -0.0, 0.05, -0.0, 0.0, 1.0, 0.0, 0.0, 0.0, 0.0, 1.0],
                [1.0, 0.0, 0.0, -0.0, 0.0, 1.0, 0.0, 0.05, 0.0, 0.0, 1.0, 0.0, 0.0, 0.0, 0.0, 1.0],
                [1.0, 0.0, 0.0, -0.0, 0.0, 1.0, 0.0, 0.05, 0.0, 0.0, 1.0, 0.0, 0.0, 0.0, 0.0, 1.0],
                [1.0, 0.0, 0.0, -0.0, 0.0, 1.0, 0.0, 0.05, 0.0, 0.0, 1.0, 0.0, 0.0, 0.0, 0.0, 1.0],
                [1.0, 0.0, -0.0, -0.0, -0.0, 1.0, 0.0, 0.05, 0.0, 0.0, 1.0, 0.0, 0.0, 0.0, 0.0, 1.0],
                [1.0, -0.0, 0.0, -0.0, -0.0, 1.0, 0.0, 0.05, 0.0, 0.0, 1.0, -0.0, 0.0, 0.0, 0.0, 1.0],
                [1.0, -0.0, 0.0, -0.0, -0.0, 1.0, 0.0, 0.05, 0.0, 0.0, 1.0, -0.0, 0.0, 0.0, 0.0, 1.0],
                [1.0, -0.0, 0.0, -0.0, -0.0, 1.0, 0.0, 0.05, 0.0, 0.0, 1.0, 0.0, 0.0, 0.0, 0.0, 1.0],
                [1.0, 0.0, 0.0, -0.0, -0.0, 1.000001, -0.0, 0.05, 0.0, 0.0, 1.0, 0.0, 0.0, 0.0, 0.0, 1.0],
                [1.0, 0.0, 0.0, -0.0, -0.0, 1.000001, -0.0, 0.05, 0.0, 0.0, 1.0, 0.0, 0.0, 0.0, 0.0, 1.0],
                [1.0, 0.0, -0.0, 0.0, -0.0, 1.0, -0.0, 0.05, -0.0, 0.0, 1.0, 0.0, 0.0, 0.0, 0.0, 1.0],
                [1.0, -0.0, 0.0, -0.0, 0.0, 1.0, 0.0, 0.05, 0.0, 0.0, 1.0, -0.0, 0.0, 0.0, 0.0, 1.0]
            ]
        },
        {
            "name": "Chest",
            "time": [0.0, 0.25, 0.55, 0.95, 1.05, 1.1, 1.15, 1.21, 1.27, 1.47, 1.76, 2.0, 2.1, 2.5, 2.57, 2.64, 2.71, 2.88, 3.1, 3.31, 3.41, 3.51, 4.0],
            "transform": [
                [1.0, 0.0, -0.0, -0.0, 0.0, 1.0, -0.0, 0.3, 0.0, 0.0, 1.0, -0.0, 0.0, 0.0, 0.0, 1.0],
                [1.0, 0.0, 0.0, -0.0, -0.0, 1.0, -0.0, 0.3, 0.0, 0.0, 1.0, 0.0, 0.0, 0.0, 0.0, 1.0],
                [1.0, 0.0, 0.0, 0.0, -0.0, 1.0, 0.0, 0.3, -0.0, 0.0, 1.0, 0.0, 0.0, 0.0, 0.0, 1.0],
                [1.0, 0.0, 0.0, 0.0, -0.0, 1.0, 0.0, 0.3, -0.0, 0.0, 1.0, 0.0, 0.0, 0.0, 0.0, 1.0],
                [1.0, 0.0, 0.0, 0.0, -0.0, 1.0, 0.0, 0.3, -0.0, 0.0, 1.0, 0.0, 0.0, 0.0, 0.0, 1.0],
                [1.0, 0.0, -0.0, 0.0, 0.0, 1.0, 0.0, 0.3, -0.0, -0.0, 1.0, -0.0, 0.0, 0.0, 0.0, 1.0],
                [1.0, -0.0, -0.0, -0.0, 0.0, 1.0, -0.0, 0.3, 0.0, -0.0, 1.0, 0.0, 0.0, 0.0, 0.0, 1.0],
                [1.0, -0.0, -0.0, -0.0, 0.0, 1.0, -0.0, 0.3, 0.0, -0.0, 1.0, 0.0, 0.0, 0.0, 0.0, 1.0],
                [1.0, -0.0, -0.0, -0.0, 0.0, 1.0, -0.0, 0.3, 0.0, -0.0, 1.0, -0.0, 0.0, 0.0, 0.0, 1.0],
                [1.0, -0.0, -0.0, 0.0, -0.0, 1.0, -0.0, 0.3, 0.0, 0.0, 1.0, 0.0, 0.0, 0.0, 0.0, 1.0],
                [1.0, 0.0, 0.0, -0.0, -0.0, 1.0, 0.0, 0.3, -0.0, 0.0, 1.0, 0.0, 0.0, 0.0, 0.0, 1.0],
                [1.0, 0.0, 0.0, 0.0, -0.0, 1.0, 0.0, 0.3, -0.0, 0.0, 1.0, 0.0, 0.0, 0.0, 0.0, 1.0],
                [1.0, -0.0, -0.0, 0.0, 0.0, 1.0, -0.0, 0.3, 0.0, -0.0, 1.0, -0.0, 0.0, 0.0, 0.0, 1.0],
                [1.0, -0.0, -0.0, -0.0, 0.0, 1.0, -0.0, 0.3, 0.0, -0.0, 1.0, 0.0, 0.0, 0.0, 0.0, 1.0],
                [1.0, -0.0, -0.0, -0.0, 0.0, 1.0, -0.0, 0.3, 0.0, -0.0, 1.0, 0.0, 0.0, 0.0, 0.0, 1.0],
                [1.0, 0.0, -0.0, 0.0, 0.0, 1.0, 0.0, 0.3, -0.0, 0.0, 1.0, 0.0, 0.0, 0.0, 0.0, 1.0],
                [1.0, 0.0, -0.0, 0.0, 0.0, 1.0, 0.0, 0.3, 0.0, 0.0, 1.0, 0.0, 0.0, 0.0, 0.0, 1.0],
                [1.0, 0.0, -0.0, -0.0, 0.0, 1.0, 0.0, 0.3, 0.0, 0.0, 1.0, 0.0, 0.0, 0.0, 0.0, 1.0],
                [1.0, 0.0, -0.0, -0.0, 0.0, 1.0, 0.0, 0.3, 0.0, 0.0, 1.0, 0.0, 0.0, 0.0, 0.0, 1.0],
                [1.0, 0.0, -0.0, -0.0, 0.0, 1.0, -0.0, 0.3, 0.0, 0.0, 1.0, -0.0, 0.0, 0.0, 0.0, 1.0],
                [1.0, 0.0, -0.0, -0.0, 0.0, 1.0, -0.0, 0.3, 0.0, 0.0, 1.0, -0.0, 0.0, 0.0, 0.0, 1.0],
                [1.0, -0.0, -0.0, -0.0, 0.0, 1.0, -0.0, 0.3, 0.0, 0.0, 1.0, 0.0, 0.0, 0.0, 0.0, 1.0],
                [1.0, -0.0, -0.0, 0.0, 0.0, 1.0, -0.0, 0.3, 0.0, -0.0, 1.0, -0.0, 0.0, 0.0, 0.0, 1.0]
            ]
        },
        {
            "name": "Head",
            "time": [0.0, 0.25, 0.55, 0.95, 1.05, 1.1, 1.15, 1.21, 1.27, 1.47, 1.76, 2.0, 2.1, 2.5, 2.57, 2.64, 2.71, 2.88, 3.1, 3.31, 3.41, 3.51, 4.0],
            "transform": [
                [0.995745, -0.005637, 0.091978, 0.0, 0.002565, 0.999436, 0.033475, 0.4, -0.092115, -0.033096, 0.995198, -0.0, 0.0, 0.0, 0.0, 1.0],
                [0.98152, 0.123192, 0.146435, 0.0, -0.113826, 0.990979, -0.070738, 0.4, -0.153828, 0.052763, 0.986688, 0.0, 0.0, 0.0, 0.0, 1.0],
                [0.98152, 0.123192, 0.146435, -0.0, -0.113826, 0.990979, -0.070738, 0.4, -0.153828, 0.052763, 0.986688, -0.0, 0.0, 0.0, 0.0, 1.0],
                [0.98152, 0.123192, 0.146435, -0.0, -0.113826, 0.990979, -0.070738, 0.4, -0.153828, 0.052763, 0.986688, -0.0, 0.0, 0.0, 0.0, 1.0],
                [0.98152, 0.123192, 0.146435, -0.0, -0.113826, 0.990979, -0.070738, 0.4, -0.153828, 0.052763, 0.986688, -0.0, 0.0, 0.0, 0.0, 1.0],
                [0.98152, 0.123192, 0.146435, 0.0, -0.113826, 0.990979, -0.070738, 0.4, -0.153828, 0.052763, 0.986688, -0.0, 0.0, 0.0, 0.0, 1.0],
                [0.98152, 0.123192, 0.146435, 0.0, -0.113826, 0.990979, -0.070738, 0.4, -0.153828, 0.052763, 0.986688, 0.0, 0.0, 0.0, 0.0, 1.0],
                [0.98152, 0.123192, 0.146435, -0.0, -0.113826, 0.990979, -0.070738, 0.4, -0.153828, 0.052763, 0.986688, -0.0, 0.0, 0.0, 0.0, 1.0],
                [0.98152, 0.123192, 0.146435, -0.0, -0.113826, 0.990979, -0.070738, 0.4, -0.153828, 0.052763, 0.986688, -0.0, 0.0, 0.0, 0.0, 1.0],
                [0.862778, 0.031645, 0.504593, -0.0, -0.002192, 0.998264, -0.058857, 0.4, -0.505579, 0.049675, 0.861349, -0.0, 0.0, 0.0, 0.0, 1.0],
                [0.98152, 0.123192, 0.146435, -0.0, -0.113826, 0.990979, -0.070738, 0.4, -0.153828, 0.052763, 0.986688, 0.0, 0.0, 0.0, 0.0, 1.0],
                [0.98152, 0.123192, 0.146435, -0.0, -0.113826, 0.990979, -0.070738, 0.4, -0.153828, 0.052763, 0.986688, -0.0, 0.0, 0.0, 0.0, 1.0],
                [0.98152, 0.123192, 0.146435, -0.0, -0.113826, 0.990979, -0.070738, 0.4, -0.153828, 0.052763, 0.986688, -0.0, 0.0, 0.0, 0.0, 1.0],
                [0.98152, 0.123192, 0.146435, -0.0, -0.113826, 0.990979, -0.070738, 0.4, -0.153828, 0.052763, 0.986688, -0.0, 0.0, 0.0, 0.0, 1.0],
                [0.98152, 0.123192, 0.146435, -0.0, -0.113826, 0.990979, -0.070738, 0.4, -0.153828, 0.052763, 0.986688, -0.0, 0.0, 0.0, 0.0, 1.0],
                [0.98152, 0.123192, 0.146435, -0.0, -0.113826, 0.990979, -0.070738, 0.4, -0.153828, 0.052763, 0.986688, 0.0, 0.0, 0.0, 0.0, 1.0],
                [0.98152, 0.123192, 0.146435, -0.0, -0.113826, 0.990979, -0.070738, 0.4, -0.153828, 0.052763, 0.986688, 0.0, 0.0, 0.0, 0.0, 1.0],
                [0.98152, 0.123192, 0.146435, -0.0, -0.113826, 0.990979, -0.070738, 0.4, -0.153828, 0.052763, 0.986688, 0.0, 0.0, 0.0, 0.0, 1.0],
                [0.98152, 0.123192, 0.146435, 0.0, -0.113826, 0.990979, -0.070738, 0.4, -0.153828, 0.052763, 0.986688, 0.0, 0.0, 0.0, 0.0, 1.0],
                [0.999806, -0.003414, 0.019434, -0.0, 0.002456, 0.998791, 0.049105, 0.4, -0.019578, -0.049048, 0.998605, -0.0, 0.0, 0.0, 0.0, 1.0],
                [0.999806, -0.003414, 0.019434, -0.0, 0.002456, 0.998791, 0.049105, 0.4, -0.019578, -0.049048, 0.998605, -0.0, 0.0, 0.0, 0.0, 1.0],
                [0.999806, -0.003414, 0.019434, 0.0, 0.002456, 0.998791, 0.049105, 0.4, -0.019578, -0.049048, 0.998605, 0.0, 0.0, 0.0, 0.0, 1.0],
                [0.999374, 0.025979, -0.024034, -0.0, -0.025822, 0.999644, 0.006801, 0.4, 0.024202, -0.006176, 0.999688, 0.0, 0.0, 0.0, 0.0, 1.0]
            ]
        },
        {
            "name": "Shoulder_R",
            "time": [0.0, 0.25, 0.55, 0.95, 1.05, 1.1, 1.15, 1.21, 1.27, 1.47, 1.76, 2.0, 2.1, 2.5, 2.57, 2.64, 2.71, 2.88, 3.1, 3.31, 3.41, 3.51, 4.0],
            "transform": [
                [0.160324, 0.939818, 0.301726, 0.0, 0.026846, -0.309719, 0.950449, 0.4, 0.986699, -0.144279, -0.074886, -0.0, 0.0, 0.0, 0.0, 1.0],
                [0.160324, 0.939818, 0.301726, 0.0, 0.026846, -0.309719, 0.950449, 0.4, 0.986699, -0.144279, -0.074886, 0.0, 0.0, 0.0, 0.0, 1.0],
                [0.160324, 0.939818, 0.301726, -0.0, 0.026847, -0.309719, 0.950449, 0.4, 0.986699, -0.144279, -0.074886, -0.0, 0.0, 0.0, 0.0, 1.0],
                [0.160324, 0.939818, 0.301726, -0.0, 0.026847, -0.309719, 0.950449, 0.4, 0.986699, -0.144279, -0.074886, -0.0, 0.0, 0.0, 0.0, 1.0],
                [0.160324, 0.939818, 0.301726, -0.0, 0.026847, -0.309719, 0.950449, 0.4, 0.986699, -0.144279, -0.074886, -0.0, 0.0, 0.0, 0.0, 1.0],
                [0.160324, 0.939818, 0.301726, 0.0, 0.026846, -0.309719, 0.950449, 0.4, 0.986699, -0.144279, -0.074886, -0.0, 0.0, 0.0, 0.0, 1.0],
                [0.160324, 0.939818, 0.301726, 0.0, 0.026846, -0.309719, 0.950449, 0.4, 0.986699, -0.144279, -0.074886, 0.0, 0.0, 0.0, 0.0, 1.0],
                [0.160324, 0.939818, 0.301726, -0.0, 0.026846, -0.309719, 0.950449, 0.4, 0.986699, -0.144279, -0.074886, -0.0, 0.0, 0.0, 0.0, 1.0],
                [0.160324, 0.939818, 0.301726, -0.0, 0.026846, -0.309719, 0.950449, 0.4, 0.986699, -0.144279, -0.074886, -0.0, 0.0, 0.0, 0.0, 1.0],
                [0.160324, 0.939818, 0.301726, -0.0, 0.026846, -0.309719, 0.950449, 0.4, 0.986699, -0.144279, -0.074886, -0.0, 0.0, 0.0, 0.0, 1.0],
                [0.160324, 0.939818, 0.301726, -0.0, 0.026847, -0.309719, 0.950449, 0.4, 0.986699, -0.144279, -0.074886, 0.0, 0.0, 0.0, 0.0, 1.0],
                [0.160324, 0.939818, 0.301726, -0.0, 0.026847, -0.309719, 0.950449, 0.4, 0.986699, -0.144279, -0.074886, -0.0, 0.0, 0.0, 0.0, 1.0],
                [0.160324, 0.939818, 0.301726, -0.0, 0.026846, -0.309719, 0.950449, 0.4, 0.986699, -0.144279, -0.074886, -0.0, 0.0, 0.0, 0.0, 1.0],
                [0.160324, 0.939818, 0.301726, -0.0, 0.026846, -0.309719, 0.950449, 0.4, 0.986699, -0.144279, -0.074886, -0.0, 0.0, 0.0, 0.0, 1.0],
                [0.160324, 0.939818, 0.301726, -0.0, 0.026846, -0.309719, 0.950449, 0.4, 0.986699, -0.144279, -0.074886, -0.0, 0.0, 0.0, 0.0, 1.0],
                [0.160324, 0.939818, 0.301726, -0.0, 0.026846, -0.309719, 0.950449, 0.4, 0.986699, -0.144279, -0.074886, 0.0, 0.0, 0.0, 0.0, 1.0],
                [0.160324, 0.939818, 0.301726, -0.0, 0.026846, -0.309719, 0.950449, 0.4, 0.986699, -0.144279, -0.074886, 0.0, 0.0, 0.0, 0.0, 1.0],
                [0.160324, 0.939818, 0.301726, -0.0, 0.026846, -0.309719, 0.950449, 0.4, 0.986699, -0.144279, -0.074886, 0.0, 0.0, 0.0, 0.0, 1.0],
                [0.160324, 0.939818, 0.301726, 0.0, 0.026846, -0.309719, 0.950449, 0.4, 0.986699, -0.144279, -0.074886, 0.0, 0.0, 0.0, 0.0, 1.0],
                [0.160324, 0.939818, 0.301726, -0.0, 0.026846, -0.309719, 0.950449, 0.4, 0.986699, -0.144279, -0.074886, -0.0, 0.0, 0.0, 0.0, 1.0],
                [0.160324, 0.939818, 0.301726, -0.0, 0.026846, -0.309719, 0.950449, 0.4, 0.986699, -0.144279, -0.074886, -0.0, 0.0, 0.0, 0.0, 1.0],
                [0.160324, 0.939818, 0.301726, 0.0, 0.026846, -0.309719, 0.950449, 0.4, 0.986699, -0.144279, -0.074886, 0.0, 0.0, 0.0, 0.0, 1.0],
                [0.160324, 0.939818, 0.301726, -0.0, 0.026846, -0.309719, 0.950449, 0.4, 0.986699, -0.144279, -0.074886, 0.0, 0.0, 0.0, 0.0, 1.0]
            ]
        },
        {
            "name": "Arm_R",
            "time": [0.0, 0.25, 0.55, 0.95, 1.05, 1.1, 1.15, 1.21, 1.27, 1.47, 1.76, 2.0, 2.1, 2.5, 2.57, 2.64, 2.71, 2.88, 3.1, 3.31, 3.41, 3.51, 4.0],
            "transform": [
                [0.085397, 0.079919, -0.993137, 0.0, 0.943068, 0.315105, 0.106449, 0.39386, 0.32145, -0.945687, -0.048461, -0.0, 0.0, 0.0, 0.0, 1.0],
                [0.127055, -0.598494, -0.79099, 0.0, -0.324802, 0.728382, -0.603295, 0.393861, 0.93721, 0.333566, -0.101848, -0.0, 0.0, 0.0, 0.0, 1.0],
                [0.042745, -0.941057, -0.33554, 0.0, 0.184089, 0.337515, -0.923144, 0.393861, 0.98198, -0.02231, 0.187665, 0.0, 0.0, 0.0, 0.0, 1.0],
                [0.618716, -0.173891, -0.76613, 0.0, 0.536402, 0.806009, 0.250248, 0.393861, 0.573991, -0.565785, 0.591965, -0.0, 0.0, 0.0, 0.0, 1.0],
                [0.618716, -0.173891, -0.76613, 0.0, 0.536402, 0.806009, 0.250248, 0.393861, 0.573991, -0.565785, 0.591965, -0.0, 0.0, 0.0, 0.0, 1.0],
                [0.339177, -0.907777, 0.246783, 0.0, 0.096196, -0.227489, -0.969018, 0.39386, 0.935792, 0.352408, 0.010165, 0.0, 0.0, 0.0, 0.0, 1.0],
                [0.366971, -0.894232, -0.256289, -0.0, -0.482, 0.052854, -0.874576, 0.39386, 0.795619, 0.444474, -0.411623, 0.0, 0.0, 0.0, 0.0, 1.0],
                [0.378975, -0.913798, -0.146129, 0.0, -0.485853, -0.062077, -0.871834, 0.39386, 0.787608, 0.4014, -0.467496, -0.0, 0.0, 0.0, 0.0, 1.0],
                [0.366971, -0.894232, -0.256289, 0.0, -0.482, 0.052854, -0.874576, 0.393861, 0.795619, 0.444474, -0.411624, 0.0, 0.0, 0.0, 0.0, 1.0],
                [-0.083989, 0.24707, -0.965351, 0.0, 0.193556, 0.954368, 0.227419, 0.393861, 0.977488, -0.167748, -0.127978, 0.0, 0.0, 0.0, 0.0, 1.0],
                [0.011164, -0.944097, -0.329482, 0.0, -0.178453, 0.322332, -0.929655, 0.39386, 0.983886, 0.069175, -0.164879, -0.0, 0.0, 0.0, 0.0, 1.0],
                [0.038755, 0.131011, -0.990624, 0.0, -0.163846, 0.978784, 0.123036, 0.393861, 0.985725, 0.157542, 0.059397, -0.0, 0.0, 0.0, 0.0, 1.0],
                [0.366971, -0.894232, -0.256289, -0.0, -0.482, 0.052854, -0.874576, 0.39386, 0.795619, 0.444474, -0.411623, -0.0, 0.0, 0.0, 0.0, 1.0],
                [0.366971, -0.894232, -0.256289, -0.0, -0.482, 0.052855, -0.874576, 0.393861, 0.795619, 0.444474, -0.411623, 0.0, 0.0, 0.0, 0.0, 1.0],
                [0.366971, -0.894232, -0.256289, -0.0, -0.482, 0.052855, -0.874576, 0.393861, 0.795619, 0.444474, -0.411623, 0.0, 0.0, 0.0, 0.0, 1.0],
                [0.374067, -0.844888, -0.382415, 0.0, -0.262824, 0.298867, -0.917389, 0.39386, 0.889381, 0.443672, -0.110261, -0.0, 0.0, 0.0, 0.0, 1.0],
                [0.110931, -0.212803, -0.970779, -0.0, -0.060098, 0.973583, -0.220285, 0.393861, 0.99201, 0.082779, 0.095211, -0.0, 0.0, 0.0, 0.0, 1.0],
                [0.139315, 0.458579, -0.877666, 0.0, -0.074241, 0.888652, 0.452535, 0.393861, 0.987462, 0.002114, 0.157847, 0.0, 0.0, 0.0, 0.0, 1.0],
                [0.139316, 0.45858, -0.877666, -0.0, -0.074241, 0.888652, 0.452535, 0.39386, 0.987461, 0.002114, 0.157848, -0.0, 0.0, 0.0, 0.0, 1.0],
                [0.971884, -0.203503, -0.118452, 0.0, 0.12458, 0.87128, -0.474713, 0.393861, 0.199811, 0.446609, 0.872134, 0.0, 0.0, 0.0, 0.0, 1.0],
                [0.971884, -0.203503, -0.118452, 0.0, 0.12458, 0.87128, -0.474713, 0.393861, 0.199811, 0.446609, 0.872134, 0.0, 0.0, 0.0, 0.0, 1.0],
                [0.323962, 0.926168, -0.193038, -0.0, 0.228873, 0.121257, 0.965875, 0.39386, 0.917968, -0.357088, -0.172692, -0.0, 0.0, 0.0, 0.0, 1.0],
                [0.230968, 0.54165, -0.808252, 0.0, 0.501384, 0.645661, 0.575966, 0.39386, 0.833828, -0.538273, -0.122448, 0.0, 0.0, 0.0, 0.0, 1.0]
            ]
        },
        {
            "name": "Hand_R",
            "time": [0.0, 0.25, 0.55, 0.95, 1.05, 1.1, 1.15, 1.21, 1.27, 1.47, 1.76, 2.0, 2.1, 2.5, 2.57, 2.64, 2.71, 2.88, 3.1, 3.31, 3.41, 3.51, 4.0],
            "transform": [
                [1.0, -1e-06, 0.0, -0.0, 1e-06, 0.971149, -0.238474, 0.300002, 0.0, 0.238474, 0.971149, 0.0, 0.0, 0.0, 0.0, 1.0],
                [0.999999, -4e-06, 4e-06, -0.0, 4e-06, 0.17666, -0.984271, 0.300003, 4e-06, 0.984271, 0.17666, 0.0, 0.0, 0.0, 0.0, 1.0],
                [0.999999, -2e-06, 1e-06, 0.0, 2e-06, 0.716066, -0.698032, 0.300003, 1e-06, 0.698033, 0.716066, 0.0, 0.0, 0.0, 0.0, 1.0],
                [0.999999, -3e-06, 5e-06, 0.0, 3e-06, -0.447922, -0.894072, 0.300003, 5e-06, 0.894073, -0.447922, -0.0, 0.0, 0.0, 0.0, 1.0],
                [0.999999, -3e-06, 5e-06, 0.0, 3e-06, -0.447922, -0.894072, 0.300003, 5e-06, 0.894073, -0.447922, -0.0, 0.0, 0.0, 0.0, 1.0],
                [0.999999, 0.0, 0.0, -0.0, 0.0, 0.999999, -0.000998, 0.300003, -0.0, 0.000998, 0.999999, 0.0, 0.0, 0.0, 0.0, 1.0],
                [0.999999, 0.0, -0.0, 0.0, 0.0, 0.999999, -0.001003, 0.300002, -0.0, 0.001003, 0.999999, -0.0, 0.0, 0.0, 0.0, 1.0],
                [0.999999, 0.0, -0.0, -0.0, 0.0, 1.0, -0.000993, 0.300002, -0.0, 0.000993, 0.999999, 0.0, 0.0, 0.0, 0.0, 1.0],
                [0.999999, 0.0, -0.0, 0.0, 0.0, 0.999999, -0.001003, 0.300002, -0.0, 0.001003, 0.999999, 0.0, 0.0, 0.0, 0.0, 1.0],
                [0.999999, -3e-06, 1e-06, 0.0, 3e-06, 0.626026, -0.779802, 0.300003, 1e-06, 0.779802, 0.626026, 0.0, 0.0, 0.0, 0.0, 1.0],
                [0.999999, -2e-06, 1e-06, 0.0, 2e-06, 0.733489, -0.679701, 0.300002, 1e-06, 0.679701, 0.733489, -0.0, 0.0, 0.0, 0.0, 1.0],
                [0.999999, -3e-06, 5e-06, -0.0, 3e-06, -0.447922, -0.894072, 0.300002, 5e-06, 0.894073, -0.447922, -0.0, 0.0, 0.0, 0.0, 1.0],
                [0.999999, 0.0, -0.0, 0.0, 0.0, 0.999999, -0.001003, 0.300002, -0.0, 0.001003, 0.999999, -0.0, 0.0, 0.0, 0.0, 1.0],
                [0.999999, 0.0, -0.0, -0.0, 0.0, 1.0, -0.001003, 0.300002, -0.0, 0.001003, 0.999999, 0.0, 0.0, 0.0, 0.0, 1.0],
                [0.999999, 0.0, -0.0, -0.0, 0.0, 1.0, -0.001003, 0.300002, -0.0, 0.001003, 0.999999, 0.0, 0.0, 0.0, 0.0, 1.0],
                [0.999999, 0.0, 0.0, 0.0, 0.0, 0.999999, -0.000998, 0.300002, -0.0, 0.000997, 0.999999, -0.0, 0.0, 0.0, 0.0, 1.0],
                [0.999999, -2e-06, 1e-06, 0.0, 2e-06, 0.399497, -0.916734, 0.300003, 1e-06, 0.916734, 0.399497, 0.0, 0.0, 0.0, 0.0, 1.0],
                [0.999999, -2e-06, 1e-06, 0.0, 2e-06, 0.191877, -0.981418, 0.300003, 1e-06, 0.981419, 0.191877, -0.0, 0.0, 0.0, 0.0, 1.0],
                [0.999999, -2e-06, 1e-06, 0.0, 2e-06, 0.191877, -0.981419, 0.300002, 1e-06, 0.981418, 0.191877, 0.0, 0.0, 0.0, 0.0, 1.0],
                [0.999999, -3e-06, 1e-06, 0.0, 3e-06, 0.626189, -0.779671, 0.300003, 1e-06, 0.779671, 0.626189, -0.0, 0.0, 0.0, 0.0, 1.0],
                [0.999999, -3e-06, 1e-06, 0.0, 3e-06, 0.626189, -0.779671, 0.300003, 1e-06, 0.779671, 0.626189, -0.0, 0.0, 0.0, 0.0, 1.0],
                [0.999999, -1e-06, 1e-06, -0.0, 1e-06, -0.07762, -0.996983, 0.300002, 1e-06, 0.996983, -0.07762, -0.0, 0.0, 0.0, 0.0, 1.0],
                [0.999999, -2e-06, 1e-06, -0.0, 3e-06, 0.766875, -0.641797, 0.300002, 1e-06, 0.641797, 0.766875, 0.0, 0.0, 0.0, 0.0, 1.0]
            ]
        },
        {
            "name": "Tool_R",
            "time": [0.0, 0.25, 0.55, 0.95, 1.1, 1.15, 1.21, 1.27, 1.37, 1.76, 2.0, 2.1, 2.5, 2.57, 2.64, 2.71, 2.88, 3.1, 3.31, 3.41, 3.51, 4.0],
            "transform": [
                [0.999812, 0.018997, 0.004013, 0.0, 0.019232, -0.940583, -0.339021, 0.271711, -0.002665, 0.339034, -0.940771, -0.028915, 0.0, 0.0, 0.0, 1.0],
                [0.998739, 0.049141, 0.010308, 0.0, 0.029646, -0.411451, -0.91095, 0.271711, -0.040524, 0.910107, -0.412389, -0.028915, 0.0, 0.0, 0.0, 1.0],
                [-0.224312, -0.436351, -0.871368, 0.0, -0.22999, -0.845192, 0.482448, 0.271711, -0.94699, 0.308625, 0.089231, -0.028915, 0.0, 0.0, 0.0, 1.0],
                [-0.163911, -0.465995, -0.869473, -0.039544, -0.251261, -0.832602, 0.493601, 0.37238, -0.95394, 0.299372, 0.019386, 0.029943, 0.0, 0.0, 0.0, 1.0],
                [-0.221924, -0.584477, -0.780472, -0.039544, -0.224586, -0.74827, 0.624222, 0.37238, -0.948847, 0.313814, 0.034794, 0.029943, 0.0, 0.0, 0.0, 1.0],
                [-0.282417, -0.609786, -0.740542, -0.039544, -0.189892, -0.721156, 0.66624, 0.372379, -0.94031, 0.328781, 0.087873, 0.029943, 0.0, 0.0, 0.0, 1.0],
                [-0.409595, -0.585343, -0.699719, -0.039544, -0.120718, -0.725488, 0.677566, 0.37238, -0.904246, 0.361996, 0.226495, 0.029943, 0.0, 0.0, 0.0, 1.0],
                [-0.409595, -0.585343, -0.699719, -0.039544, -0.120718, -0.725488, 0.677565, 0.37238, -0.904246, 0.361996, 0.226495, 0.029943, 0.0, 0.0, 0.0, 1.0],
                [-0.409595, -0.585343, -0.699719, -0.039544, -0.120718, -0.725488, 0.677566, 0.37238, -0.904246, 0.361996, 0.226495, 0.029943, 0.0, 0.0, 0.0, 1.0],
                [0.998739, 0.049141, 0.010308, 0.0, 0.029646, -0.411451, -0.91095, 0.271711, -0.040524, 0.910107, -0.412389, -0.028915, 0.0, 0.0, 0.0, 1.0],
                [0.998739, 0.049141, 0.010308, 0.0, 0.029646, -0.411451, -0.91095, 0.271711, -0.040524, 0.910107, -0.412389, -0.028915, 0.0, 0.0, 0.0, 1.0],
                [0.992637, -0.011436, -0.120583, -0.0, -0.118451, 0.11636, -0.986119, 0.271711, 0.025308, 0.993142, 0.114148, -0.028915, 0.0, 0.0, 0.0, 1.0],
                [0.992637, -0.011436, -0.120583, 0.0, -0.118451, 0.11636, -0.986119, 0.271711, 0.025308, 0.993142, 0.114148, -0.028915, 0.0, 0.0, 0.0, 1.0],
                [0.998584, -0.00847, -0.052516, 0.0, -0.051115, 0.120502, -0.991397, 0.271711, 0.014725, 0.992678, 0.119898, -0.028915, 0.0, 0.0, 0.0, 1.0],
                [0.998584, -0.00847, -0.052516, 0.0, -0.051115, 0.120502, -0.991397, 0.271711, 0.014725, 0.992678, 0.119898, -0.028915, 0.0, 0.0, 0.0, 1.0],
                [0.998584, -0.00847, -0.052516, 0.0, -0.051115, 0.120502, -0.991397, 0.271711, 0.014725, 0.992678, 0.119898, -0.028915, 0.0, 0.0, 0.0, 1.0],
                [0.998584, -0.00847, -0.052516, -0.0, -0.051115, 0.120502, -0.991397, 0.271711, 0.014725, 0.992678, 0.119898, -0.028915, 0.0, 0.0, 0.0, 1.0],
                [0.998584, -0.00847, -0.052516, 0.0, -0.051115, 0.120502, -0.991397, 0.271711, 0.014725, 0.992678, 0.119898, -0.028915, 0.0, 0.0, 0.0, 1.0],
