{
    "animation": [
        {
            "name": "Root",
            "time": [0.0, 0.01, 0.02, 0.03, 0.04, 0.05, 0.06, 0.07, 0.08, 0.09, 0.1, 0.11, 0.12, 0.13, 0.14],
            "transform": [
                [0.999999, 0.001385, 2e-06, 0.001214, -3e-06, 0.003659, -0.999993, -0.099433, -0.001385, 0.999992, 0.003659, 0.645186, 0.0, 0.0, 0.0, 1.0],
                [0.999999, 0.001615, 3e-06, 0.001214, -3e-06, 0.003559, -0.999994, -0.099433, -0.001615, 0.999992, 0.003559, 0.645186, 0.0, 0.0, 0.0, 1.0],
                [0.999998, 0.001984, 3e-06, 0.001214, -3e-06, 0.003365, -0.999994, -0.099433, -0.001984, 0.999992, 0.003365, 0.645186, 0.0, 0.0, 0.0, 1.0],
                [0.999998, 0.002143, 4e-06, 0.001214, -3e-06, 0.003268, -0.999995, -0.099433, -0.002143, 0.999992, 0.003268, 0.645186, 0.0, 0.0, 0.0, 1.0],
                [0.999998, 0.002077, 3e-06, 0.001214, -3e-06, 0.00331, -0.999995, -0.099433, -0.002077, 0.999992, 0.00331, 0.645186, 0.0, 0.0, 0.0, 1.0],
                [0.999998, 0.00197, 3e-06, 0.001214, -3e-06, 0.003375, -0.999994, -0.099433, -0.00197, 0.999992, 0.003375, 0.645186, 0.0, 0.0, 0.0, 1.0],
                [0.999998, 0.001879, 3e-06, 0.001214, -3e-06, 0.003426, -0.999994, -0.099433, -0.001879, 0.999992, 0.003426, 0.645186, 0.0, 0.0, 0.0, 1.0],
                [0.999998, 0.001841, 3e-06, 0.001214, -3e-06, 0.003447, -0.999994, -0.099433, -0.001841, 0.999992, 0.003447, 0.645186, 0.0, 0.0, 0.0, 1.0],
                [0.999998, 0.001829, 3e-06, 0.001214, -3e-06, 0.003454, -0.999994, -0.099433, -0.001829, 0.999992, 0.003454, 0.645186, 0.0, 0.0, 0.0, 1.0],
                [0.999998, 0.001821, 3e-06, 0.001214, -3e-06, 0.003457, -0.999994, -0.099433, -0.001821, 0.999992, 0.003457, 0.645186, 0.0, 0.0, 0.0, 1.0],
                [0.999998, 0.001815, 3e-06, 0.001214, -3e-06, 0.003461, -0.999994, -0.099433, -0.001815, 0.999992, 0.003461, 0.645186, 0.0, 0.0, 0.0, 1.0],
                [0.999998, 0.001797, 3e-06, 0.001214, -3e-06, 0.00347, -0.999994, -0.099433, -0.001797, 0.999992, 0.00347, 0.645186, 0.0, 0.0, 0.0, 1.0],
                [0.999998, 0.001788, 3e-06, 0.001214, -3e-06, 0.003475, -0.999994, -0.099433, -0.001788, 0.999992, 0.003475, 0.645186, 0.0, 0.0, 0.0, 1.0],
                [0.999998, 0.001783, 3e-06, 0.001214, -3e-06, 0.003478, -0.999994, -0.099433, -0.001783, 0.999992, 0.003478, 0.645186, 0.0, 0.0, 0.0, 1.0],
                [0.999998, 0.001769, 3e-06, 0.001214, -3e-06, 0.003485, -0.999994, -0.099433, -0.001769, 0.999992, 0.003485, 0.645186, 0.0, 0.0, 0.0, 1.0]
            ]
        },
        {
            "name": "Thigh_R",
            "time": [0.0, 0.14],
            "transform": [
                [1.0, -0.0, -0.0, 0.124994, 0.0, -1.0, 1e-06, -0.002831, -0.0, -0.0, -1.0, -1.2e-05, 0.0, 0.0, 0.0, 1.0],
                [1.0, -0.0, -0.0, 0.124994, 0.0, -1.0, 1e-06, -0.002831, -0.0, -0.0, -1.0, -1.2e-05, 0.0, 0.0, 0.0, 1.0]
            ]
        },
        {
            "name": "Leg_R",
            "time": [0.0, 0.14],
            "transform": [
                [1.0, 0.0, 1e-06, 0.0, -0.0, 1.0, 0.0, 0.37472, -1e-06, -0.0, 1.0, -0.0, 0.0, 0.0, 0.0, 1.0],
                [1.0, 0.0, 1e-06, -0.0, -0.0, 1.0, 0.0, 0.37472, -1e-06, -0.0, 1.0, 0.0, 0.0, 0.0, 0.0, 1.0]
            ]
        },
        {
            "name": "Knee_R",
            "time": [0.0, 0.14],
            "transform": [
                [1.0, 0.0, -0.0, 0.0, -0.0, 1e-06, -1.0, 0.37472, -0.0, 1.0, 1e-06, -0.0, 0.0, 0.0, 0.0, 1.0],
                [1.0, 0.0, -0.0, -0.0, -0.0, 1e-06, -1.0, 0.37472, -0.0, 1.0, 1e-06, 0.0, 0.0, 0.0, 0.0, 1.0]
            ]
        },
        {
            "name": "Thigh_L",
            "time": [0.0, 0.14],
            "transform": [
                [1.0, -0.0, -0.0, -0.125006, 0.0, -1.0, 1e-06, -0.002831, -0.0, -0.0, -1.0, -1.2e-05, 0.0, 0.0, 0.0, 1.0],
                [1.0, -0.0, -0.0, -0.125006, 0.0, -1.0, 1e-06, -0.002831, -0.0, -0.0, -1.0, -1.2e-05, 0.0, 0.0, 0.0, 1.0]
            ]
        },
        {
            "name": "Leg_L",
            "time": [0.0, 0.14],
            "transform": [
                [1.0, 0.0, 1e-06, -0.0, -0.0, 1.0, 0.0, 0.37472, -1e-06, -0.0, 1.0, -0.0, 0.0, 0.0, 0.0, 1.0],
                [1.0, 0.0, 1e-06, -0.0, -0.0, 1.0, 0.0, 0.37472, -1e-06, -0.0, 1.0, 0.0, 0.0, 0.0, 0.0, 1.0]
            ]
        },
        {
            "name": "Knee_L",
            "time": [0.0, 0.14],
            "transform": [
                [1.0, 0.0, -0.0, -0.0, -0.0, 1e-06, -1.0, 0.37472, -0.0, 1.0, 1e-06, -0.0, 0.0, 0.0, 0.0, 1.0],
                [1.0, 0.0, -0.0, -0.0, -0.0, 1e-06, -1.0, 0.37472, -0.0, 1.0, 1e-06, 0.0, 0.0, 0.0, 0.0, 1.0]
            ]
        },
        {
            "name": "Torso",
            "time": [0.0, 0.01, 0.02, 0.03, 0.04, 0.05, 0.06, 0.07, 0.08, 0.09, 0.1, 0.11, 0.12, 0.13, 0.14],
            "transform": [
                [0.771105, 0.178526, -0.611167, 0.0, -0.065594, 0.977054, 0.202644, 0.05, 0.63332, -0.116171, 0.765121, 0.0, 0.0, 0.0, 0.0, 1.0],
                [0.684481, 0.205926, -0.699343, 0.0, -0.087106, 0.975506, 0.201989, 0.05, 0.723808, -0.077341, 0.685653, 0.0, 0.0, 0.0, 0.0, 1.0],
                [0.461001, 0.228922, -0.857364, -0.0, -0.11004, 0.973443, 0.200748, 0.05, 0.880551, 0.001799, 0.473949, 0.0, 0.0, 0.0, 0.0, 1.0],
                [0.073491, 0.069418, -0.994877, -0.0, -0.180393, 0.982044, 0.055198, 0.05, 0.980846, 0.175412, 0.084694, 0.0, 0.0, 0.0, 0.0, 1.0],
                [0.11269, 0.083211, -0.99014, 0.0, -0.03669, 0.996156, 0.079541, 0.05, 0.992953, 0.027365, 0.11531, -0.0, 0.0, 0.0, 0.0, 1.0],
                [0.346737, 0.236398, -0.907683, -0.0, 0.114536, 0.949804, 0.291121, 0.05, 0.930944, -0.204904, 0.302257, 0.0, 0.0, 0.0, 0.0, 1.0],
                [0.440948, 0.255211, -0.860484, 0.0, 0.188435, 0.911029, 0.366765, 0.05, 0.87753, -0.323869, 0.353626, -0.0, 0.0, 0.0, 0.0, 1.0],
                [0.523587, 0.242361, -0.816773, -0.0, 0.24653, 0.874571, 0.417548, 0.05, 0.815525, -0.419981, 0.398165, 0.0, 0.0, 0.0, 0.0, 1.0],
                [0.562062, 0.214053, -0.798916, 0.0, 0.219715, 0.892583, 0.393726, 0.05, 0.797379, -0.396831, 0.454657, 0.0, 0.0, 0.0, 0.0, 1.0],
                [0.580227, 0.189064, -0.792207, 0.0, 0.178606, 0.919468, 0.35025, 0.05, 0.794631, -0.344717, 0.499733, 0.0, 0.0, 0.0, 0.0, 1.0],
                [0.588553, 0.165277, -0.791385, 0.0, 0.14244, 0.942367, 0.302743, 0.05, 0.795813, -0.290905, 0.531091, -0.0, 0.0, 0.0, 0.0, 1.0],
                [0.593839, 0.147559, -0.790938, -0.0, 0.11287, 0.958039, 0.263476, 0.05, 0.796628, -0.245735, 0.552266, 0.0, 0.0, 0.0, 0.0, 1.0],
                [0.586881, 0.143413, -0.796871, -0.0, 0.096309, 0.964835, 0.244572, 0.05, 0.803925, -0.22028, 0.552432, 0.0, 0.0, 0.0, 0.0, 1.0],
                [0.573937, 0.144108, -0.806121, -0.0, 0.083765, 0.968897, 0.232847, 0.05, 0.814607, -0.201163, 0.544015, 0.0, 0.0, 0.0, 0.0, 1.0],
                [0.557543, 0.148984, -0.81667, -0.0, 0.072561, 0.971252, 0.226722, 0.05, 0.826972, -0.185666, 0.530704, -0.0, 0.0, 0.0, 0.0, 1.0]
            ]
        },
        {
            "name": "Chest",
            "time": [0.0, 0.01, 0.02, 0.03, 0.04, 0.05, 0.06, 0.07, 0.08, 0.09, 0.1, 0.11, 0.12, 0.13, 0.14],
            "transform": [
                [0.999438, -0.033509, -0.000213, -0.0, 0.033197, 0.99096, -0.12999, 0.3, 0.004567, 0.12991, 0.991515, 0.0, 0.0, 0.0, 0.0, 1.0],
                [0.998685, -0.050958, -0.005711, -0.0, 0.050053, 0.992976, -0.107204, 0.3, 0.011134, 0.106777, 0.994221, 0.0, 0.0, 0.0, 0.0, 1.0],
                [0.995731, -0.089961, -0.020668, 0.0, 0.087353, 0.990741, -0.10393, 0.3, 0.029827, 0.101681, 0.99437, 0.0, 0.0, 0.0, 0.0, 1.0],
                [0.985438, -0.13941, 0.097354, -0.0, 0.134484, 0.98936, 0.055486, 0.3, -0.104054, -0.041586, 0.993702, 0.0, 0.0, 0.0, 0.0, 1.0],
                [0.980833, -0.105974, 0.163515, 0.0, 0.090913, 0.991122, 0.097012, 0.3, -0.172344, -0.080287, 0.981759, 0.0, 0.0, 0.0, 0.0, 1.0],
                [0.99053, -0.100038, 0.094042, 0.0, 0.104337, 0.993656, -0.041952, 0.3, -0.089248, 0.051367, 0.994684, -0.0, 0.0, 0.0, 0.0, 1.0],
                [0.99282, -0.103325, 0.060277, 0.0, 0.106212, 0.99324, -0.046817, 0.3, -0.055033, 0.052883, 0.997083, 0.0, 0.0, 0.0, 0.0, 1.0],
                [0.995527, -0.094286, 0.006188, -0.0, 0.094461, 0.994702, -0.04055, 0.3, -0.002332, 0.040953, 0.999158, 0.0, 0.0, 0.0, 0.0, 1.0],
                [0.995258, -0.094493, -0.023114, -0.0, 0.093863, 0.995219, -0.026971, 0.3, 0.025552, 0.024673, 0.999369, -0.0, 0.0, 0.0, 0.0, 1.0],
                [0.99462, -0.096151, -0.038586, 0.0, 0.095692, 0.995317, -0.013594, 0.3, 0.039712, 0.009828, 0.999163, 0.0, 0.0, 0.0, 0.0, 1.0],
                [0.994314, -0.096972, -0.04402, -0.0, 0.097013, 0.995281, -0.001214, 0.3, 0.04393, -0.003063, 0.99903, 0.0, 0.0, 0.0, 0.0, 1.0],
                [0.994684, -0.094584, -0.040709, -0.0, 0.095066, 0.99542, 0.010078, 0.3, 0.03957, -0.013895, 0.99912, -0.0, 0.0, 0.0, 0.0, 1.0],
                [0.995665, -0.088761, -0.027826, 0.0, 0.08928, 0.995844, 0.017969, 0.3, 0.026116, -0.020375, 0.999451, 0.0, 0.0, 0.0, 0.0, 1.0],
                [0.996615, -0.081442, -0.011378, 0.0, 0.081694, 0.996374, 0.023706, 0.3, 0.009406, -0.024555, 0.999654, -0.0, 0.0, 0.0, 0.0, 1.0],
                [0.997396, -0.070934, 0.013125, 0.0, 0.07055, 0.997122, 0.027724, 0.3, -0.015054, -0.026726, 0.999529, -0.0, 0.0, 0.0, 0.0, 1.0]
            ]
        },
        {
            "name": "Head",
            "time": [0.0, 0.01, 0.02, 0.03, 0.04, 0.05, 0.06, 0.07, 0.08, 0.09, 0.1, 0.11, 0.12, 0.13, 0.14],
            "transform": [
                [0.863789, -0.198702, 0.463018, -0.0, 0.026909, 0.935836, 0.351409, 0.4, -0.503133, -0.291084, 0.813712, 0.0, 0.0, 0.0, 0.0, 1.0],
                [0.828577, -0.286279, 0.48115, 0.0, 0.10213, 0.922251, 0.372855, 0.4, -0.550482, -0.259799, 0.793394, 0.0, 0.0, 0.0, 0.0, 1.0],
                [0.710246, -0.414452, 0.569017, -0.0, 0.187898, 0.890602, 0.414151, 0.4, -0.678415, -0.187231, 0.710421, -0.0, 0.0, 0.0, 0.0, 1.0],
                [0.543226, -0.489893, 0.681843, -0.0, 0.243016, 0.869097, 0.430825, 0.4, -0.803651, -0.068336, 0.591167, -0.0, 0.0, 0.0, 0.0, 1.0],
                [0.562217, -0.222519, 0.796491, 0.0, 0.202273, 0.970866, 0.128459, 0.4, -0.801874, 0.088887, 0.590847, -0.0, 0.0, 0.0, 0.0, 1.0],
                [0.60621, 0.085134, 0.790736, -0.0, 0.099878, 0.978232, -0.181891, 0.4, -0.789012, 0.189241, 0.58451, 0.0, 0.0, 0.0, 0.0, 1.0],
                [0.633577, 0.134464, 0.761906, -0.0, 0.052093, 0.975131, -0.215413, 0.4, -0.771927, 0.17617, 0.610815, 0.0, 0.0, 0.0, 0.0, 1.0],
                [0.635451, 0.159421, 0.755505, -0.0, 0.061742, 0.964828, -0.255522, 0.4, -0.769671, 0.209018, 0.603257, 0.0, 0.0, 0.0, 0.0, 1.0],
                [0.620247, 0.12988, 0.77358, 0.0, 0.093157, 0.967019, -0.23705, 0.4, -0.778858, 0.219093, 0.587691, 0.0, 0.0, 0.0, 0.0, 1.0],
                [0.618278, 0.088888, 0.780918, 0.0, 0.095747, 0.977664, -0.187088, 0.4, -0.780111, 0.190442, 0.595956, -0.0, 0.0, 0.0, 0.0, 1.0],
                [0.619955, 0.047387, 0.783206, -0.0, 0.095744, 0.986145, -0.135452, 0.4, -0.778778, 0.158961, 0.606827, 0.0, 0.0, 0.0, 0.0, 1.0],
                [0.619129, 0.01492, 0.785148, 0.0, 0.099399, 0.990288, -0.0972, 0.4, -0.778974, 0.138222, 0.611633, 0.0, 0.0, 0.0, 0.0, 1.0],
                [0.618594, -0.00101, 0.785711, 0.0, 0.103623, 0.991368, -0.080308, 0.4, -0.77885, 0.131095, 0.613358, 0.0, 0.0, 0.0, 0.0, 1.0],
                [0.619985, -0.011901, 0.784524, 0.0, 0.10621, 0.991952, -0.068886, 0.4, -0.777398, 0.126032, 0.616256, 0.0, 0.0, 0.0, 0.0, 1.0],
                [0.627847, -0.021351, 0.778045, 0.0, 0.10786, 0.992363, -0.059805, 0.4, -0.770831, 0.121468, 0.625354, -0.0, 0.0, 0.0, 0.0, 1.0]
            ]
        },
        {
            "name": "Shoulder_R",
            "time": [0.0, 0.01, 0.02, 0.03, 0.04, 0.05, 0.06, 0.07, 0.08, 0.09, 0.1, 0.11, 0.12, 0.13, 0.14],
            "transform": [
                [0.015879, 0.880938, 0.472964, -0.0, 0.13069, -0.470794, 0.87251, 0.4, 0.991295, 0.047957, -0.122606, 0.0, 0.0, 0.0, 0.0, 1.0],
                [0.015475, 0.878165, 0.478107, 0.0, 0.107679, -0.476847, 0.872365, 0.4, 0.994065, 0.037982, -0.101939, 0.0, 0.0, 0.0, 0.0, 1.0],
                [0.027391, 0.868878, 0.494267, -0.0, 0.102617, -0.494285, 0.863221, 0.4, 0.994344, 0.027076, -0.102701, -0.0, 0.0, 0.0, 0.0, 1.0],
                [-0.118545, 0.906706, 0.404761, -0.0, -0.029909, -0.410712, 0.911273, 0.4, 0.992499, 0.095921, 0.075806, -0.0, 0.0, 0.0, 0.0, 1.0],
                [-0.177139, 0.911945, 0.370106, 0.0, -0.079002, -0.388016, 0.918259, 0.4, 0.981011, 0.13342, 0.140777, -0.0, 0.0, 0.0, 0.0, 1.0],
                [-0.090513, 0.856425, 0.508274, -0.0, 0.052503, -0.505558, 0.861192, 0.4, 0.994512, 0.104635, 0.000794, 0.0, 0.0, 0.0, 0.0, 1.0],
                [-0.055901, 0.855367, 0.514997, -0.0, 0.053453, -0.512501, 0.857019, 0.4, 0.997006, 0.075436, -0.017072, 0.0, 0.0, 0.0, 0.0, 1.0],
                [-0.005341, 0.866449, 0.499237, -0.0, 0.042128, -0.498607, 0.865802, 0.4, 0.999099, 0.025656, -0.033838, 0.0, 0.0, 0.0, 0.0, 1.0],
                [0.019561, 0.866426, 0.498921, 0.0, 0.02624, -0.499291, 0.866035, 0.4, 0.999466, -0.003849, -0.032501, 0.0, 0.0, 0.0, 0.0, 1.0],
                [0.031376, 0.865177, 0.500483, 0.0, 0.011535, -0.501012, 0.86536, 0.4, 0.999443, -0.021379, -0.0257, -0.0, 0.0, 0.0, 0.0, 1.0],
                [0.033103, 0.864441, 0.501643, -0.0, -0.001231, -0.501885, 0.864931, 0.4, 0.999453, -0.02925, -0.01555, 0.0, 0.0, 0.0, 0.0, 1.0],
                [0.024636, 0.865725, 0.499913, 0.0, -0.011727, -0.499781, 0.86607, 0.4, 0.999629, -0.027199, -0.00216, 0.0, 0.0, 0.0, 0.0, 1.0],
                [0.005263, 0.869136, 0.494545, 0.0, -0.017772, -0.494394, 0.869054, 0.4, 0.99983, -0.013362, 0.012844, 0.0, 0.0, 0.0, 0.0, 1.0],
                [-0.017298, 0.872888, 0.487615, 0.0, -0.0217, -0.487903, 0.872626, 0.4, 0.999615, 0.004513, 0.027381, 0.0, 0.0, 0.0, 0.0, 1.0],
                [-0.048634, 0.877412, 0.477266, 0.0, -0.023719, -0.478713, 0.877648, 0.4, 0.998537, 0.031364, 0.044093, -0.0, 0.0, 0.0, 0.0, 1.0]
            ]
        },
        {
            "name": "Arm_R",
            "time": [0.0, 0.01, 0.02, 0.03, 0.04, 0.05, 0.06, 0.07, 0.08, 0.09, 0.1, 0.11, 0.12, 0.13, 0.14],
            "transform": [
                [-0.167163, -0.120844, -0.978495, 0.0, 0.561741, 0.803943, -0.195253, 0.39386, 0.810247, -0.582302, -0.066506, 0.0, 0.0, 0.0, 0.0, 1.0],
                [-0.126407, -0.068327, -0.989622, 0.0, 0.553616, 0.822949, -0.127534, 0.39386, 0.823124, -0.563991, -0.0662, 0.0, 0.0, 0.0, 0.0, 1.0],
                [-0.060002, -0.012284, -0.998123, 0.0, 0.535423, 0.84351, -0.042568, 0.393861, 0.842452, -0.53697, -0.044035, 0.0, 0.0, 0.0, 0.0, 1.0],
                [-0.236284, 0.148603, -0.960254, 0.0, 0.590767, 0.80658, -0.020544, 0.39386, 0.771471, -0.572138, -0.278372, 0.0, 0.0, 0.0, 0.0, 1.0],
                [-0.290626, 0.085938, -0.95297, -0.0, 0.538813, 0.837733, -0.088774, 0.393861, 0.790708, -0.539271, -0.289772, -0.0, 0.0, 0.0, 0.0, 1.0],
                [-0.147652, -0.132909, -0.980068, -0.0, 0.381152, 0.906741, -0.180387, 0.39386, 0.912649, -0.400187, -0.083224, -0.0, 0.0, 0.0, 0.0, 1.0],
                [-0.124204, -0.072284, -0.98962, -0.0, 0.498669, 0.857697, -0.125234, 0.393861, 0.85785, -0.509045, -0.070484, 0.0, 0.0, 0.0, 0.0, 1.0],
                [-0.104504, -0.057057, -0.992886, -0.0, 0.59816, 0.793985, -0.108585, 0.39386, 0.794535, -0.605251, -0.048846, -0.0, 0.0, 0.0, 0.0, 1.0],
                [-0.151094, -0.042751, -0.987595, 0.0, 0.581262, 0.804252, -0.123742, 0.393861, 0.799568, -0.592746, -0.096668, 0.0, 0.0, 0.0, 0.0, 1.0],
                [-0.205355, -0.019045, -0.978502, -0.0, 0.544345, 0.828668, -0.130368, 0.39386, 0.81334, -0.559411, -0.159805, -0.0, 0.0, 0.0, 0.0, 1.0],
                [-0.25849, 0.00165, -0.966013, -0.0, 0.507038, 0.851407, -0.134221, 0.393861, 0.822252, -0.524498, -0.220917, -0.0, 0.0, 0.0, 0.0, 1.0],
                [-0.308279, 0.013007, -0.951207, 0.0, 0.477914, 0.866681, -0.143036, 0.39386, 0.822536, -0.498689, -0.273396, 0.0, 0.0, 0.0, 0.0, 1.0],
                [-0.342856, 0.011645, -0.939316, 0.0, 0.460023, 0.873901, -0.157077, 0.393861, 0.819043, -0.48596, -0.30498, 0.0, 0.0, 0.0, 0.0, 1.0],
                [-0.371384, 0.005957, -0.928461, -0.0, 0.443374, 0.879734, -0.171704, 0.39386, 0.815781, -0.475421, -0.329361, -0.0, 0.0, 0.0, 0.0, 1.0],
                [-0.395482, -0.005044, -0.918461, -0.0, 0.427105, 0.884277, -0.188764, 0.39386, 0.813129, -0.466929, -0.347562, 0.0, 0.0, 0.0, 0.0, 1.0]
            ]
        },
        {
            "name": "Hand_R",
            "time": [0.0, 0.01, 0.02, 0.03, 0.04, 0.05, 0.06, 0.07, 0.08, 0.09, 0.1, 0.11, 0.12, 0.13, 0.14],
            "transform": [
                [0.999998, 0.00167, 0.001015, -0.0, -0.001015, 0.887794, -0.460241, 0.3, -0.00167, 0.460239, 0.887793, 0.0, 0.0, 0.0, 0.0, 1.0],
                [0.999998, 0.001672, 0.001011, 0.0, -0.001011, 0.885531, -0.464579, 0.3, -0.001672, 0.464577, 0.885531, -0.0, 0.0, 0.0, 0.0, 1.0],
                [0.999998, 0.001709, 0.000949, 0.0, -0.000949, 0.848763, -0.528772, 0.3, -0.001709, 0.528769, 0.848764, -0.0, 0.0, 0.0, 0.0, 1.0],
                [1.0, -0.0, -0.0, -0.0, -0.0, 0.653832, -0.75664, 0.3, 0.0, 0.756638, 0.653833, 0.0, 0.0, 0.0, 0.0, 1.0],
                [0.999997, -0.001813, -0.000734, -0.0, 0.000735, 0.69602, -0.718022, 0.3, 0.001813, 0.718019, 0.696022, 0.0, 0.0, 0.0, 0.0, 1.0],
                [0.999997, -0.001719, -0.00093, -0.0, 0.00093, 0.837173, -0.546939, 0.3, 0.001719, 0.546936, 0.837173, 0.0, 0.0, 0.0, 0.0, 1.0],
                [0.999997, -0.001716, -0.000935, -0.0, 0.000935, 0.840109, -0.542418, 0.3, 0.001716, 0.542415, 0.840109, 0.0, 0.0, 0.0, 0.0, 1.0],
                [0.999997, -0.001722, -0.000923, 0.0, 0.000923, 0.832807, -0.553564, 0.3, 0.001722, 0.553561, 0.832807, -0.0, 0.0, 0.0, 0.0, 1.0],
                [0.999997, -0.001722, -0.000923, 0.0, 0.000923, 0.832806, -0.553565, 0.3, 0.001722, 0.553562, 0.832807, 0.0, 0.0, 0.0, 0.0, 1.0],
                [0.999997, -0.001722, -0.000923, -0.0, 0.000923, 0.832805, -0.553566, 0.3, 0.001723, 0.553563, 0.832806, 0.0, 0.0, 0.0, 0.0, 1.0],
                [0.999997, -0.001722, -0.000923, 0.0, 0.000923, 0.832806, -0.553565, 0.3, 0.001722, 0.553562, 0.832807, 0.0, 0.0, 0.0, 0.0, 1.0],
                [0.999997, -0.001725, -0.000918, 0.0, 0.000918, 0.829594, -0.558366, 0.3, 0.001725, 0.558364, 0.829595, 0.0, 0.0, 0.0, 0.0, 1.0],
                [0.999997, -0.001729, -0.000911, -0.0, 0.000911, 0.824573, -0.565755, 0.3, 0.001729, 0.565753, 0.824574, 0.0, 0.0, 0.0, 0.0, 1.0],
                [0.999998, -0.001735, -0.0009, -0.0, 0.000899, 0.8174, -0.57607, 0.3, 0.001736, 0.576067, 0.817401, 0.0, 0.0, 0.0, 0.0, 1.0],
                [0.999997, -0.001742, -0.000886, 0.0, 0.000887, 0.808298, -0.588773, 0.3, 0.001742, 0.58877, 0.808299, 0.0, 0.0, 0.0, 0.0, 1.0]
            ]
        },
        {
            "name": "Tool_R",
            "time": [0.0, 0.01, 0.02, 0.03, 0.04, 0.05, 0.06, 0.07, 0.08, 0.09, 0.1, 0.11, 0.12, 0.13, 0.14],
            "transform": [
                [0.973648, 0.161996, -0.160673, -0.0, 0.083554, -0.90855, -0.409473, 0.272858, -0.212197, 0.385091, -0.897403, -0.0, 0.0, 0.0, 0.0, 1.0],
                [0.979395, 0.152118, -0.132977, 0.0, 0.089778, -0.917359, -0.387945, 0.272858, -0.1809, 0.367846, -0.911391, -0.0, 0.0, 0.0, 0.0, 1.0],
                [0.984604, 0.139963, -0.104842, 0.0, 0.09291, -0.926678, -0.364336, 0.272858, -0.148064, 0.348821, -0.924708, -0.0, 0.0, 0.0, 0.0, 1.0],
                [0.983776, 0.143018, -0.108448, 0.0, 0.09381, -0.924919, -0.368549, 0.272858, -0.152928, 0.35223, -0.922621, 0.0, 0.0, 0.0, 0.0, 1.0],
                [0.983261, 0.145462, -0.109859, -0.0, 0.09518, -0.923779, -0.371049, 0.272858, -0.155371, 0.354215, -0.921452, 0.0, 0.0, 0.0, 0.0, 1.0],
                [0.982798, 0.14711, -0.111807, 0.0, 0.095525, -0.922568, -0.373962, 0.272858, -0.158074, 0.356681, -0.920039, 0.0, 0.0, 0.0, 0.0, 1.0],
                [0.982563, 0.148281, -0.112311, -0.0, 0.096233, -0.922003, -0.37517, 0.272858, -0.159092, 0.357653, -0.919487, -0.0, 0.0, 0.0, 0.0, 1.0],
                [0.982927, 0.148813, -0.108351, -0.0, 0.098637, -0.922854, -0.372443, 0.272858, -0.155328, 0.35523, -0.921068, -0.0, 0.0, 0.0, 0.0, 1.0],
                [0.98348, 0.149083, -0.102813, 0.0, 0.10154, -0.924127, -0.368484, 0.272858, -0.149862, 0.35179, -0.923293, 0.0, 0.0, 0.0, 0.0, 1.0],
                [0.983882, 0.149336, -0.098501, -0.0, 0.103808, -0.925097, -0.3654, 0.272858, -0.145607, 0.349119, -0.924988, 0.0, 0.0, 0.0, 0.0, 1.0],
                [0.984261, 0.149697, -0.094056, -0.0, 0.106221, -0.9261, -0.362154, 0.272858, -0.141238, 0.346297, -0.926726, -0.0, 0.0, 0.0, 0.0, 1.0],
                [0.984762, 0.150456, -0.087349, -0.0, 0.110024, -0.927609, -0.357122, 0.272858, -0.134679, 0.341905, -0.929331, -0.0, 0.0, 0.0, 0.0, 1.0],
                [0.9855, 0.151783, -0.075986, 0.0, 0.116336, -0.930043, -0.348685, 0.272858, -0.123523, 0.334625, -0.933524, 0.0, 0.0, 0.0, 0.0, 1.0],
                [0.986196, 0.153216, -0.062934, 0.0, 0.123308, -0.93288, -0.338561, 0.272858, -0.110518, 0.325966, -0.938209, -0.0, 0.0, 0.0, 0.0, 1.0],
                [0.98677, 0.155402, -0.046371, 0.0, 0.132111, -0.936208, -0.325808, 0.272858, -0.093988, 0.315211, -0.943674, 0.0, 0.0, 0.0, 0.0, 1.0]
            ]
        },
        {
            "name": "Elbow_R",
            "time": [0.0, 0.14],
            "transform": [
                [-1.0, 0.0, 0.0, -0.0, 0.0, -0.0, -1.0, 0.3, -0.0, -1.0, 0.0, 0.0, 0.0, 0.0, 0.0, 1.0],
                [-1.0, 0.0, 0.0, 0.0, 0.0, 0.0, -1.0, 0.3, -0.0, -1.0, 0.0, 0.0, 0.0, 0.0, 0.0, 1.0]
            ]
        },
        {
            "name": "Shoulder_L",
            "time": [0.0, 0.01, 0.02, 0.03, 0.04, 0.05, 0.06, 0.07, 0.08, 0.09, 0.1, 0.11, 0.12, 0.13, 0.14],
            "transform": [
                [0.106751, -0.909437, -0.401905, -0.0, -0.133629, -0.41367, 0.900568, 0.4, -0.985264, -0.04243, -0.165687, 0.0, 0.0, 0.0, 0.0, 1.0],
                [-0.077554, -0.9171, -0.391041, 0.0, -0.103179, -0.382733, 0.918079, 0.4, -0.991635, 0.111548, -0.064943, 0.0, 0.0, 0.0, 0.0, 1.0],
                [-0.298795, -0.898576, -0.321376, -0.0, -0.073683, -0.314032, 0.946549, 0.4, -0.951468, 0.306504, 0.027622, -0.0, 0.0, 0.0, 0.0, 1.0],
                [-0.19737, -0.947575, -0.25129, -0.0, 0.084114, -0.271756, 0.958682, 0.4, -0.976714, 0.168078, 0.133341, -0.0, 0.0, 0.0, 0.0, 1.0],
                [-0.046605, -0.944488, -0.325223, 0.0, 0.104667, -0.328403, 0.93872, 0.4, -0.993415, 0.009709, 0.114162, -0.0, 0.0, 0.0, 0.0, 1.0],
                [-0.035444, -0.940015, -0.339286, -0.0, -0.035469, -0.338102, 0.940439, 0.4, -0.998743, 0.045367, -0.021357, 0.0, 0.0, 0.0, 0.0, 1.0],
                [-0.065776, -0.939376, -0.336521, -0.0, -0.036873, -0.334734, 0.94159, 0.4, -0.997154, 0.074343, -0.01262, 0.0, 0.0, 0.0, 0.0, 1.0],
                [-0.12607, -0.929909, -0.345507, -0.0, -0.025449, -0.34514, 0.938205, 0.4, -0.991695, 0.127072, 0.019847, 0.0, 0.0, 0.0, 0.0, 1.0],
                [-0.153601, -0.925967, -0.344954, 0.0, -0.009117, -0.347754, 0.93754, 0.4, -0.988091, 0.147152, 0.044973, 0.0, 0.0, 0.0, 0.0, 1.0],
                [-0.167543, -0.924408, -0.342637, 0.0, 0.005934, -0.348489, 0.937292, 0.4, -0.985848, 0.155004, 0.063872, -0.0, 0.0, 0.0, 0.0, 1.0],
                [-0.171707, -0.924078, -0.341463, -0.0, 0.018931, -0.349642, 0.93669, 0.4, -0.984968, 0.154372, 0.077529, 0.0, 0.0, 0.0, 0.0, 1.0],
                [-0.167498, -0.923862, -0.344127, 0.0, 0.029481, -0.353596, 0.934932, 0.4, -0.985432, 0.146455, 0.086463, 0.0, 0.0, 0.0, 0.0, 1.0],
                [-0.154372, -0.923551, -0.351031, 0.0, 0.035228, -0.36021, 0.932204, 0.4, -0.987385, 0.13154, 0.088141, 0.0, 0.0, 0.0, 0.0, 1.0],
                [-0.137994, -0.92279, -0.359745, 0.0, 0.038443, -0.367937, 0.929055, 0.4, -0.989687, 0.114374, 0.086248, 0.0, 0.0, 0.0, 0.0, 1.0],
                [-0.113957, -0.921377, -0.371589, 0.0, 0.03916, -0.377901, 0.925015, 0.4, -0.992715, 0.09086, 0.079145, -0.0, 0.0, 0.0, 0.0, 1.0]
            ]
        },
        {
            "name": "Arm_L",
            "time": [0.0, 0.01, 0.02, 0.03, 0.04, 0.05, 0.06, 0.07, 0.08, 0.09, 0.1, 0.11, 0.12, 0.13, 0.14],
            "transform": [
                [0.277007, 0.297374, 0.913693, 0.0, -0.676807, 0.735369, -0.034145, 0.39386, -0.682053, -0.608938, 0.404966, 0.0, 0.0, 0.0, 0.0, 1.0],
                [0.331032, 0.434397, 0.837686, 0.0, -0.711191, 0.698308, -0.081076, 0.39386, -0.620182, -0.568916, 0.540101, -0.0, 0.0, 0.0, 0.0, 1.0],
                [0.534117, 0.476028, 0.698653, -0.0, -0.771843, 0.611753, 0.173251, 0.39386, -0.344931, -0.631787, 0.694167, -0.0, 0.0, 0.0, 0.0, 1.0],
                [0.761903, 0.378707, 0.525439, -0.0, -0.59089, 0.738639, 0.324436, 0.39386, -0.265244, -0.557663, 0.786548, 0.0, 0.0, 0.0, 0.0, 1.0],
                [0.721756, 0.538242, 0.435161, -0.0, -0.509622, 0.838679, -0.192096, 0.39386, -0.468356, -0.08312, 0.879623, 0.0, 0.0, 0.0, 0.0, 1.0],
                [0.741465, 0.611345, 0.276564, -0.0, -0.422688, 0.745666, -0.515087, 0.39386, -0.521121, 0.265017, 0.811296, -0.0, 0.0, 0.0, 0.0, 1.0],
                [0.644045, 0.623439, 0.443317, -0.0, -0.273373, 0.728807, -0.627779, 0.39386, -0.714476, 0.283126, 0.639817, -0.0, 0.0, 0.0, 0.0, 1.0],
                [0.441029, 0.709511, 0.549624, -0.0, -0.296533, 0.693201, -0.656916, 0.39386, -0.847092, 0.126736, 0.516115, -0.0, 0.0, 0.0, 0.0, 1.0],
                [0.360119, 0.69618, 0.621004, 0.0, -0.349189, 0.717865, -0.602276, 0.39386, -0.865092, 4.3e-05, 0.501616, 0.0, 0.0, 0.0, 0.0, 1.0],
                [0.299645, 0.662758, 0.686267, 0.0, -0.37949, 0.742761, -0.551626, 0.39386, -0.875332, -0.095138, 0.474075, 0.0, 0.0, 0.0, 0.0, 1.0],
                [0.250696, 0.618018, 0.74512, 0.0, -0.401837, 0.766688, -0.500713, 0.39386, -0.880728, -0.173889, 0.440549, -0.0, 0.0, 0.0, 0.0, 1.0],
                [0.222, 0.553047, 0.803028, 0.0, -0.410451, 0.800058, -0.437533, 0.39386, -0.884448, -0.23247, 0.404612, -0.0, 0.0, 0.0, 0.0, 1.0],
                [0.21943, 0.486363, 0.845755, 0.0, -0.401456, 0.8351, -0.376082, 0.39386, -0.889206, -0.257009, 0.3785, 0.0, 0.0, 0.0, 0.0, 1.0],
                [0.223719, 0.417146, 0.880873, 0.0, -0.387361, 0.867388, -0.312384, 0.39386, -0.894376, -0.271328, 0.355638, -0.0, 0.0, 0.0, 0.0, 1.0],
                [0.236036, 0.329806, 0.914065, 0.0, -0.365978, 0.90155, -0.230788, 0.393861, -0.900196, -0.280051, 0.3335, 0.0, 0.0, 0.0, 0.0, 1.0]
            ]
        },
        {
            "name": "Hand_L",
            "time": [0.0, 0.01, 0.02, 0.03, 0.04, 0.05, 0.06, 0.07, 0.08, 0.09, 0.1, 0.11, 0.12, 0.13, 0.14],
            "transform": [
                [0.999999, 0.001946, 0.000193, 0.0, -0.000194, 0.197279, -0.980345, 0.3, -0.001946, 0.980348, 0.197278, -0.0, 0.0, 0.0, 0.0, 1.0],
                [0.999998, 0.001954, -0.000106, 0.0, 0.000106, -0.108373, -0.99411, 0.3, -0.001954, 0.994109, -0.108373, 0.0, 0.0, 0.0, 0.0, 1.0],
                [0.999998, 0.001919, -0.000375, 0.0, 0.000375, -0.376099, -0.92658, 0.3, -0.00192, 0.926577, -0.3761, -0.0, 0.0, 0.0, 0.0, 1.0],
                [0.999999, 0.001877, -0.000547, -0.0, 0.000546, -0.537045, -0.843554, 0.3, -0.001877, 0.84355, -0.537046, -0.0, 0.0, 0.0, 0.0, 1.0],
                [0.999999, 0.001898, -0.000472, -0.0, 0.000471, -0.468343, -0.883548, 0.3, -0.001898, 0.883541, -0.468345, 0.0, 0.0, 0.0, 0.0, 1.0],
                [0.999999, 0.001951, -0.000108, -0.0, 0.000107, -0.110123, -0.99392, 0.3, -0.001951, 0.993913, -0.110123, -0.0, 0.0, 0.0, 0.0, 1.0],
                [0.999999, 0.001879, 0.000682, 0.0, -0.000683, 0.641574, -0.76706, 0.3, -0.001879, 0.767057, 0.641576, 0.0, 0.0, 0.0, 0.0, 1.0],
                [0.999999, 0.001711, 0.000944, -0.0, -0.000945, 0.846077, -0.53306, 0.3, -0.001711, 0.533057, 0.846078, -0.0, 0.0, 0.0, 0.0, 1.0],
                [0.999998, 0.001764, 0.000841, -0.0, -0.000842, 0.777161, -0.629301, 0.3, -0.001764, 0.629299, 0.777162, 0.0, 0.0, 0.0, 0.0, 1.0],
                [0.999999, 0.001802, 0.000758, -0.0, -0.000756, 0.713797, -0.700352, 0.3, -0.001803, 0.700348, 0.713798, 0.0, 0.0, 0.0, 0.0, 1.0],
                [0.999998, 0.001838, 0.000664, -0.0, -0.000665, 0.639481, -0.768806, 0.3, -0.001838, 0.768803, 0.639483, 0.0, 0.0, 0.0, 0.0, 1.0],
                [0.999998, 0.001881, 0.000533, -0.0, -0.000534, 0.525064, -0.851064, 0.3, -0.00188, 0.85106, 0.525065, 0.0, 0.0, 0.0, 0.0, 1.0],
                [0.999998, 0.001914, 0.000397, 0.0, -0.000397, 0.397781, -0.917482, 0.3, -0.001914, 0.917477, 0.397782, -0.0, 0.0, 0.0, 0.0, 1.0],
                [0.999998, 0.001937, 0.000262, 0.0, -0.00026, 0.264502, -0.964386, 0.3, -0.001938, 0.964382, 0.264502, 0.0, 0.0, 0.0, 0.0, 1.0],
                [0.999998, 0.001952, 0.0001, 0.0, -0.000101, 0.102787, -0.994706, 0.3, -0.001952, 0.9947, 0.102787, -0.0, 0.0, 0.0, 0.0, 1.0]
            ]
        },
        {
            "name": "Tool_L",
            "time": [0.0, 0.01, 0.02, 0.03, 0.04, 0.05, 0.06, 0.07, 0.08, 0.09, 0.1, 0.11, 0.12, 0.13, 0.14],
            "transform": [
                [0.394382, -0.28745, 0.872508, -0.0, -0.451395, -0.888066, -0.088575, 0.272858, 0.800446, -0.358764, -0.479271, 0.0, 0.0, 0.0, 0.0, 1.0],
                [0.52729, -0.451472, 0.719707, 0.0, -0.566912, -0.818089, -0.097907, 0.272858, 0.632914, -0.356235, -0.686481, -0.0, 0.0, 0.0, 0.0, 1.0],
                [0.427076, -0.521808, 0.738308, -0.0, -0.662562, -0.736528, -0.137261, 0.272858, 0.61532, -0.430401, -0.659455, 0.0, 0.0, 0.0, 0.0, 1.0],
                [0.171789, -0.502227, 0.847175, -0.0, -0.695517, -0.671371, -0.256682, 0.272858, 0.697663, -0.545001, -0.463948, 0.0, 0.0, 0.0, 0.0, 1.0],
                [0.119474, -0.502538, 0.855866, -0.0, -0.577147, -0.737127, -0.35186, 0.272858, 0.80786, -0.451766, -0.377504, 0.0, 0.0, 0.0, 0.0, 1.0],
                [0.163841, -0.523252, 0.835925, -0.0, -0.600492, -0.725699, -0.336222, 0.272858, 0.782672, -0.446723, -0.43244, 0.0, 0.0, 0.0, 0.0, 1.0],
                [-0.127362, -0.221112, 0.966405, -0.0, -0.151955, -0.959048, -0.239164, 0.272858, 0.980044, -0.177236, 0.0884, -0.0, 0.0, 0.0, 0.0, 1.0],
                [-0.316411, -0.332219, 0.888163, -0.0, 0.346906, -0.912386, -0.217565, 0.272858, 0.882916, 0.239137, 0.4033, 0.0, 0.0, 0.0, 0.0, 1.0],
                [-0.142369, -0.221131, 0.964246, -0.0, -0.272839, -0.9283, -0.25281, 0.272858, 0.951466, -0.298941, 0.071699, 0.0, 0.0, 0.0, 0.0, 1.0],
                [-0.051635, -0.232854, 0.970575, -0.0, -0.431007, -0.872212, -0.231846, 0.272858, 0.900877, -0.43014, -0.05523, 0.0, 0.0, 0.0, 0.0, 1.0],
                [0.008979, -0.265935, 0.963402, 0.0, -0.494143, -0.839477, -0.226804, 0.272858, 0.869337, -0.473872, -0.138708, -0.0, 0.0, 0.0, 0.0, 1.0],
                [0.076357, -0.316148, 0.945124, 0.0, -0.556446, -0.80075, -0.222608, 0.272858, 0.827371, -0.508771, -0.236661, 0.0, 0.0, 0.0, 0.0, 1.0],
                [0.133197, -0.368814, 0.919454, -0.0, -0.597658, -0.770587, -0.222257, 0.272858, 0.790614, -0.519775, -0.322535, 0.0, 0.0, 0.0, 0.0, 1.0],
                [0.186249, -0.421239, 0.887222, -0.0, -0.623314, -0.749264, -0.224653, 0.272858, 0.759473, -0.511036, -0.401481, -0.0, 0.0, 0.0, 0.0, 1.0],
                [0.257365, -0.482972, 0.836649, 0.0, -0.640314, -0.734153, -0.226648, 0.272858, 0.723716, -0.477237, -0.497466, -0.0, 0.0, 0.0, 0.0, 1.0]
            ]
        },
        {
            "name": "Elbow_L",
            "time": [0.0, 0.14],
            "transform": [
                [-1.0, 0.0, 0.0, 0.0, 0.0, -0.0, -1.0, 0.3, -0.0, -1.0, -0.0, -0.0, 0.0, 0.0, 0.0, 1.0],
                [-1.0, 0.0, -0.0, 0.0, 0.0, -0.0, -1.0, 0.3, -0.0, -1.0, -0.0, -0.0, 0.0, 0.0, 0.0, 1.0]
            ]
        }
    ]
}