{
    "animation": [
        {
            "name": "Root",
            "time": [0.0, 0.01, 0.02, 0.03, 0.04, 0.05, 0.06, 0.07, 0.08, 0.09, 0.1, 0.11, 0.12, 0.13, 0.14, 0.15, 0.16, 0.17, 0.18, 0.19, 0.2, 0.21, 0.22, 0.23, 0.24, 0.25, 0.26, 0.27, 0.28, 0.29, 0.3, 0.31, 0.32, 0.33, 0.34, 0.35, 0.36, 0.37, 0.38, 0.39, 0.4, 0.41, 0.42, 0.43, 0.44, 0.45, 0.46, 0.47, 0.48, 0.49, 0.5, 0.51, 0.52, 0.53, 0.54, 0.55, 0.56, 0.6, 0.61, 0.62, 0.63, 0.64, 0.65, 0.66, 0.67, 0.68, 0.69, 0.7, 0.71, 0.72, 0.73, 0.74, 0.75, 0.76, 0.77, 0.78, 0.79, 0.8, 0.81, 0.82, 0.83, 0.84, 0.85, 0.86, 0.87, 0.88, 0.89, 0.9, 0.91, 0.92, 0.93, 0.94, 0.95],
            "transform": [
                [0.985301, 0.0, -0.17083, -5e-06, -0.17083, 0.0, -0.985301, 0.000946, 0.0, 1.0, 0.0, 0.674392, 0.0, 0.0, 0.0, 1.0],
                [0.985302, 0.0, -0.170819, 0.00131, -0.170819, 0.0, -0.985302, 0.00853, 0.0, 1.0, 0.0, 0.611348, 0.0, 0.0, 0.0, 1.0],
                [0.985304, 0.0, -0.170809, 0.002423, -0.170809, 0.0, -0.985304, 0.014947, 0.0, 1.0, 0.0, 0.558003, 0.0, 0.0, 0.0, 1.0],
                [0.985306, 0.0, -0.170798, 0.003333, -0.170798, 0.0, -0.985306, 0.020197, 0.0, 1.0, 0.0, 0.514357, 0.0, 0.0, 0.0, 1.0],
                [0.985308, 0.0, -0.170787, 0.004041, -0.170787, 0.0, -0.985308, 0.024281, 0.0, 1.0, 0.0, 0.48041, 0.0, 0.0, 0.0, 1.0],
                [0.98531, 0.0, -0.170777, 0.004547, -0.170777, 0.0, -0.98531, 0.027198, 0.0, 1.0, 0.0, 0.456162, 0.0, 0.0, 0.0, 1.0],
                [0.985312, 0.0, -0.170766, 0.00485, -0.170766, 0.0, -0.985312, 0.028948, 0.0, 1.0, 0.0, 0.441614, 0.0, 0.0, 0.0, 1.0],
                [0.985313, 0.0, -0.170756, 0.004951, -0.170756, 0.0, -0.985313, 0.029531, 0.0, 1.0, 0.0, 0.436764, 0.0, 0.0, 0.0, 1.0],
                [0.985315, 0.0, -0.170745, 0.004951, -0.170745, 0.0, -0.985315, 0.029531, 0.0, 1.0, 0.0, 0.408282, 0.0, 0.0, 0.0, 1.0],
                [0.985317, 0.0, -0.170734, 0.004951, -0.170734, 0.0, -0.985317, 0.029531, 0.0, 1.0, 0.0, 0.387938, 0.0, 0.0, 0.0, 1.0],
                [0.985319, 0.0, -0.170724, 0.004951, -0.170724, 0.0, -0.985319, 0.029531, 0.0, 1.0, 0.0, 0.375732, 0.0, 0.0, 0.0, 1.0],
                [0.985321, 0.0, -0.170713, 0.004951, -0.170713, 0.0, -0.985321, 0.029531, 0.0, 1.0, 0.0, 0.371663, 0.0, 0.0, 0.0, 1.0],
                [0.985319, 2e-06, -0.170722, -0.023283, -0.170643, -0.030504, -0.984861, -0.120305, -0.005209, 0.999535, -0.030056, 0.884814, 0.0, 0.0, 0.0, 1.0],
                [0.985312, 2e-06, -0.170764, -0.049181, -0.170471, -0.058489, -0.983625, -0.257743, -0.00999, 0.998288, -0.05763, 1.355505, 0.0, 0.0, 0.0, 1.0],
                [0.985301, -0.0, -0.17083, -0.072837, -0.170226, -0.084027, -0.981816, -0.383278, -0.014354, 0.996463, -0.082792, 1.785428, 0.0, 0.0, 0.0, 1.0],
                [0.985301, -0.0, -0.17083, -0.094342, -0.169846, -0.107202, -0.979622, -0.497403, -0.018313, 0.994237, -0.105627, 2.176277, 0.0, 0.0, 0.0, 1.0],
                [0.985301, -0.0, -0.17083, -0.11379, -0.169422, -0.128111, -0.977181, -0.600613, -0.021885, 0.99176, -0.126228, 2.529744, 0.0, 0.0, 0.0, 1.0],
                [0.985301, -0.0, -0.17083, -0.131275, -0.168978, -0.146856, -0.974618, -0.693403, -0.025087, 0.989158, -0.144697, 2.847527, 0.0, 0.0, 0.0, 1.0],
                [0.985301, 0.0, -0.17083, -0.14689, -0.16853, -0.163545, -0.972034, -0.776267, -0.027938, 0.986536, -0.161141, 3.131315, 0.0, 0.0, 0.0, 1.0],
                [0.985301, -0.0, -0.17083, -0.160727, -0.168093, -0.178289, -0.969514, -0.8497, -0.030457, 0.983978, -0.175668, 3.382804, 0.0, 0.0, 0.0, 1.0],
                [0.985301, 0.0, -0.17083, -0.17288, -0.167678, -0.191199, -0.967123, -0.914196, -0.032662, 0.981551, -0.188388, 3.603687, 0.0, 0.0, 0.0, 1.0],
                [0.9853, -0.0, -0.170835, -0.183443, -0.167299, -0.202386, -0.96491, -0.97025, -0.034574, 0.979306, -0.199411, 3.795658, 0.0, 0.0, 0.0, 1.0],
                [0.985301, -0.0, -0.17083, -0.192508, -0.166948, -0.211961, -0.962913, -1.018356, -0.036209, 0.977278, -0.208846, 3.96041, 0.0, 0.0, 0.0, 1.0],
                [0.985299, -1e-06, -0.170841, -0.200168, -0.166654, -0.220033, -0.961151, -1.059009, -0.037589, 0.975492, -0.216798, 4.099636, 0.0, 0.0, 0.0, 1.0],
                [0.985299, -1e-06, -0.170841, -0.206518, -0.166393, -0.226709, -0.959644, -1.092704, -0.03873, 0.973963, -0.223376, 4.215031, 0.0, 0.0, 0.0, 1.0],
                [0.985301, -0.0, -0.17083, -0.211649, -0.166165, -0.232094, -0.958395, -1.119934, -0.039649, 0.972693, -0.228683, 4.308288, 0.0, 0.0, 0.0, 1.0],
                [0.985292, -6e-06, -0.170881, -0.215655, -0.166043, -0.236292, -0.95739, -1.141195, -0.040372, 0.971682, -0.232818, 4.3811, 0.0, 0.0, 0.0, 1.0],
                [0.985285, -1.1e-05, -0.170921, -0.21863, -0.165953, -0.239405, -0.956632, -1.15698, -0.040909, 0.97092, -0.235884, 4.435162, 0.0, 0.0, 0.0, 1.0],
                [0.985279, -1.5e-05, -0.170952, -0.220666, -0.165894, -0.241534, -0.956107, -1.167785, -0.041276, 0.970392, -0.237981, 4.472166, 0.0, 0.0, 0.0, 1.0],
                [0.985277, -8.3e-05, -0.170965, -0.221856, -0.16587, -0.242773, -0.955797, -1.174104, -0.041426, 0.970083, -0.239213, 4.493806, 0.0, 0.0, 0.0, 1.0],
                [0.985276, -8.1e-05, -0.170972, -0.222295, -0.165857, -0.243222, -0.955685, -1.176431, -0.041506, 0.969971, -0.239654, 4.501777, 0.0, 0.0, 0.0, 1.0],
                [0.985274, -1.9e-05, -0.170985, -0.222074, -0.165865, -0.242997, -0.955741, -1.175261, -0.04153, 0.970027, -0.239422, 4.49777, 0.0, 0.0, 0.0, 1.0],
                [0.985273, -4.2e-05, -0.170989, -0.221288, -0.165909, -0.242183, -0.95594, -1.171089, -0.041371, 0.970231, -0.238623, 4.483481, 0.0, 0.0, 0.0, 1.0],
                [0.985273, -1.9e-05, -0.170986, -0.220029, -0.165957, -0.240869, -0.956264, -1.164409, -0.041167, 0.970558, -0.237325, 4.460603, 0.0, 0.0, 0.0, 1.0],
                [0.985275, -1.8e-05, -0.170977, -0.218391, -0.166019, -0.239155, -0.956683, -1.155715, -0.040873, 0.970981, -0.235637, 4.430829, 0.0, 0.0, 0.0, 1.0],
                [0.985277, -1.6e-05, -0.170964, -0.216467, -0.166091, -0.237141, -0.957172, -1.145502, -0.040527, 0.971475, -0.233653, 4.395852, 0.0, 0.0, 0.0, 1.0],
                [0.98528, -1.4e-05, -0.17095, -0.214349, -0.166169, -0.234924, -0.957705, -1.134265, -0.040146, 0.972014, -0.231468, 4.357367, 0.0, 0.0, 0.0, 1.0],
                [0.985282, -1.3e-05, -0.170935, -0.212132, -0.166249, -0.2326, -0.958258, -1.122498, -0.039747, 0.972573, -0.229179, 4.317067, 0.0, 0.0, 0.0, 1.0],
                [0.985285, -1.1e-05, -0.17092, -0.209908, -0.166329, -0.230267, -0.958807, -1.110695, -0.039347, 0.973127, -0.226881, 4.276646, 0.0, 0.0, 0.0, 1.0],
                [0.985287, -9e-06, -0.170906, -0.20777, -0.166405, -0.228024, -0.95933, -1.099351, -0.038962, 0.973656, -0.22467, 4.237796, 0.0, 0.0, 0.0, 1.0],
                [0.985289, -7e-06, -0.170894, -0.205812, -0.166475, -0.225967, -0.959804, -1.088961, -0.038609, 0.974135, -0.222645, 4.202213, 0.0, 0.0, 0.0, 1.0],
                [0.985291, -6e-06, -0.170885, -0.204127, -0.166536, -0.224197, -0.960209, -1.080019, -0.038306, 0.974544, -0.2209, 4.171588, 0.0, 0.0, 0.0, 1.0],
                [0.985292, -6e-06, -0.17088, -0.202808, -0.166586, -0.22281, -0.960523, -1.07302, -0.038068, 0.974862, -0.219534, 4.147617, 0.0, 0.0, 0.0, 1.0],
                [0.985291, 1.9e-05, -0.170885, -0.201949, -0.16662, -0.221912, -0.960725, -1.068457, -0.03794, 0.975067, -0.218644, 4.131993, 0.0, 0.0, 0.0, 1.0],
                [0.985291, -6e-06, -0.170885, -0.201641, -0.166638, -0.221583, -0.960798, -1.066827, -0.037859, 0.975142, -0.218324, 4.126408, 0.0, 0.0, 0.0, 1.0],
                [0.985297, -2e-06, -0.170852, -0.18917, -0.166771, -0.217278, -0.961758, -1.065621, -0.03712, 0.97611, -0.214084, 4.158274, 0.0, 0.0, 0.0, 1.0],
                [0.985295, 4e-05, -0.170864, -0.187432, -0.166796, -0.216687, -0.961887, -1.065453, -0.037063, 0.976241, -0.213494, 4.162715, 0.0, 0.0, 0.0, 1.0],
                [0.985294, -4e-06, -0.170867, -0.188593, -0.166794, -0.217078, -0.961799, -1.065565, -0.037088, 0.976154, -0.213887, 4.159748, 0.0, 0.0, 0.0, 1.0],
                [0.985301, 0.0, -0.17083, -0.184206, -0.166941, -0.21216, -0.96287, -1.065141, -0.036243, 0.977235, -0.209041, 4.214252, 0.0, 0.0, 0.0, 1.0],
                [0.9853, 0.00011, -0.170836, -0.182755, -0.166983, -0.210551, -0.963216, -1.065001, -0.036075, 0.977583, -0.207437, 4.232275, 0.0, 0.0, 0.0, 1.0],
                [0.985301, 6.6e-05, -0.170825, -0.182882, -0.166978, -0.210679, -0.963189, -1.065024, -0.036053, 0.977555, -0.207571, 4.230703, 0.0, 0.0, 0.0, 1.0],
                [0.985302, 1e-06, -0.170823, -0.183226, -0.166975, -0.21106, -0.963106, -1.065047, -0.036055, 0.977473, -0.207958, 4.226427, 0.0, 0.0, 0.0, 1.0],
                [0.985306, 3e-06, -0.170798, -0.184231, -0.167056, -0.208181, -0.963718, -1.065144, -0.03556, 0.97809, -0.205121, 4.225571, 0.0, 0.0, 0.0, 1.0],
                [0.985307, 7.7e-05, -0.170793, -0.18478, -0.167092, -0.206614, -0.964049, -1.065146, -0.035363, 0.978422, -0.203566, 4.225103, 0.0, 0.0, 0.0, 1.0],
                [0.985307, 6.7e-05, -0.170793, -0.184995, -0.167116, -0.206005, -0.964175, -1.065148, -0.035249, 0.978551, -0.202967, 4.22492, 0.0, 0.0, 0.0, 1.0],
                [0.985308, 4e-06, -0.170788, -0.184952, -0.167124, -0.205994, -0.964176, -1.06515, -0.035186, 0.978553, -0.202967, 4.224957, 0.0, 0.0, 0.0, 1.0],
                [0.985308, -1.7e-05, -0.170787, -0.184909, -0.167118, -0.206242, -0.964124, -1.065152, -0.035207, 0.978501, -0.203215, 4.224994, 0.0, 0.0, 0.0, 1.0],
                [0.985307, -1.5e-05, -0.170791, -0.184903, -0.167122, -0.206259, -0.96412, -1.065161, -0.035213, 0.978498, -0.20323, 4.225041, 0.0, 0.0, 0.0, 1.0],
                [0.985307, -1.4e-05, -0.170792, -0.184902, -0.167122, -0.206263, -0.964119, -1.065163, -0.035214, 0.978497, -0.203234, 4.224754, 0.0, 0.0, 0.0, 1.0],
                [0.985307, -1.4e-05, -0.170793, -0.1849, -0.167123, -0.206267, -0.964118, -1.065165, -0.035215, 0.978496, -0.203238, 4.222741, 0.0, 0.0, 0.0, 1.0],
                [0.985307, -1.4e-05, -0.170794, -0.184899, -0.167124, -0.206271, -0.964117, -1.065167, -0.035217, 0.978495, -0.203242, 4.217278, 0.0, 0.0, 0.0, 1.0],
                [0.985307, -1.3e-05, -0.170795, -0.184897, -0.167125, -0.206275, -0.964116, -1.065169, -0.035218, 0.978494, -0.203246, 4.206637, 0.0, 0.0, 0.0, 1.0],
                [0.985306, -1.3e-05, -0.170797, -0.184896, -0.167126, -0.206279, -0.964115, -1.065171, -0.035219, 0.978493, -0.20325, 4.189096, 0.0, 0.0, 0.0, 1.0],
                [0.985306, -1.2e-05, -0.170798, -0.184894, -0.167127, -0.206283, -0.964114, -1.065174, -0.035221, 0.978492, -0.203254, 4.162929, 0.0, 0.0, 0.0, 1.0],
                [0.985306, -1.2e-05, -0.170799, -0.184893, -0.167128, -0.206287, -0.964113, -1.065176, -0.035222, 0.978491, -0.203258, 4.126408, 0.0, 0.0, 0.0, 1.0],
                [0.985306, -1.1e-05, -0.1708, -0.184891, -0.167128, -0.206291, -0.964112, -1.065178, -0.035223, 0.978491, -0.203262, 4.12479, 0.0, 0.0, 0.0, 1.0],
                [0.985306, -1.1e-05, -0.170801, -0.18489, -0.167129, -0.206295, -0.964111, -1.06518, -0.035225, 0.97849, -0.203266, 4.113465, 0.0, 0.0, 0.0, 1.0],
                [0.985305, -1.1e-05, -0.170802, -0.184888, -0.16713, -0.206299, -0.96411, -1.065182, -0.035226, 0.978489, -0.20327, 4.082726, 0.0, 0.0, 0.0, 1.0],
                [0.985305, -1e-05, -0.170803, -0.184887, -0.167131, -0.206304, -0.964109, -1.065184, -0.035227, 0.978488, -0.203274, 4.022864, 0.0, 0.0, 0.0, 1.0],
                [0.985305, -1e-05, -0.170804, -0.184886, -0.167132, -0.206308, -0.964108, -1.065186, -0.035229, 0.978487, -0.203278, 3.924174, 0.0, 0.0, 0.0, 1.0],
                [0.985305, -9e-06, -0.170805, -0.184884, -0.167133, -0.206312, -0.964107, -1.065188, -0.03523, 0.978486, -0.203281, 3.776947, 0.0, 0.0, 0.0, 1.0],
                [0.985305, -9e-06, -0.170807, -0.184883, -0.167134, -0.206316, -0.964106, -1.06519, -0.035232, 0.978485, -0.203285, 3.571477, 0.0, 0.0, 0.0, 1.0],
                [0.985304, -8e-06, -0.170808, -0.184881, -0.167134, -0.20632, -0.964105, -1.065193, -0.035233, 0.978485, -0.203289, 3.298056, 0.0, 0.0, 0.0, 1.0],
                [0.985304, -8e-06, -0.170809, -0.18488, -0.167135, -0.206324, -0.964104, -1.065195, -0.035234, 0.978484, -0.203293, 2.946977, 0.0, 0.0, 0.0, 1.0],
                [0.985304, -8e-06, -0.17081, -0.184878, -0.167136, -0.206328, -0.964103, -1.065197, -0.035236, 0.978483, -0.203297, 2.508533, 0.0, 0.0, 0.0, 1.0],
                [0.985304, -7e-06, -0.170811, -0.184877, -0.167137, -0.206332, -0.964102, -1.065199, -0.035237, 0.978482, -0.203301, 1.973016, 0.0, 0.0, 0.0, 1.0],
                [0.985304, -7e-06, -0.170812, -0.184875, -0.167138, -0.206336, -0.964101, -1.065201, -0.035238, 0.978481, -0.203305, 1.33072, 0.0, 0.0, 0.0, 1.0],
                [0.985303, -6e-06, -0.170813, -0.184874, -0.167139, -0.20634, -0.9641, -1.065203, -0.03524, 0.97848, -0.203309, 0.571936, 0.0, 0.0, 0.0, 1.0],
                [0.985303, -6e-06, -0.170814, -0.184873, -0.16714, -0.206344, -0.964099, -1.074411, -0.035241, 0.978479, -0.203313, 0.558625, 0.0, 0.0, 0.0, 1.0],
                [0.985303, -6e-06, -0.170816, -0.184871, -0.16714, -0.206349, -0.964098, -1.102036, -0.035242, 0.978479, -0.203317, 0.51869, 0.0, 0.0, 0.0, 1.0],
                [0.985303, -5e-06, -0.170817, -0.18487, -0.167141, -0.206353, -0.964097, -1.148077, -0.035244, 0.978478, -0.203321, 0.484807, 0.0, 0.0, 0.0, 1.0],
                [0.985303, -5e-06, -0.170818, -0.184868, -0.167142, -0.206357, -0.964096, -1.148077, -0.035245, 0.978477, -0.203325, 0.486005, 0.0, 0.0, 0.0, 1.0],
                [0.985302, -4e-06, -0.170819, -0.184867, -0.167143, -0.206361, -0.964095, -1.148077, -0.035246, 0.978476, -0.203329, 0.489598, 0.0, 0.0, 0.0, 1.0],
                [0.985302, -4e-06, -0.17082, -0.184865, -0.167144, -0.206365, -0.964094, -1.148077, -0.035248, 0.978475, -0.203333, 0.495586, 0.0, 0.0, 0.0, 1.0],
                [0.985302, -3e-06, -0.170821, -0.184864, -0.167145, -0.206369, -0.964093, -1.148077, -0.035249, 0.978474, -0.203336, 0.50397, 0.0, 0.0, 0.0, 1.0],
                [0.985302, -3e-06, -0.170822, -0.184862, -0.167146, -0.206373, -0.964092, -1.148077, -0.03525, 0.978473, -0.20334, 0.51475, 0.0, 0.0, 0.0, 1.0],
                [0.985302, -3e-06, -0.170823, -0.184861, -0.167146, -0.206377, -0.964091, -1.148077, -0.035252, 0.978473, -0.203344, 0.527924, 0.0, 0.0, 0.0, 1.0],
                [0.985301, -2e-06, -0.170824, -0.184859, -0.167147, -0.206381, -0.96409, -1.148077, -0.035253, 0.978472, -0.203348, 0.543495, 0.0, 0.0, 0.0, 1.0],
                [0.985301, -2e-06, -0.170826, -0.184858, -0.167148, -0.206385, -0.964088, -1.148077, -0.035254, 0.978471, -0.203352, 0.56146, 0.0, 0.0, 0.0, 1.0],
                [0.985301, -1e-06, -0.170827, -0.184857, -0.167149, -0.20639, -0.964087, -1.148077, -0.035256, 0.97847, -0.203356, 0.581821, 0.0, 0.0, 0.0, 1.0],
                [0.985301, -1e-06, -0.170828, -0.184855, -0.16715, -0.206394, -0.964086, -1.148077, -0.035257, 0.978469, -0.20336, 0.604578, 0.0, 0.0, 0.0, 1.0],
                [0.985301, -0.0, -0.170829, -0.184854, -0.167151, -0.206398, -0.964085, -1.148077, -0.035258, 0.978468, -0.203364, 0.629729, 0.0, 0.0, 0.0, 1.0],
                [0.985301, 0.0, -0.17083, -0.184852, -0.167152, -0.206402, -0.964084, -1.148077, -0.03526, 0.978467, -0.203368, 0.629729, 0.0, 0.0, 0.0, 1.0]
            ]
        },
        {
            "name": "Thigh_R",
            "time": [0.0, 0.01, 0.02, 0.03, 0.04, 0.05, 0.06, 0.07, 0.08, 0.09, 0.1, 0.11, 0.12, 0.13, 0.14, 0.15, 0.16, 0.17, 0.18, 0.19, 0.2, 0.21, 0.22, 0.23, 0.24, 0.25, 0.26, 0.27, 0.28, 0.29, 0.3, 0.31, 0.32, 0.33, 0.34, 0.35, 0.36, 0.37, 0.38, 0.39, 0.4, 0.41, 0.42, 0.43, 0.44, 0.45, 0.46, 0.47, 0.48, 0.49, 0.5, 0.51, 0.52, 0.53, 0.54, 0.55, 0.56, 0.57, 0.58, 0.6, 0.61, 0.62, 0.63, 0.64, 0.65, 0.66, 0.67, 0.68, 0.69, 0.7, 0.71, 0.72, 0.73, 0.74, 0.75, 0.76, 0.77, 0.78, 0.79, 0.8, 0.81, 0.82, 0.83, 0.84, 0.85, 0.86, 0.87, 0.88, 0.89, 0.9, 0.91, 0.92, 0.93, 0.94, 0.95],
            "transform": [
                [0.981239, 0.150329, -0.120712, 0.124994, 0.192019, -0.818181, 0.541948, -0.002831, -0.017294, -0.55496, -0.831697, -1.2e-05, 0.0, 0.0, 0.0, 1.0],
                [0.979653, 0.139707, -0.144096, 0.124994, 0.20031, -0.635654, 0.745534, -0.002831, 0.012561, -0.759227, -0.650704, -1.2e-05, 0.0, 0.0, 0.0, 1.0],
                [0.977305, 0.139589, -0.159346, 0.124994, 0.208654, -0.504324, 0.837927, -0.002831, 0.036603, -0.852157, -0.522004, -1.2e-05, 0.0, 0.0, 0.0, 1.0],
                [0.974673, 0.142066, -0.172714, 0.124994, 0.216153, -0.400345, 0.890507, -0.002831, 0.057366, -0.905285, -0.420913, -1.2e-05, 0.0, 0.0, 0.0, 1.0],
                [0.972165, 0.146121, -0.183155, 0.124994, 0.221598, -0.319513, 0.921307, -0.002831, 0.076102, -0.936248, -0.342999, -1.2e-05, 0.0, 0.0, 0.0, 1.0],
                [0.970129, 0.151977, -0.189089, 0.124994, 0.223907, -0.260956, 0.939025, -0.002831, 0.093366, -0.953313, -0.28719, -1.2e-05, 0.0, 0.0, 0.0, 1.0],
                [0.96883, 0.159956, -0.189163, 0.124994, 0.222324, -0.2246, 0.94875, -0.002831, 0.109272, -0.961233, -0.253161, -1.2e-05, 0.0, 0.0, 0.0, 1.0],
                [0.968401, 0.170054, -0.182433, 0.124994, 0.216577, -0.210677, 0.953263, -0.002831, 0.123672, -0.962651, -0.24085, -1.2e-05, 0.0, 0.0, 0.0, 1.0],
                [0.965217, 0.167063, -0.201117, 0.124994, 0.22509, -0.139632, 0.964281, -0.002831, 0.133013, -0.976009, -0.17238, -1.2e-05, 0.0, 0.0, 0.0, 1.0],
                [0.962695, 0.165822, -0.213828, 0.124994, 0.230372, -0.087734, 0.96914, -0.002831, 0.141945, -0.982245, -0.122662, -1.2e-05, 0.0, 0.0, 0.0, 1.0],
                [0.961089, 0.16735, -0.219778, 0.124994, 0.231773, -0.055634, 0.971178, -0.002831, 0.1503, -0.984327, -0.092256, -1.2e-05, 0.0, 0.0, 0.0, 1.0],
                [0.960536, 0.172186, -0.218457, 0.124994, 0.229024, -0.043856, 0.972432, -0.002831, 0.157859, -0.984088, -0.08156, -1.2e-05, 0.0, 0.0, 0.0, 1.0],
                [0.979751, 0.200198, 0.003272, 0.124994, 0.108037, -0.54234, 0.833184, -0.002831, 0.168576, -0.815958, -0.552986, -1.2e-05, 0.0, 0.0, 0.0, 1.0],
                [0.983753, 0.125062, 0.128802, 0.124994, 0.05807, -0.900542, 0.430874, -0.002831, 0.169878, -0.416394, -0.893173, -1.2e-05, 0.0, 0.0, 0.0, 1.0],
                [0.98463, 0.098576, 0.144178, 0.124994, 0.033906, -0.917678, 0.395875, -0.002831, 0.171332, -0.384902, -0.906916, -1.2e-05, 0.0, 0.0, 0.0, 1.0],
                [0.984946, 0.081039, 0.152693, 0.124994, 0.018737, -0.92815, 0.371733, -0.002831, 0.171847, -0.363276, -0.915696, -1.2e-05, 0.0, 0.0, 0.0, 1.0],
                [0.985085, 0.067854, 0.158125, 0.124994, 0.007211, -0.934435, 0.356059, -0.002831, 0.171918, -0.349609, -0.920988, -1.2e-05, 0.0, 0.0, 0.0, 1.0],
                [0.985143, 0.056631, 0.162134, 0.124994, -0.003403, -0.937447, 0.348112, -0.002831, 0.171706, -0.343491, -0.923326, -1.2e-05, 0.0, 0.0, 0.0, 1.0],
                [0.985115, 0.045816, 0.165684, 0.124994, -0.014975, -0.937293, 0.348219, -0.002831, 0.171249, -0.345517, -0.922655, -1.2e-05, 0.0, 0.0, 0.0, 1.0],
                [0.984918, 0.034085, 0.169632, 0.124994, -0.029313, -0.93336, 0.357742, -0.002831, 0.170522, -0.357319, -0.918284, -1.2e-05, 0.0, 0.0, 0.0, 1.0],
                [0.984328, 0.019912, 0.175224, 0.124994, -0.048855, -0.923927, 0.379436, -0.002831, 0.169449, -0.382049, -0.908474, -1.2e-05, 0.0, 0.0, 0.0, 1.0],
                [0.982751, 0.001007, 0.184931, 0.124994, -0.077797, -0.904947, 0.418351, -0.002831, 0.167775, -0.425522, -0.889259, -1.2e-05, 0.0, 0.0, 0.0, 1.0],
                [0.983521, 0.005306, 0.180718, 0.124994, -0.06553, -0.92114, 0.383676, -0.002831, 0.168502, -0.389196, -0.905612, -1.2e-05, 0.0, 0.0, 0.0, 1.0],
                [0.983915, 0.007979, 0.178462, 0.124994, -0.058096, -0.930406, 0.361895, -0.002831, 0.16893, -0.366442, -0.914977, -1.2e-05, 0.0, 0.0, 0.0, 1.0],
                [0.984113, 0.009489, 0.177289, 0.124994, -0.053885, -0.935504, 0.349183, -0.00283, 0.169168, -0.353188, -0.92013, -1.2e-05, 0.0, 0.0, 0.0, 1.0],
                [0.984191, 0.01007, 0.176824, 0.124994, -0.052124, -0.937697, 0.343523, -0.002831, 0.169267, -0.347309, -0.922348, -1.2e-05, 0.0, 0.0, 0.0, 1.0],
                [0.984178, 0.009838, 0.176913, 0.124994, -0.052437, -0.937561, 0.343846, -0.002831, 0.16925, -0.347682, -0.92221, -1.2e-05, 0.0, 0.0, 0.0, 1.0],
                [0.984078, 0.008837, 0.177522, 0.124994, -0.054673, -0.935289, 0.349636, -0.00283, 0.169124, -0.353775, -0.919913, -1.2e-05, 0.0, 0.0, 0.0, 1.0],
                [0.983878, 0.007065, 0.178705, 0.124994, -0.058841, -0.930803, 0.360755, -0.002831, 0.168888, -0.365454, -0.91538, -1.2e-05, 0.0, 0.0, 0.0, 1.0],
                [0.983546, 0.004473, 0.180605, 0.124994, -0.06509, -0.923781, 0.377349, -0.002831, 0.168527, -0.382896, -0.908289, -1.2e-05, 0.0, 0.0, 0.0, 1.0],
                [0.983024, 0.000971, 0.183479, 0.124994, -0.073724, -0.913623, 0.399823, -0.002831, 0.168019, -0.406562, -0.898041, -1.2e-05, 0.0, 0.0, 0.0, 1.0],
                [0.98221, -0.003583, 0.187752, 0.124994, -0.08525, -0.89936, 0.428817, -0.002831, 0.16732, -0.437194, -0.883666, -1.2e-05, 0.0, 0.0, 0.0, 1.0],
                [0.980933, -0.009389, 0.194121, 0.124994, -0.100476, -0.879492, 0.465185, -0.002831, 0.16636, -0.47582, -0.863666, -1.2e-05, 0.0, 0.0, 0.0, 1.0],
                [0.978879, -0.016717, 0.203759, 0.124994, -0.120681, -0.851733, 0.509888, -0.002831, 0.165025, -0.523709, -0.835761, -1.2e-05, 0.0, 0.0, 0.0, 1.0],
                [0.975451, -0.025905, 0.218687, 0.124994, -0.147956, -0.812623, 0.563695, -0.002831, 0.163108, -0.582213, -0.796507, -1.2e-05, 0.0, 0.0, 0.0, 1.0],
                [0.9694, 0.054208, 0.23943, 0.124994, -0.183873, -0.485877, 0.854467, -0.002831, 0.162652, -0.872345, -0.461041, -1.2e-05, 0.0, 0.0, 0.0, 1.0],
                [0.957876, 0.113662, 0.263734, 0.124994, -0.238534, -0.196515, 0.951043, -0.002831, 0.159925, -0.97389, -0.161125, -1.2e-05, 0.0, 0.0, 0.0, 1.0],
                [0.953505, 0.133242, 0.270325, 0.124994, -0.256061, -0.114868, 0.959812, -0.00283, 0.158939, -0.984405, -0.075409, -1.2e-05, 0.0, 0.0, 0.0, 1.0],
                [0.948163, 0.153259, 0.278388, 0.124994, -0.275937, -0.037475, 0.960445, -0.002831, 0.15763, -0.987475, 0.006758, -1.2e-05, 0.0, 0.0, 0.0, 1.0],
                [0.942012, 0.17324, 0.287404, 0.124994, -0.297083, 0.032232, 0.954308, -0.00283, 0.15606, -0.984352, 0.081829, -1.2e-05, 0.0, 0.0, 0.0, 1.0],
                [0.935528, 0.19201, 0.296513, 0.124994, -0.317734, 0.09055, 0.943846, -0.00283, 0.154379, -0.977206, 0.14572, -1.2e-05, 0.0, 0.0, 0.0, 1.0],
                [0.929614, 0.2078, 0.304364, 0.124994, -0.335341, 0.134415, 0.932459, -0.002832, 0.152854, -0.968892, 0.194638, -1.2e-05, 0.0, 0.0, 0.0, 1.0],
                [0.925592, 0.218009, 0.309438, 0.124994, -0.346728, 0.160357, 0.924157, -0.002831, 0.151855, -0.962683, 0.224015, -1.2e-05, 0.0, 0.0, 0.0, 1.0],
                [0.924869, 0.220043, 0.31016, 0.124994, -0.34869, 0.165194, 0.922565, -0.002832, 0.151767, -0.961401, 0.229509, -1.2e-05, 0.0, 0.0, 0.0, 1.0],
                [0.928299, 0.211986, 0.305488, 0.124994, -0.338979, 0.144813, 0.929582, -0.002831, 0.15282, -0.966484, 0.206288, -1.2e-05, 0.0, 0.0, 0.0, 1.0],
                [0.934076, 0.172035, 0.312899, 0.124994, -0.322102, 0.027733, 0.946299, -0.002831, 0.154119, -0.9847, 0.081318, -1.2e-05, 0.0, 0.0, 0.0, 1.0],
                [0.982555, 0.047706, 0.179749, 0.124994, -0.077295, -0.774341, 0.62803, -0.002832, 0.169148, -0.630967, -0.757145, -1.2e-05, 0.0, 0.0, 0.0, 1.0],
                [0.98514, 0.022599, 0.170261, 0.124994, -0.007453, -0.984748, 0.173827, -0.002831, 0.171592, -0.172513, -0.969946, -1.2e-05, 0.0, 0.0, 0.0, 1.0],
                [0.98478, 0.03546, 0.170153, 0.124994, 0.018735, -0.99492, 0.098909, -0.00283, 0.172795, -0.094216, -0.980441, -1.2e-05, 0.0, 0.0, 0.0, 1.0],
                [0.984441, 0.041226, 0.170815, 0.124994, 0.029358, -0.997013, 0.071436, -0.002831, 0.17325, -0.065309, -0.98271, -1.2e-05, 0.0, 0.0, 0.0, 1.0],
                [0.984282, 0.043847, 0.171075, 0.124994, 0.033366, -0.997413, 0.063668, -0.002831, 0.173424, -0.05696, -0.983199, -1.2e-05, 0.0, 0.0, 0.0, 1.0],
                [0.98426, 0.044566, 0.171015, 0.124994, 0.034173, -0.997413, 0.063241, -0.00283, 0.173391, -0.056402, -0.983236, -1.2e-05, 0.0, 0.0, 0.0, 1.0],
                [0.984264, 0.044955, 0.170891, 0.124994, 0.033951, -0.99719, 0.066777, -0.002831, 0.173413, -0.059925, -0.983024, -1.2e-05, 0.0, 0.0, 0.0, 1.0],
                [0.984268, 0.045325, 0.170772, 0.124994, 0.033748, -0.996969, 0.070096, -0.002831, 0.173432, -0.06323, -0.982814, -1.2e-05, 0.0, 0.0, 0.0, 1.0],
                [0.984275, 0.045984, 0.170554, 0.124994, 0.033572, -0.996621, 0.074955, -0.002831, 0.173425, -0.068051, -0.982493, -1.2e-05, 0.0, 0.0, 0.0, 1.0],
                [0.984285, 0.047159, 0.170173, 0.124994, 0.03332, -0.995969, 0.083283, -0.002831, 0.173414, -0.076304, -0.981888, -1.2e-05, 0.0, 0.0, 0.0, 1.0],
                [0.984303, 0.049158, 0.169506, 0.124994, 0.032898, -0.994698, 0.097437, -0.002831, 0.173397, -0.090331, -0.980701, -1.2e-05, 0.0, 0.0, 0.0, 1.0],
                [0.984331, 0.052408, 0.168362, 0.124994, 0.032189, -0.992173, 0.120651, -0.002831, 0.173368, -0.113341, -0.978313, -1.2e-05, 0.0, 0.0, 0.0, 1.0],
                [0.984376, 0.057528, 0.166416, 0.124994, 0.031045, -0.98702, 0.157565, -0.002831, 0.173321, -0.149936, -0.973385, -1.2e-05, 0.0, 0.0, 0.0, 1.0],
                [0.984366, 0.057602, 0.16645, 0.124994, 0.031113, -0.987018, 0.157566, -0.002831, 0.173366, -0.149923, -0.973379, -1.2e-05, 0.0, 0.0, 0.0, 1.0],
                [0.984361, 0.057619, 0.166476, 0.124994, 0.031168, -0.987053, 0.157334, -0.002831, 0.173386, -0.149684, -0.973412, -1.2e-05, 0.0, 0.0, 0.0, 1.0],
                [0.984354, 0.057522, 0.166551, 0.124994, 0.031347, -0.987304, 0.155717, -0.00283, 0.173394, -0.14806, -0.97366, -1.2e-05, 0.0, 0.0, 0.0, 1.0],
                [0.984348, 0.057191, 0.166699, 0.124994, 0.031765, -0.987966, 0.151375, -0.002831, 0.17335, -0.14371, -0.974319, -1.2e-05, 0.0, 0.0, 0.0, 1.0],
                [0.98431, 0.056742, 0.167076, 0.124994, 0.032711, -0.98915, 0.143219, -0.002831, 0.173389, -0.135507, -0.975486, -1.2e-05, 0.0, 0.0, 0.0, 1.0],
                [0.98425, 0.056039, 0.167668, 0.124994, 0.034177, -0.990854, 0.130539, -0.002831, 0.17345, -0.122752, -0.977163, -1.2e-05, 0.0, 0.0, 0.0, 1.0],
                [0.984164, 0.055065, 0.168491, 0.124994, 0.03617, -0.992911, 0.113223, -0.00283, 0.173531, -0.105335, -0.979179, -1.2e-05, 0.0, 0.0, 0.0, 1.0],
                [0.984054, 0.05384, 0.16953, 0.124994, 0.038623, -0.995026, 0.091816, -0.002831, 0.17363, -0.083804, -0.981239, -1.2e-05, 0.0, 0.0, 0.0, 1.0],
                [0.984038, 0.053674, 0.169672, 0.124994, 0.038952, -0.995275, 0.088937, -0.002831, 0.173644, -0.080909, -0.981479, -1.2e-05, 0.0, 0.0, 0.0, 1.0],
                [0.983937, 0.052583, 0.1706, 0.124994, 0.041084, -0.996683, 0.070253, -0.002831, 0.173729, -0.062116, -0.982832, -1.2e-05, 0.0, 0.0, 0.0, 1.0],
                [0.983702, 0.050166, 0.17267, 0.124994, 0.045683, -0.99851, 0.029842, -0.002831, 0.17391, -0.021468, -0.984527, -1.2e-05, 0.0, 0.0, 0.0, 1.0],
                [0.98337, 0.046954, 0.175439, 0.124994, 0.051574, -0.99843, -0.021868, -0.00283, 0.174137, 0.030552, -0.984247, -1.2e-05, 0.0, 0.0, 0.0, 1.0],
                [0.983031, 0.043875, 0.178115, 0.124994, 0.05705, -0.995947, -0.069532, -0.002831, 0.174342, 0.078514, -0.98155, -1.2e-05, 0.0, 0.0, 0.0, 1.0],
                [0.982749, 0.041447, 0.180242, 0.124994, 0.061285, -0.992484, -0.105921, -0.002831, 0.174497, 0.11514, -0.977902, -1.2e-05, 0.0, 0.0, 0.0, 1.0],
                [0.98279, 0.041789, 0.179942, 0.124994, 0.060692, -0.993048, -0.100855, -0.002831, 0.174476, 0.110041, -0.978493, -1.2e-05, 0.0, 0.0, 0.0, 1.0],
                [0.982851, 0.042308, 0.179486, 0.124994, 0.059789, -0.993857, -0.093129, -0.002831, 0.174443, 0.102263, -0.979342, -1.2e-05, 0.0, 0.0, 0.0, 1.0],
                [0.982944, 0.043111, 0.178783, 0.124994, 0.058389, -0.994994, -0.081095, -0.002831, 0.174392, 0.090151, -0.980541, -1.2e-05, 0.0, 0.0, 0.0, 1.0],
                [0.983092, 0.044414, 0.177645, 0.124994, 0.056101, -0.99654, -0.061318, -0.002831, 0.174307, 0.070247, -0.982182, -1.2e-05, 0.0, 0.0, 0.0, 1.0],
                [0.983347, 0.046739, 0.175625, 0.124994, 0.051961, -0.998329, -0.025253, -0.002831, 0.174152, 0.033958, -0.984133, -1.2e-05, 0.0, 0.0, 0.0, 1.0],
                [0.983853, 0.051713, 0.171344, 0.124994, 0.042758, -0.99754, 0.055547, -0.002831, 0.173795, -0.047324, -0.983644, -1.2e-05, 0.0, 0.0, 0.0, 1.0],
                [0.984487, 0.145792, 0.097628, 0.124994, 0.011284, -0.607863, 0.793962, -0.002831, 0.175097, -0.780543, -0.600078, -1.2e-05, 0.0, 0.0, 0.0, 1.0],
                [0.984558, 0.145649, 0.09712, 0.124994, 0.004756, -0.576832, 0.816849, -0.002831, 0.174995, -0.803773, -0.568617, -1.2e-05, 0.0, 0.0, 0.0, 1.0],
                [0.984513, 0.145102, 0.098391, 0.124994, -0.016394, -0.482563, 0.875708, -0.002831, 0.174547, -0.863758, -0.47271, -1.2e-05, 0.0, 0.0, 0.0, 1.0],
                [0.983645, 0.137899, 0.115877, 0.124994, -0.049922, -0.409406, 0.910985, -0.002831, 0.173064, -0.90187, -0.395826, -1.2e-05, 0.0, 0.0, 0.0, 1.0],
                [0.983659, 0.13761, 0.116097, 0.124994, -0.049657, -0.412459, 0.909621, -0.002831, 0.173059, -0.900522, -0.398886, -1.2e-05, 0.0, 0.0, 0.0, 1.0],
                [0.983702, 0.136738, 0.116766, 0.124994, -0.048871, -0.42162, 0.905455, -0.002831, 0.173041, -0.896403, -0.408065, -1.2e-05, 0.0, 0.0, 0.0, 1.0],
                [0.98377, 0.135251, 0.117914, 0.124994, -0.047585, -0.436965, 0.898219, -0.002831, 0.173009, -0.889251, -0.423437, -1.2e-05, 0.0, 0.0, 0.0, 1.0],
                [0.983862, 0.13313, 0.119553, 0.124994, -0.045834, -0.458346, 0.887591, -0.002831, 0.172961, -0.878746, -0.444847, -1.2e-05, 0.0, 0.0, 0.0, 1.0],
                [0.983972, 0.130299, 0.121741, 0.124994, -0.043667, -0.485854, 0.872948, -0.002831, 0.172893, -0.864273, -0.472377, -1.2e-05, 0.0, 0.0, 0.0, 1.0],
                [0.984098, 0.126657, 0.12454, 0.124994, -0.041141, -0.519535, 0.853458, -0.002831, 0.172799, -0.84501, -0.506062, -1.2e-05, 0.0, 0.0, 0.0, 1.0],
                [0.984234, 0.122028, 0.128038, 0.124994, -0.038323, -0.559572, 0.827895, -0.002831, 0.172673, -0.819749, -0.546073, -1.2e-05, 0.0, 0.0, 0.0, 1.0],
                [0.984376, 0.116167, 0.132324, 0.124994, -0.035285, -0.606117, 0.794593, -0.002831, 0.17251, -0.786847, -0.592548, -1.2e-05, 0.0, 0.0, 0.0, 1.0],
                [0.984522, 0.108598, 0.137563, 0.124994, -0.03211, -0.659845, 0.750715, -0.002831, 0.172297, -0.743512, -0.646145, -1.2e-05, 0.0, 0.0, 0.0, 1.0],
                [0.98467, 0.098437, 0.143999, 0.124994, -0.0289, -0.722065, 0.691221, -0.002831, 0.172018, -0.684786, -0.708151, -1.2e-05, 0.0, 0.0, 0.0, 1.0],
                [0.984822, 0.083396, 0.152219, 0.124994, -0.025817, -0.796866, 0.603604, -0.002831, 0.171636, -0.598373, -0.782618, -1.2e-05, 0.0, 0.0, 0.0, 1.0],
                [0.984822, 0.083396, 0.152219, 0.124994, -0.025817, -0.796866, 0.603604, -0.002831, 0.171636, -0.598372, -0.782618, -1.2e-05, 0.0, 0.0, 0.0, 1.0]
            ]
        },
        {
            "name": "Leg_R",
            "time": [0.0, 0.01, 0.02, 0.03, 0.04, 0.05, 0.06, 0.07, 0.08, 0.09, 0.1, 0.11, 0.12, 0.13, 0.34, 0.35, 0.36, 0.37, 0.38, 0.39, 0.4, 0.41, 0.42, 0.43, 0.44, 0.45, 0.46, 0.47, 0.79, 0.8, 0.81, 0.82, 0.83, 0.84, 0.85, 0.86, 0.87, 0.88, 0.89, 0.9, 0.91, 0.92, 0.93, 0.94, 0.95],
            "transform": [
                [0.999994, -0.003412, -0.000745, 0.0, 0.00343, 0.919413, 0.393278, 0.374721, -0.000657, -0.393278, 0.91942, 0.0, 0.0, 0.0, 0.0, 1.0],
                [0.999971, -0.006816, -0.003356, 0.0, 0.006853, 0.618564, 0.785705, 0.374721, -0.00328, -0.785705, 0.618593, 0.0, 0.0, 0.0, 0.0, 1.0],
                [0.999954, -0.008001, -0.005369, -0.0, 0.008045, 0.386512, 0.922249, 0.374721, -0.005303, -0.92225, 0.386559, 0.0, 0.0, 0.0, 0.0, 1.0],
                [0.99994, -0.008478, -0.006884, 0.0, 0.008525, 0.211875, 0.97726, 0.374721, -0.006826, -0.97726, 0.211934, -0.0, 0.0, 0.0, 0.0, 1.0],
                [0.999931, -0.008643, -0.007981, 0.0, 0.008691, 0.085475, 0.996303, 0.374721, -0.007929, -0.996303, 0.085544, -0.0, 0.0, 0.0, 0.0, 1.0],
                [0.999924, -0.008674, -0.008719, 0.0, 0.008723, 0.000405, 0.999962, 0.374721, -0.008671, -0.999962, 0.000481, -0.0, 0.0, 0.0, 0.0, 1.0],
                [0.999921, -0.008664, -0.009144, -0.0, 0.008712, -0.04861, 0.99878, 0.374721, -0.009098, -0.99878, -0.04853, 0.0, 0.0, 0.0, 0.0, 1.0],
                [0.99992, -0.008656, -0.009285, 0.0, 0.008704, -0.064814, 0.99786, 0.374721, -0.009239, -0.99786, -0.064733, -0.0, 0.0, 0.0, 0.0, 1.0],
                [0.999913, -0.008577, -0.010017, 0.0, 0.008625, -0.149273, 0.988759, 0.374721, -0.009976, -0.988759, -0.149186, 0.0, 0.0, 0.0, 0.0, 1.0],
                [0.999909, -0.008488, -0.01051, 0.0, 0.008536, -0.206052, 0.978504, 0.374721, -0.010471, -0.978504, -0.205961, 0.0, 0.0, 0.0, 0.0, 1.0],
                [0.999906, -0.008424, -0.010793, 0.0, 0.008471, -0.238711, 0.971054, 0.374721, -0.010756, -0.971054, -0.238617, -0.0, 0.0, 0.0, 0.0, 1.0],
                [0.999906, -0.0084, -0.010885, 0.0, 0.008447, -0.249363, 0.968374, 0.374721, -0.010849, -0.968374, -0.249268, -0.0, 0.0, 0.0, 0.0, 1.0],
                [0.999967, -0.007177, -0.003849, -0.0, 0.007216, 0.561708, 0.827304, 0.374722, -0.003776, -0.827304, 0.561742, -0.0, 0.0, 0.0, 0.0, 1.0],
                [1.0, -6e-06, -4.3e-05, -0.0, 6e-06, 1.0, 0.000703, 0.374721, 4.3e-05, -0.000703, 1.0, -0.0, 0.0, 0.0, 0.0, 1.0],
                [1.0, -6e-06, -4.3e-05, 0.0, 6e-06, 1.0, 0.000701, 0.374721, 4.3e-05, -0.000701, 1.0, -0.0, 0.0, 0.0, 0.0, 1.0],
                [0.999981, -0.005763, -0.002237, -0.0, 0.005794, 0.74753, 0.664203, 0.374721, -0.002156, -0.664203, 0.747549, 0.0, 0.0, 0.0, 0.0, 1.0],
                [0.999956, -0.007887, -0.005111, 0.0, 0.00793, 0.416265, 0.909209, 0.374721, -0.005044, -0.909209, 0.416309, -0.0, 0.0, 0.0, 0.0, 1.0],
                [0.999946, -0.0083, -0.006201, 0.0, 0.008345, 0.290561, 0.95682, 0.374721, -0.006139, -0.95682, 0.290615, 0.0, 0.0, 0.0, 0.0, 1.0],
                [0.999937, -0.008545, -0.007234, -0.0, 0.008592, 0.171488, 0.985149, 0.374721, -0.007178, -0.985149, 0.171551, 0.0, 0.0, 0.0, 0.0, 1.0],
                [0.999929, -0.008658, -0.008172, 0.0, 0.008706, 0.063435, 0.997948, 0.374722, -0.008121, -0.997948, 0.063506, -0.0, 0.0, 0.0, 0.0, 1.0],
                [0.999922, -0.008672, -0.008983, 0.0, 0.00872, -0.029931, 0.999514, 0.374721, -0.008937, -0.999514, -0.029853, -0.0, 0.0, 0.0, 0.0, 1.0],
                [0.999916, -0.008626, -0.009648, 0.0, 0.008673, -0.106649, 0.994259, 0.374722, -0.009605, -0.994259, -0.106565, -0.0, 0.0, 0.0, 0.0, 1.0],
                [0.999912, -0.008556, -0.010147, -0.0, 0.008604, -0.164336, 0.986367, 0.374722, -0.010107, -0.986367, -0.164248, 0.0, 0.0, 0.0, 0.0, 1.0],
                [0.999909, -0.008499, -0.010468, -0.0, 0.008546, -0.20106, 0.979542, 0.374722, -0.010429, -0.979542, -0.20097, 0.0, 0.0, 0.0, 0.0, 1.0],
                [0.999908, -0.008475, -0.010573, 0.0, 0.008522, -0.213344, 0.97694, 0.374722, -0.010536, -0.976941, -0.213252, -0.0, 0.0, 0.0, 0.0, 1.0],
                [0.999912, -0.008564, -0.010103, -0.0, 0.008611, -0.159246, 0.987202, 0.374721, -0.010063, -0.987202, -0.159158, -0.0, 0.0, 0.0, 0.0, 1.0],
                [0.999981, -0.005721, -0.0022, 0.0, 0.005751, 0.751775, 0.659394, 0.374721, -0.002118, -0.659394, 0.751794, -0.0, 0.0, 0.0, 0.0, 1.0],
                [1.0, -6e-06, -4.3e-05, 0.0, 6e-06, 1.0, 0.000706, 0.374722, 4.3e-05, -0.000706, 1.0, 0.0, 0.0, 0.0, 0.0, 1.0],
                [1.0, -6e-06, -4.3e-05, 0.0, 6e-06, 0.999999, 0.000713, 0.374722, 4.3e-05, -0.000713, 1.0, -0.0, 0.0, 0.0, 0.0, 1.0],
                [0.999957, -0.007815, -0.004958, -0.0, 0.007858, 0.433806, 0.900972, 0.374722, -0.00489, -0.900972, 0.433849, 0.0, 0.0, 0.0, 0.0, 1.0],
                [0.999955, -0.007931, -0.005208, -0.0, 0.007974, 0.404965, 0.914297, 0.374721, -0.005142, -0.914298, 0.40501, 0.0, 0.0, 0.0, 0.0, 1.0],
                [0.999949, -0.00819, -0.005863, 0.0, 0.008234, 0.329492, 0.944122, 0.374721, -0.0058, -0.944123, 0.329543, 0.0, 0.0, 0.0, 0.0, 1.0],
                [0.99995, -0.008178, -0.00577, 0.0, 0.008222, 0.342464, 0.939495, 0.374721, -0.005707, -0.939495, 0.342514, 0.0, 0.0, 0.0, 0.0, 1.0],
                [0.999951, -0.008137, -0.005717, 0.0, 0.008182, 0.34632, 0.938081, 0.374721, -0.005653, -0.938081, 0.346369, 0.0, 0.0, 0.0, 0.0, 1.0],
                [0.999951, -0.008099, -0.005616, 0.0, 0.008143, 0.357947, 0.933707, 0.374721, -0.005552, -0.933707, 0.357995, 0.0, 0.0, 0.0, 0.0, 1.0],
                [0.999953, -0.008032, -0.005445, -0.0, 0.008075, 0.377676, 0.925902, 0.374722, -0.00538, -0.925903, 0.377723, -0.0, 0.0, 0.0, 0.0, 1.0],
                [0.999955, -0.007929, -0.005203, -0.0, 0.007972, 0.405536, 0.914044, 0.374721, -0.005137, -0.914044, 0.405581, 0.0, 0.0, 0.0, 0.0, 1.0],
                [0.999958, -0.00778, -0.004886, 0.0, 0.007823, 0.442085, 0.896939, 0.374721, -0.004818, -0.896939, 0.442127, -0.0, 0.0, 0.0, 0.0, 1.0],
                [0.999961, -0.007572, -0.004489, 0.0, 0.007613, 0.487868, 0.872884, 0.374721, -0.004419, -0.872884, 0.487907, -0.0, 0.0, 0.0, 0.0, 1.0],
                [0.999965, -0.00728, -0.004005, -0.0, 0.00732, 0.543675, 0.839263, 0.374721, -0.003933, -0.839264, 0.54371, -0.0, 0.0, 0.0, 0.0, 1.0],
                [0.99997, -0.006873, -0.003429, 0.0, 0.00691, 0.610091, 0.792301, 0.374721, -0.003354, -0.792301, 0.610121, 0.0, 0.0, 0.0, 0.0, 1.0],
                [0.999976, -0.006293, -0.002751, -0.0, 0.006327, 0.688217, 0.725477, 0.374722, -0.002672, -0.725478, 0.68824, 0.0, 0.0, 0.0, 0.0, 1.0],
                [0.999983, -0.005439, -0.001963, 0.0, 0.005468, 0.778987, 0.627016, 0.374721, -0.001881, -0.627016, 0.779004, 0.0, 0.0, 0.0, 0.0, 1.0],
                [0.999991, -0.004061, -0.001055, 0.0, 0.004083, 0.883641, 0.468147, 0.374721, -0.000969, -0.468147, 0.88365, -0.0, 0.0, 0.0, 0.0, 1.0],
                [0.999991, -0.004061, -0.001055, -0.0, 0.004083, 0.883641, 0.468147, 0.374721, -0.000969, -0.468147, 0.88365, -0.0, 0.0, 0.0, 0.0, 1.0]
            ]
        },
        {
            "name": "Knee_R",
            "time": [0.0, 0.01, 0.02, 0.03, 0.04, 0.05, 0.06, 0.11, 0.12, 0.13, 0.34, 0.35, 0.36, 0.37, 0.38, 0.39, 0.4, 0.45, 0.46, 0.47, 0.79, 0.8, 0.81, 0.82, 0.83, 0.84, 0.85, 0.86, 0.87, 0.88, 0.89, 0.9, 0.91, 0.92, 0.93, 0.94, 0.95],
            "transform": [
                [1.0, -5.7e-05, 5.7e-05, -2.1e-05, 5.7e-05, 0.002669, -0.999996, 0.374719, 5.7e-05, 0.999996, 0.002669, -0.001, 0.0, 0.0, 0.0, 1.0],
                [1.0, -5.7e-05, 5.7e-05, -2.4e-05, 5.7e-05, 0.002669, -0.999996, 0.419352, 5.7e-05, 0.999996, 0.002669, -0.001119, 0.0, 0.0, 0.0, 1.0],
                [1.0, -5.7e-05, 5.7e-05, -2.5e-05, 5.7e-05, 0.002669, -0.999996, 0.443601, 5.7e-05, 0.999996, 0.002669, -0.001184, 0.0, 0.0, 0.0, 1.0],
                [1.0, -5.7e-05, 5.7e-05, -2.6e-05, 5.7e-05, 0.002669, -0.999996, 0.460063, 5.7e-05, 0.999996, 0.002669, -0.001228, 0.0, 0.0, 0.0, 1.0],
                [1.0, -5.7e-05, 5.7e-05, -2.7e-05, 5.7e-05, 0.002669, -0.999996, 0.471548, 5.7e-05, 0.999996, 0.002669, -0.001258, 0.0, 0.0, 0.0, 1.0],
                [1.0, -5.7e-05, 5.7e-05, -2.7e-05, 5.7e-05, 0.002669, -0.999996, 0.479196, 5.7e-05, 0.999996, 0.002669, -0.001279, 0.0, 0.0, 0.0, 1.0],
