{
    "armature": {
        "joints": ["Root", "Thigh_R", "Leg_R", "Knee_R", "Thigh_L", "Leg_L", "Knee_L", "Torso", "Chest", "Head", "Shoulder_R", "Arm_R", "Hand_R", "Tool_R", "Elbow_R", "Shoulder_L", "Arm_L", "Hand_L", "Tool_L", "Elbow_L"],
        "hierarchy": [
            {
                "name": "Root",
                "transform": [1.0, 0.0, 0.0, -5e-06, 0.0, 0.0, -1.0, 0.000946, 0.0, 1.0, 0.0, 0.763972, 0.0, 0.0, 0.0, 1.0],
                "children": [
                    {
                        "name": "Thigh_R",
                        "transform": [1.0, -0.0, -0.0, 0.124994, 0.0, -1.0, 1e-06, -0.002831, -0.0, -0.0, -1.0, -1.2e-05, 0.0, 0.0, 0.0, 1.0],
                        "children": [
                            {
                                "name": "Leg_R",
                                "transform": [1.0, 0.0, 1e-06, 0.0, -0.0, 1.0, 0.0, 0.37472, -1e-06, -0.0, 1.0, 0.0, 0.0, 0.0, 0.0, 1.0],
                                "children": []
                            },
                            {
                                "name": "Knee_R",
                                "transform": [1.0, 0.0, -0.0, 0.0, -0.0, 1e-06, -1.0, 0.37472, -0.0, 1.0, 1e-06, 0.0, 0.0, 0.0, 0.0, 1.0],
                                "children": []
                            }
                        ]
                    },
                    {
                        "name": "Thigh_L",
                        "transform": [1.0, -0.0, -0.0, -0.125006, 0.0, -1.0, 1e-06, -0.002831, -0.0, -0.0, -1.0, -1.2e-05, 0.0, 0.0, 0.0, 1.0],
                        "children": [
                            {
                                "name": "Leg_L",
                                "transform": [1.0, 0.0, 1e-06, -0.0, -0.0, 1.0, 0.0, 0.37472, -1e-06, -0.0, 1.0, 0.0, 0.0, 0.0, 0.0, 1.0],
                                "children": []
                            },
                            {
                                "name": "Knee_L",
                                "transform": [1.0, 0.0, -0.0, -0.0, -0.0, 1e-06, -1.0, 0.37472, -0.0, 1.0, 1e-06, 0.0, 0.0, 0.0, 0.0, 1.0],
                                "children": []
                            }
                        ]
                    },
                    {
                        "name": "Torso",
                        "transform": [1.0, 0.0, 0.0, 0.0, 0.0, 1.0, 0.0, 0.05, 0.0, 0.0, 1.0, 0.0, 0.0, 0.0, 0.0, 1.0],
                        "children": [
                            {
                                "name": "Chest",
                                "transform": [1.0, 0.0, 0.0, 0.0, 0.0, 1.0, 0.0, 0.3, 0.0, 0.0, 1.0, 0.0, 0.0, 0.0, 0.0, 1.0],
                                "children": [
                                    {
                                        "name": "Head",
                                        "transform": [1.0, 0.0, 0.0, 0.0, 0.0, 1.0, 0.0, 0.4, 0.0, 0.0, 1.0, 0.0, 0.0, 0.0, 0.0, 1.0],
                                        "children": []
                                    },
                                    {
                                        "name": "Shoulder_R",
                                        "transform": [0.0, 0.952114, 0.305743, 0.0, 0.0, -0.305743, 0.952114, 0.4, 1.0, 0.0, -0.0, 0.0, 0.0, 0.0, 0.0, 1.0],
                                        "children": [
                                            {
                                                "name": "Arm_R",
                                                "transform": [0.0, -0.0, -1.0, -0.0, 0.952114, 0.305743, 0.0, 0.39386, 0.305743, -0.952114, 0.0, 0.0, 0.0, 0.0, 0.0, 1.0],
                                                "children": [
                                                    {
                                                        "name": "Hand_R",
                                                        "transform": [1.0, 0.0, 0.0, 0.0, -0.0, 0.993938, 0.109947, 0.3, -0.0, -0.109947, 0.993937, -0.0, 0.0, 0.0, 0.0, 1.0],
                                                        "children": [
                                                            {
                                                                "name": "Tool_R",
                                                                "transform": [1.0, 0.0, 0.0, -0.0, 0.0, -0.999836, 0.018122, 0.272858, 0.0, -0.018122, -0.999244, 0.0, 0.0, 0.0, 0.0, 1.0],
                                                                "children": []
                                                            }
                                                        ]
                                                    },
                                                    {
                                                        "name": "Elbow_R",
                                                        "transform": [-1.0, 0.0, -0.0, 0.0, 0.0, -0.0, -1.0, 0.3, -0.0, -1.0, 0.0, -0.0, 0.0, 0.0, 0.0, 1.0],
                                                        "children": []
                                                    }
                                                ]
                                            }
                                        ]
                                    },
                                    {
                                        "name": "Shoulder_L",
                                        "transform": [-0.0, -0.952114, -0.305743, 0.0, 0.0, -0.305743, 0.952114, 0.4, -1.0, 0.0, 0.0, 0.0, 0.0, 0.0, 0.0, 1.0],
                                        "children": [
                                            {
                                                "name": "Arm_L",
                                                "transform": [-0.0, -0.0, 1.0, -0.0, -0.952114, 0.305743, -0.0, 0.39386, -0.305743, -0.952114, -0.0, 0.0, 0.0, 0.0, 0.0, 1.0],
                                                "children": [
                                                    {
                                                        "name": "Hand_L",
                                                        "transform": [1.0, 0.0, 0.0, -0.0, -0.0, 0.993937, 0.109947, 0.3, -0.0, -0.109947, 0.993937, 0.0, 0.0, 0.0, 0.0, 1.0],
                                                        "children": [
                                                            {
                                                                "name": "Tool_L",
                                                                "transform": [1.0, 0.0, 0.0, -0.0, 0.0, -0.999836, 0.018122, 0.272858, 0.0, -0.018122, -0.999247, -0.0, 0.0, 0.0, 0.0, 1.0],
                                                                "children": []
                                                            }
                                                        ]
                                                    },
                                                    {
                                                        "name": "Elbow_L",
                                                        "transform": [-1.0, 0.0, -0.0, -0.0, 0.0, -0.0, -1.0, 0.3, -0.0, -1.0, -0.0, 0.0, 0.0, 0.0, 0.0, 1.0],
                                                        "children": []
                                                    }
                                                ]
                                            }
                                        ]
                                    }
                                ]
                            }
                        ]
                    }
                ]
            }
        ]
    },
    "animation": [
        {
            "name": "Root",
            "time": [0.0, 0.0417],
            "transform": [
                [0.854689, 0.0, -0.51914, -5e-06, -0.51914, 0.0, -0.854689, 0.000946, 0.0, 1.0, 0.0, 0.755725, 0.0, 0.0, 0.0, 1.0],
                [0.854689, 0.0, -0.51914, -5e-06, -0.51914, 0.0, -0.854689, 0.000946, 0.0, 1.0, 0.0, 0.755725, 0.0, 0.0, 0.0, 1.0]
            ]
        },
        {
            "name": "Thigh_R",
            "time": [0.0, 0.0417],
            "transform": [
                [0.996083, 0.062558, -0.062492, 0.124994, 0.063982, -0.997727, 0.021046, -0.002831, -0.061033, -0.024961, -0.997824, -1.2e-05, 0.0, 0.0, 0.0, 1.0],
                [0.996083, 0.062558, -0.062492, 0.124994, 0.063982, -0.997727, 0.021046, -0.002831, -0.061033, -0.024961, -0.997824, -1.2e-05, 0.0, 0.0, 0.0, 1.0]
            ]
        },
        {
            "name": "Leg_R",
            "time": [0.0, 0.0417],
            "transform": [
                [0.998231, -0.0555, 0.021326, -0.0, 0.037472, 0.865754, 0.499066, 0.37472, -0.046162, -0.497385, 0.866301, -0.0, 0.0, 0.0, 0.0, 1.0],
                [0.998231, -0.0555, 0.021326, -0.0, 0.037472, 0.865754, 0.499066, 0.37472, -0.046162, -0.497385, 0.866301, -0.0, 0.0, 0.0, 0.0, 1.0]
            ]
        },
        {
            "name": "Knee_R",
            "time": [0.0, 0.0417],
            "transform": [
                [1.0, 0.0, -0.0, -0.0, -0.0, 1e-06, -1.0, 0.37472, -0.0, 1.0, 1e-06, -0.0, 0.0, 0.0, 0.0, 1.0],
                [1.0, 0.0, -0.0, -0.0, -0.0, 1e-06, -1.0, 0.37472, -0.0, 1.0, 1e-06, -0.0, 0.0, 0.0, 0.0, 1.0]
            ]
        },
        {
            "name": "Thigh_L",
            "time": [0.0, 0.0417],
            "transform": [
                [0.873382, -0.199449, -0.444322, -0.125006, 0.046135, -0.87432, 0.483153, -0.002831, -0.484844, -0.442476, -0.754414, -1.2e-05, 0.0, 0.0, 0.0, 1.0],
                [0.873382, -0.199449, -0.444322, -0.125006, 0.046135, -0.87432, 0.483153, -0.002831, -0.484844, -0.442476, -0.754414, -1.2e-05, 0.0, 0.0, 0.0, 1.0]
            ]
        },
        {
            "name": "Leg_L",
            "time": [0.0, 0.0417],
            "transform": [
                [1.0, -0.0, 1e-06, -0.0, 0.0, 0.984973, 0.172708, 0.37472, -1e-06, -0.172708, 0.984973, 0.0, 0.0, 0.0, 0.0, 1.0],
                [1.0, -0.0, 1e-06, -0.0, 0.0, 0.984973, 0.172708, 0.37472, -1e-06, -0.172708, 0.984973, 0.0, 0.0, 0.0, 0.0, 1.0]
            ]
        },
        {
            "name": "Knee_L",
            "time": [0.0, 0.0417],
            "transform": [
                [1.0, 0.0, -0.0, -0.0, -0.0, 1e-06, -1.0, 0.37472, -0.0, 1.0, 1e-06, 0.0, 0.0, 0.0, 0.0, 1.0],
                [1.0, 0.0, -0.0, -0.0, -0.0, 1e-06, -1.0, 0.37472, -0.0, 1.0, 1e-06, 0.0, 0.0, 0.0, 0.0, 1.0]
            ]
        },
        {
            "name": "Torso",
            "time": [0.0, 0.0417],
            "transform": [
                [0.976422, -0.010478, 0.215615, -0.0, -0.001077, 0.998573, 0.053403, 0.05, -0.215866, -0.052376, 0.975017, 0.0, 0.0, 0.0, 0.0, 1.0],
                [0.976422, -0.010478, 0.215615, -0.0, -0.001077, 0.998573, 0.053403, 0.05, -0.215866, -0.052376, 0.975017, 0.0, 0.0, 0.0, 0.0, 1.0]
            ]
        },
        {
            "name": "Chest",
            "time": [0.0, 0.0417],
            "transform": [
                [0.715263, -0.230563, 0.659727, -0.0, -0.180213, 0.851233, 0.492874, 0.3, -0.675221, -0.471426, 0.567305, 0.0, 0.0, 0.0, 0.0, 1.0],
                [0.715263, -0.230563, 0.659727, -0.0, -0.180213, 0.851233, 0.492874, 0.3, -0.675221, -0.471426, 0.567305, 0.0, 0.0, 0.0, 0.0, 1.0]
            ]
        },
        {
            "name": "Head",
            "time": [0.0, 0.0417],
            "transform": [
                [0.999057, -0.001339, 0.04339, -0.0, -0.000838, 0.998742, 0.050131, 0.4, -0.043403, -0.050121, 0.9978, -0.0, 0.0, 0.0, 0.0, 1.0],
                [0.999057, -0.001339, 0.04339, -0.0, -0.000838, 0.998742, 0.050131, 0.4, -0.043403, -0.050121, 0.9978, -0.0, 0.0, 0.0, 0.0, 1.0]
            ]
        },
        {
            "name": "Shoulder_R",
            "time": [0.0, 0.0417],
            "transform": [
                [0.249731, 0.839336, 0.482855, -0.0, -0.662234, -0.215762, 0.71756, 0.4, 0.706456, -0.49896, 0.501954, -0.0, 0.0, 0.0, 0.0, 1.0],
                [0.249731, 0.839336, 0.482855, -0.0, -0.662234, -0.215762, 0.71756, 0.4, 0.706456, -0.49896, 0.501954, -0.0, 0.0, 0.0, 0.0, 1.0]
            ]
        },
        {
            "name": "Arm_R",
            "time": [0.0, 0.0417],
            "transform": [
                [-0.329902, 0.034164, -0.943397, -0.0, 0.931623, 0.173173, -0.319514, 0.39386, 0.152455, -0.984299, -0.088958, -0.0, 0.0, 0.0, 0.0, 1.0],
                [-0.329902, 0.034164, -0.943397, -0.0, 0.931623, 0.173173, -0.319514, 0.39386, 0.152455, -0.984299, -0.088958, -0.0, 0.0, 0.0, 0.0, 1.0]
            ]
        },
        {
            "name": "Hand_R",
            "time": [0.0, 0.0417],
            "transform": [
                [0.503448, -0.248276, -0.827586, -0.0, -0.15578, 0.916048, -0.36958, 0.3, 0.849866, 0.314986, 0.422506, -0.0, 0.0, 0.0, 0.0, 1.0],
                [0.503448, -0.248276, -0.827586, -0.0, -0.15578, 0.916048, -0.36958, 0.3, 0.849866, 0.314986, 0.422506, -0.0, 0.0, 0.0, 0.0, 1.0]
            ]
        },
        {
            "name": "Tool_R",
            "time": [0.0, 0.0417],
            "transform": [
                [0.981671, -0.144795, 0.123921, 0.0, -0.166462, -0.968046, 0.187557, 0.272858, 0.092747, -0.204636, -0.973827, 0.0, 0.0, 0.0, 0.0, 1.0],
                [0.981671, -0.144795, 0.123921, 0.0, -0.166462, -0.968046, 0.187557, 0.272858, 0.092747, -0.204636, -0.973827, 0.0, 0.0, 0.0, 0.0, 1.0]
            ]
        },
        {
            "name": "Elbow_R",
            "time": [0.0, 0.0417],
            "transform": [
                [-1.0, 0.0, 0.0, -0.0, 0.0, -0.0, -1.0, 0.3, -0.0, -1.0, 0.0, -0.0, 0.0, 0.0, 0.0, 1.0],
                [-1.0, 0.0, 0.0, -0.0, 0.0, -0.0, -1.0, 0.3, -0.0, -1.0, 0.0, -0.0, 0.0, 0.0, 0.0, 1.0]
            ]
        },
        {
            "name": "Shoulder_L",
            "time": [0.0, 0.0417],
            "transform": [
                [-0.097054, -0.854906, -0.509624, -0.0, 0.796807, -0.373565, 0.474918, 0.4, -0.596388, -0.35998, 0.717451, -0.0, 0.0, 0.0, 0.0, 1.0],
                [-0.097054, -0.854906, -0.509624, -0.0, 0.796807, -0.373565, 0.474918, 0.4, -0.596388, -0.35998, 0.717451, -0.0, 0.0, 0.0, 0.0, 1.0]
            ]
        },
        {
            "name": "Arm_L",
            "time": [0.0, 0.0417],
            "transform": [
                [-0.28088, -0.343107, 0.896317, -0.0, -0.941886, 0.277861, -0.188796, 0.39386, -0.184274, -0.897257, -0.401214, -0.0, 0.0, 0.0, 0.0, 1.0],
                [-0.28088, -0.343107, 0.896317, -0.0, -0.941886, 0.277861, -0.188796, 0.39386, -0.184274, -0.897257, -0.401214, -0.0, 0.0, 0.0, 0.0, 1.0]
            ]
        },
        {
            "name": "Hand_L",
            "time": [0.0, 0.0417],
            "transform": [
                [0.999013, -0.016217, 0.041363, -0.0, 0.02135, 0.991691, -0.126863, 0.3, -0.038962, 0.12762, 0.991058, 0.0, 0.0, 0.0, 0.0, 1.0],
                [0.999013, -0.016217, 0.041363, -0.0, 0.02135, 0.991691, -0.126863, 0.3, -0.038962, 0.12762, 0.991058, 0.0, 0.0, 0.0, 0.0, 1.0]
            ]
        },
        {
            "name": "Tool_L",
            "time": [0.0, 0.0417],
            "transform": [
                [0.996673, -0.009711, -0.080923, -0.0, -0.01867, -0.993677, -0.11071, 0.272858, -0.07929, 0.111776, -0.989971, -0.0, 0.0, 0.0, 0.0, 1.0],
                [0.996673, -0.009711, -0.080923, -0.0, -0.01867, -0.993677, -0.11071, 0.272858, -0.07929, 0.111776, -0.989971, -0.0, 0.0, 0.0, 0.0, 1.0]
            ]
        },
        {
            "name": "Elbow_L",
            "time": [0.0, 0.0417],
            "transform": [
                [-1.0, 0.0, -0.0, -0.008123, 0.0, -0.882353, -0.470588, 0.463316, -0.0, -0.470588, 0.882353, -9.4e-05, 0.0, 0.0, 0.0, 1.0],
                [-1.0, 0.0, -0.0, -0.008123, 0.0, -0.882353, -0.470588, 0.463316, -0.0, -0.470588, 0.882353, -9.4e-05, 0.0, 0.0, 0.0, 1.0]
            ]
        }
    ]
}