{
    "animation": [
        {
            "name": "Root",
            "time": [0.0, 0.02, 0.03, 0.04, 0.05, 0.06, 0.07, 0.08, 0.09, 0.1, 0.11, 0.12, 0.13, 0.14, 0.15, 0.16, 0.17, 0.18, 0.19, 0.2, 0.21, 0.22, 0.23, 0.24, 0.25, 0.26, 0.27, 0.28, 0.29, 0.3, 0.31, 0.32, 0.33, 0.34, 0.35, 0.36, 0.37, 0.38, 0.39, 0.4, 0.41, 0.42, 0.43, 0.45, 0.46, 0.47, 0.48, 0.49, 0.5, 0.51, 0.52, 0.53, 0.54, 0.55, 0.56, 0.57, 0.58, 0.59, 0.6, 0.61, 0.62, 0.63, 0.64, 0.65, 0.66, 0.67, 0.68, 0.69, 0.7, 0.01, 0.44],
            "transform": [
                [1.0, 0.0, 0.0, -5e-06, 0.0, 0.619052, -0.78535, 0.000946, 0.0, 0.78535, 0.619052, 0.534657, 0.0, 0.0, 0.0, 1.0],
                [1.0, 0.0, 0.0, -5e-06, 0.0, 0.618821, -0.785532, 0.009816, 0.0, 0.785532, 0.618821, 0.5347, 0.0, 0.0, 0.0, 1.0],
                [1.0, 0.0, 0.0, -5e-06, 0.0, 0.61812, -0.786084, 0.035213, 0.0, 0.786084, 0.61812, 0.534743, 0.0, 0.0, 0.0, 1.0],
                [1.0, 0.0, 0.0, -5e-06, 0.0, 0.616929, -0.787019, 0.075322, 0.0, 0.787019, 0.616929, 0.534847, 0.0, 0.0, 0.0, 1.0],
                [1.0, 0.0, 0.0, -5e-06, 0.0, 0.615233, -0.788345, 0.128326, 0.0, 0.788345, 0.615233, 0.53499, 0.0, 0.0, 0.0, 1.0],
                [1.0, 0.0, 0.0, -5e-06, 0.0, 0.613012, -0.790073, 0.192409, 0.0, 0.790073, 0.613012, 0.535169, 0.0, 0.0, 0.0, 1.0],
                [1.0, 0.0, 0.0, -5e-06, 0.0, 0.610249, -0.79221, 0.265755, 0.0, 0.79221, 0.610249, 0.535383, 0.0, 0.0, 0.0, 1.0],
                [1.0, 0.0, 0.0, -5e-06, 0.0, 0.606922, -0.794761, 0.346547, 0.0, 0.794761, 0.606922, 0.535629, 0.0, 0.0, 0.0, 1.0],
                [1.0, 0.0, 0.0, -5e-06, 0.0, 0.603012, -0.797732, 0.43297, 0.0, 0.797732, 0.603012, 0.535905, 0.0, 0.0, 0.0, 1.0],
                [1.0, 0.0, 0.0, -5e-06, 0.0, 0.598495, -0.801126, 0.523207, 0.0, 0.801126, 0.598495, 0.53621, 0.0, 0.0, 0.0, 1.0],
                [1.0, 0.0, 0.0, -5e-06, 0.0, 0.59335, -0.804945, 0.615441, 0.0, 0.804945, 0.59335, 0.536542, 0.0, 0.0, 0.0, 1.0],
                [1.0, 0.0, 0.0, -5e-06, 0.0, 0.58755, -0.809188, 0.707856, 0.0, 0.809188, 0.58755, 0.536898, 0.0, 0.0, 0.0, 1.0],
                [1.0, 0.0, 0.0, -5e-06, 0.0, 0.581069, -0.813854, 0.798637, 0.0, 0.813854, 0.581069, 0.537277, 0.0, 0.0, 0.0, 1.0],
                [1.0, 0.0, 0.0, -5e-06, 0.0, 0.57388, -0.818939, 0.885966, 0.0, 0.818939, 0.57388, 0.537676, 0.0, 0.0, 0.0, 1.0],
                [1.0, 0.0, 0.0, -5e-06, 0.0, 0.565953, -0.824437, 0.96835, 0.0, 0.824437, 0.565953, 0.538094, 0.0, 0.0, 0.0, 1.0],
                [1.0, 0.0, 0.0, -5e-06, 0.0, 0.557257, -0.83034, 1.045583, 0.0, 0.83034, 0.557257, 0.538529, 0.0, 0.0, 0.0, 1.0],
                [1.0, 0.0, 0.0, -5e-06, 0.0, 0.547758, -0.836637, 1.117781, 0.0, 0.836637, 0.547758, 0.538979, 0.0, 0.0, 0.0, 1.0],
                [1.0, 0.0, 0.0, -5e-06, 0.0, 0.53742, -0.843315, 1.18506, 0.0, 0.843315, 0.53742, 0.539441, 0.0, 0.0, 0.0, 1.0],
                [1.0, 0.0, 0.0, -5e-06, 0.0, 0.526208, -0.850356, 1.247536, 0.0, 0.850356, 0.526208, 0.539914, 0.0, 0.0, 0.0, 1.0],
                [1.0, 0.0, 0.0, -5e-06, 0.0, 0.51408, -0.857742, 1.305325, 0.0, 0.857742, 0.51408, 0.540396, 0.0, 0.0, 0.0, 1.0],
                [1.0, 0.0, 0.0, -5e-06, 0.0, 0.500997, -0.865449, 1.358544, 0.0, 0.865449, 0.500997, 0.540885, 0.0, 0.0, 0.0, 1.0],
                [1.0, 0.0, 0.0, -5e-06, 0.0, 0.486915, -0.873449, 1.407309, 0.0, 0.873449, 0.486915, 0.541379, 0.0, 0.0, 0.0, 1.0],
                [1.0, 0.0, 0.0, -5e-06, 0.0, 0.471789, -0.881712, 1.451736, 0.0, 0.881712, 0.471789, 0.541876, 0.0, 0.0, 0.0, 1.0],
                [1.0, 0.0, 0.0, -5e-06, 0.0, 0.455571, -0.8902, 1.491942, 0.0, 0.8902, 0.455571, 0.542374, 0.0, 0.0, 0.0, 1.0],
                [1.0, 0.0, 0.0, -5e-06, 0.0, 0.438213, -0.898871, 1.528041, 0.0, 0.898871, 0.438213, 0.542871, 0.0, 0.0, 0.0, 1.0],
                [1.0, 0.0, 0.0, -5e-06, 0.0, 0.419665, -0.907679, 1.560151, 0.0, 0.907679, 0.419665, 0.543364, 0.0, 0.0, 0.0, 1.0],
                [1.0, 0.0, 0.0, -5e-06, 0.0, 0.399876, -0.916569, 1.588388, 0.0, 0.916569, 0.399876, 0.543853, 0.0, 0.0, 0.0, 1.0],
                [1.0, 0.0, 0.0, -5e-06, 0.0, 0.378794, -0.925481, 1.612868, 0.0, 0.925481, 0.378794, 0.544335, 0.0, 0.0, 0.0, 1.0],
                [1.0, 0.0, 0.0, -5e-06, 0.0, 0.356367, -0.934346, 1.633706, 0.0, 0.934346, 0.356367, 0.544809, 0.0, 0.0, 0.0, 1.0],
                [1.0, 0.0, 0.0, -5e-06, 0.0, 0.332542, -0.943089, 1.651021, 0.0, 0.943089, 0.332542, 0.545271, 0.0, 0.0, 0.0, 1.0],
                [1.0, 0.0, 0.0, -5e-06, 0.0, 0.307269, -0.951623, 1.664926, 0.0, 0.951623, 0.307269, 0.545721, 0.0, 0.0, 0.0, 1.0],
                [1.0, 0.0, 0.0, -5e-06, 0.0, 0.280498, -0.959855, 1.675539, 0.0, 0.959855, 0.280498, 0.546155, 0.0, 0.0, 0.0, 1.0],
                [1.0, 0.0, 0.0, -5e-06, 0.0, 0.252183, -0.96768, 1.682976, 0.0, 0.96768, 0.252183, 0.546574, 0.0, 0.0, 0.0, 1.0],
                [1.0, 0.0, 0.0, -5e-06, 0.0, 0.222282, -0.974982, 1.687353, 0.0, 0.974982, 0.222282, 0.546973, 0.0, 0.0, 0.0, 1.0],
                [1.0, 0.0, 0.0, -5e-06, 0.0, 0.190759, -0.981637, 1.688786, 0.0, 0.981637, 0.190759, 0.547352, 0.0, 0.0, 0.0, 1.0],
                [1.0, 0.0, 0.0, -5e-06, 0.0, 0.15772, -0.987484, 1.688786, 0.0, 0.987484, 0.15772, 0.547708, 0.0, 0.0, 0.0, 1.0],
                [1.0, 0.0, 0.0, -5e-06, 0.0, 0.123839, -0.992302, 1.688786, 0.0, 0.992302, 0.123839, 0.54804, 0.0, 0.0, 0.0, 1.0],
                [1.0, 0.0, 0.0, -5e-06, 0.0, 0.089955, -0.995946, 1.688786, 0.0, 0.995946, 0.089955, 0.548345, 0.0, 0.0, 0.0, 1.0],
                [1.0, 0.0, 0.0, -5e-06, 0.0, 0.056927, -0.998378, 1.688786, 0.0, 0.998378, 0.056927, 0.548621, 0.0, 0.0, 0.0, 1.0],
                [1.0, 0.0, 0.0, -5e-06, 0.0, 0.025619, -0.999672, 1.688786, 0.0, 0.999672, 0.025619, 0.548867, 0.0, 0.0, 0.0, 1.0],
                [1.0, 0.0, 0.0, -5e-06, 0.0, -0.003114, -0.999995, 1.688786, 0.0, 0.999995, -0.003114, 0.549081, 0.0, 0.0, 0.0, 1.0],
                [1.0, 0.0, 0.0, -5e-06, 0.0, -0.028429, -0.999596, 1.688786, 0.0, 0.999596, -0.028429, 0.54926, 0.0, 0.0, 0.0, 1.0],
                [1.0, 0.0, 0.0, -5e-06, 0.0, -0.049505, -0.998774, 1.688786, 0.0, 0.998774, -0.049505, 0.549403, 0.0, 0.0, 0.0, 1.0],
                [1.0, 0.0, 0.0, -5e-06, 0.0, -0.065539, -0.99785, 1.688786, 0.0, 0.99785, -0.065539, 0.549507, 0.0, 0.0, 0.0, 1.0],
                [1.0, 0.0, 0.0, -5e-06, 0.0, -0.075739, -0.997128, 1.688786, 0.0, 0.997128, -0.075739, 0.54955, 0.0, 0.0, 0.0, 1.0],
                [1.0, 0.0, 0.0, -5e-06, 0.0, -0.079317, -0.996849, 1.688786, 0.0, 0.996849, -0.079317, 0.549593, 0.0, 0.0, 0.0, 1.0],
                [1.0, 0.0, 0.0, -5e-06, 0.0, 0.043285, -0.999063, 1.709885, 0.0, 0.999063, 0.043285, 0.533463, 0.0, 0.0, 0.0, 1.0],
                [1.0, 0.0, 0.0, -5e-06, 0.0, 0.161975, -0.986795, 1.730173, 0.0, 0.986795, 0.161975, 0.517953, 0.0, 0.0, 0.0, 1.0],
                [1.0, 0.0, 0.0, -5e-06, 0.0, 0.269834, -0.962907, 1.74887, 0.0, 0.962907, 0.269834, 0.503658, 0.0, 0.0, 0.0, 1.0],
                [1.0, 0.0, 0.0, -5e-06, 0.0, 0.361564, -0.932347, 1.765259, 0.0, 0.932347, 0.361564, 0.491129, 0.0, 0.0, 0.0, 1.0],
                [1.0, 0.0, 0.0, -5e-06, 0.0, 0.433961, -0.900932, 1.778708, 0.0, 0.900932, 0.433961, 0.480847, 0.0, 0.0, 0.0, 1.0],
                [1.0, 0.0, 0.0, -5e-06, 0.0, 0.485671, -0.874142, 1.788702, 0.0, 0.874142, 0.485671, 0.473206, 0.0, 0.0, 0.0, 1.0],
                [1.0, 0.0, 0.0, -5e-06, 0.0, 0.516516, -0.856277, 1.794856, 0.0, 0.856277, 0.516516, 0.468501, 0.0, 0.0, 0.0, 1.0],
                [1.0, 0.0, 0.0, -5e-06, 0.0, 0.526749, -0.850021, 1.796934, 0.0, 0.850021, 0.526749, 0.466913, 0.0, 0.0, 0.0, 1.0],
                [1.0, 0.0, 0.0, -5e-06, 0.0, 0.522096, -0.852887, 1.795071, 0.0, 0.852887, 0.522096, 0.467767, 0.0, 0.0, 0.0, 1.0],
                [1.0, 0.0, 0.0, -5e-06, 0.0, 0.508795, -0.860888, 1.789573, 0.0, 0.860888, 0.508795, 0.470285, 0.0, 0.0, 0.0, 1.0],
                [1.0, 0.0, 0.0, -5e-06, 0.0, 0.487732, -0.872994, 1.780717, 0.0, 0.872994, 0.487732, 0.474342, 0.0, 0.0, 0.0, 1.0],
                [1.0, 0.0, 0.0, -5e-06, 0.0, 0.459741, -0.888053, 1.768946, 0.0, 0.888053, 0.459741, 0.479734, 0.0, 0.0, 0.0, 1.0],
                [1.0, 0.0, 0.0, -5e-06, 0.0, 0.425686, -0.904871, 1.754852, 0.0, 0.904871, 0.425686, 0.48619, 0.0, 0.0, 0.0, 1.0],
                [1.0, 0.0, 0.0, -5e-06, 0.0, 0.386527, -0.922278, 1.73914, 0.0, 0.922278, 0.386527, 0.493387, 0.0, 0.0, 0.0, 1.0],
                [1.0, 0.0, 0.0, -5e-06, 0.0, 0.343359, -0.939204, 1.722599, 0.0, 0.939204, 0.343359, 0.500965, 0.0, 0.0, 0.0, 1.0],
                [1.0, 0.0, 0.0, -5e-06, 0.0, 0.297425, -0.954745, 1.72114, 0.0, 0.954745, 0.297425, 0.501754, 0.0, 0.0, 0.0, 1.0],
                [1.0, 0.0, 0.0, -5e-06, 0.0, 0.250104, -0.968219, 1.7168, 0.0, 0.968219, 0.250104, 0.504104, 0.0, 0.0, 0.0, 1.0],
                [1.0, 0.0, 0.0, -5e-06, 0.0, 0.202872, -0.979205, 1.709685, 0.0, 0.979205, 0.202872, 0.507955, 0.0, 0.0, 0.0, 1.0],
                [1.0, 0.0, 0.0, -5e-06, 0.0, 0.157262, -0.987557, 1.699971, 0.0, 0.987557, 0.157262, 0.513213, 0.0, 0.0, 0.0, 1.0],
                [1.0, 0.0, 0.0, -5e-06, 0.0, 0.114805, -0.993388, 1.687897, 0.0, 0.993388, 0.114805, 0.519748, 0.0, 0.0, 0.0, 1.0],
                [1.0, 0.0, 0.0, -5e-06, 0.0, 0.076997, -0.997031, 1.67376, 0.0, 0.997031, 0.076997, 0.527401, 0.0, 0.0, 0.0, 1.0],
                [1.0, 0.0, 0.0, -5e-06, 0.0, 0.045269, -0.998975, 1.657908, 0.0, 0.998975, 0.045269, 0.535981, 0.0, 0.0, 0.0, 1.0],
                [1.0, 0.0, 0.0, -5e-06, 0.0, 0.020987, -0.99978, 1.640731, 0.0, 0.99978, 0.020987, 0.545279, 0.0, 0.0, 0.0, 1.0],
                [1.0, 0.0, 0.0, -5e-06, 0.0, 0.005465, -0.999985, 1.622654, 0.0, 0.999985, 0.005465, 0.555064, 0.0, 0.0, 0.0, 1.0],
                [1.0, 0.0, 0.0, -5e-06, 0.0, 0.0, -1.0, 1.604119, 0.0, 1.0, 0.0, 0.565096, 0.0, 0.0, 0.0, 1.0]
            ]
        },
        {
            "name": "Thigh_R",
            "time": [0.0, 0.01, 0.02, 0.03, 0.04, 0.05, 0.06, 0.07, 0.08, 0.09, 0.1, 0.11, 0.12, 0.13, 0.14, 0.15, 0.16, 0.17, 0.18, 0.19, 0.2, 0.21, 0.22, 0.23, 0.24, 0.25, 0.26, 0.27, 0.28, 0.29, 0.3, 0.31, 0.32, 0.33, 0.34, 0.35, 0.36, 0.37, 0.38, 0.39, 0.4, 0.41, 0.42, 0.43, 0.44, 0.45, 0.46, 0.47, 0.48, 0.49, 0.5, 0.51, 0.52, 0.53, 0.54, 0.55, 0.56, 0.57, 0.58, 0.59, 0.6, 0.61, 0.62, 0.63, 0.64, 0.65, 0.66, 0.67, 0.68, 0.69, 0.7],
            "transform": [
                [0.998773, 0.02671, 0.041687, 0.121519, -0.042517, 0.031267, 0.998607, 0.014177, 0.025369, -0.999152, 0.032364, -0.010436, 0.0, 0.0, 0.0, 1.0],
                [0.998791, 0.027914, 0.040456, 0.121519, -0.041831, 0.050545, 0.997845, 0.014177, 0.025809, -0.99833, 0.051652, -0.010436, 0.0, 0.0, 0.0, 1.0],
                [0.998838, 0.030576, 0.037252, 0.121519, -0.039879, 0.090356, 0.995111, 0.014177, 0.02706, -0.995438, 0.091471, -0.010436, 0.0, 0.0, 0.0, 1.0],
                [0.9989, 0.033428, 0.032884, 0.121519, -0.036838, 0.125516, 0.991408, 0.014177, 0.029013, -0.991526, 0.126609, -0.010436, 0.0, 0.0, 0.0, 1.0],
                [0.99896, 0.035885, 0.028098, 0.121519, -0.032894, 0.140941, 0.989472, 0.014177, 0.031547, -0.989366, 0.141975, -0.010436, 0.0, 0.0, 0.0, 1.0],
                [0.999004, 0.037868, 0.023589, 0.121519, -0.028234, 0.127238, 0.99147, 0.014177, 0.034543, -0.991147, 0.128181, -0.010436, 0.0, 0.0, 0.0, 1.0],
                [0.999016, 0.039564, 0.020021, 0.121519, -0.023034, 0.077228, 0.996748, 0.014177, 0.03789, -0.996226, 0.078064, -0.010436, 0.0, 0.0, 0.0, 1.0],
                [0.998986, 0.041243, 0.018018, 0.121519, -0.017452, -0.014051, 0.999749, 0.014177, 0.041486, -0.999049, -0.013317, -0.010436, 0.0, 0.0, 0.0, 1.0],
                [0.998908, 0.04306, 0.018121, 0.121519, -0.01162, -0.146697, 0.989114, 0.014177, 0.04525, -0.988242, -0.146037, -0.010436, 0.0, 0.0, 0.0, 1.0],
                [0.998777, 0.044888, 0.020708, 0.121519, -0.005646, -0.312588, 0.949872, 0.014177, 0.049111, -0.948825, -0.311953, -0.010436, 0.0, 0.0, 0.0, 1.0],
                [0.998593, 0.046251, 0.025911, 0.121519, 0.000385, -0.495061, 0.868858, 0.014177, 0.053013, -0.867624, -0.494384, -0.010436, 0.0, 0.0, 0.0, 1.0],
                [0.998358, 0.046371, 0.03361, 0.121519, 0.006407, -0.673615, 0.739053, 0.014177, 0.056911, -0.737623, -0.672808, -0.010436, 0.0, 0.0, 0.0, 1.0],
                [0.998075, 0.04414, 0.043555, 0.121519, 0.01237, -0.829965, 0.557675, 0.014177, 0.060765, -0.556062, -0.828916, -0.010436, 0.0, 0.0, 0.0, 1.0],
                [0.997748, 0.037498, 0.055606, 0.121519, 0.018228, -0.949498, 0.313237, 0.014177, 0.064544, -0.311518, -0.948046, -0.010436, 0.0, 0.0, 0.0, 1.0],
                [0.997426, 0.029614, 0.065294, 0.121519, 0.023298, -0.995159, 0.095461, 0.014177, 0.067805, -0.093694, -0.99329, -0.010436, 0.0, 0.0, 0.0, 1.0],
                [0.997165, 0.035349, 0.066413, 0.121519, 0.027031, -0.992135, 0.122206, 0.014177, 0.070211, -0.120064, -0.99028, -0.010436, 0.0, 0.0, 0.0, 1.0],
                [0.996999, 0.048335, 0.06046, 0.121519, 0.029272, -0.9585, 0.283579, 0.014177, 0.071658, -0.280958, -0.957041, -0.010436, 0.0, 0.0, 0.0, 1.0],
                [0.996987, 0.0601, 0.049035, 0.121519, 0.029437, -0.878042, 0.477674, 0.014177, 0.071763, -0.47479, -0.877168, -0.010436, 0.0, 0.0, 0.0, 1.0],
                [0.997197, 0.066973, 0.03333, 0.121519, 0.026593, -0.733797, 0.678847, 0.014177, 0.069922, -0.676057, -0.733523, -0.010436, 0.0, 0.0, 0.0, 1.0],
                [0.997651, 0.066609, 0.015948, 0.121519, 0.019845, -0.503976, 0.863489, 0.014177, 0.065553, -0.861143, -0.504115, -0.010436, 0.0, 0.0, 0.0, 1.0],
                [0.998234, 0.059351, 0.002242, 0.121519, 0.009218, -0.192122, 0.981328, 0.014177, 0.058673, -0.979573, -0.192331, -0.010436, 0.0, 0.0, 0.0, 1.0],
                [0.998699, 0.05094, -0.002212, 0.121519, -0.00279, 0.097917, 0.995191, 0.014177, 0.050912, -0.993888, 0.097932, -0.010436, 0.0, 0.0, 0.0, 1.0],
                [0.99893, 0.046201, 0.001641, 0.121519, -0.012911, 0.244725, 0.969507, 0.014177, 0.04439, -0.968489, 0.245061, -0.010436, 0.0, 0.0, 0.0, 1.0],
                [0.999005, 0.043583, 0.00946, 0.121519, -0.019835, 0.244228, 0.969515, 0.014177, 0.039944, -0.968736, 0.24485, -0.010436, 0.0, 0.0, 0.0, 1.0],
                [0.999016, 0.040521, 0.018009, 0.121519, -0.023458, 0.138298, 0.990113, 0.014177, 0.03763, -0.98956, 0.139113, -0.010436, 0.0, 0.0, 0.0, 1.0],
                [0.999015, 0.036124, 0.025743, 0.121519, -0.024156, -0.043704, 0.998753, 0.014177, 0.037204, -0.99839, -0.042788, -0.010436, 0.0, 0.0, 0.0, 1.0],
                [0.999012, 0.02987, 0.03289, 0.121519, -0.022261, -0.304138, 0.952368, 0.014177, 0.03845, -0.952158, -0.303173, -0.010436, 0.0, 0.0, 0.0, 1.0],
                [0.998986, 0.029962, 0.033582, 0.121519, -0.017781, -0.422716, 0.906088, 0.014177, 0.041344, -0.905765, -0.421756, -0.010436, 0.0, 0.0, 0.0, 1.0],
                [0.998909, 0.03905, 0.025596, 0.121519, -0.011828, -0.31869, 0.947785, 0.014177, 0.045168, -0.947052, -0.317882, -0.010436, 0.0, 0.0, 0.0, 1.0],
                [0.998779, 0.045232, 0.019848, 0.121519, -0.00578, -0.29203, 0.956392, 0.014177, 0.049056, -0.955337, -0.291413, -0.010436, 0.0, 0.0, 0.0, 1.0],
                [0.998595, 0.050778, 0.015123, 0.121519, 0.000325, -0.291306, 0.95663, 0.014177, 0.052981, -0.955279, -0.290914, -0.010436, 0.0, 0.0, 0.0, 1.0],
                [0.998358, 0.056186, 0.011147, 0.121519, 0.006448, -0.303607, 0.952776, 0.014177, 0.056917, -0.951137, -0.303471, -0.010436, 0.0, 0.0, 0.0, 1.0],
                [0.998068, 0.061616, 0.007889, 0.121519, 0.012551, -0.324398, 0.945837, 0.014177, 0.060838, -0.94391, -0.324545, -0.010436, 0.0, 0.0, 0.0, 1.0],
                [0.99773, 0.067117, 0.005391, 0.121519, 0.018588, -0.351506, 0.936001, 0.014177, 0.064716, -0.933775, -0.351956, -0.010436, 0.0, 0.0, 0.0, 1.0],
                [0.997348, 0.072682, 0.003733, 0.121519, 0.024518, -0.383843, 0.923073, 0.014177, 0.068523, -0.920532, -0.384608, -0.010436, 0.0, 0.0, 0.0, 1.0],
                [0.996919, 0.078383, 0.002782, 0.121519, 0.030404, -0.418911, 0.907518, 0.014177, 0.0723, -0.904636, -0.420005, -0.010436, 0.0, 0.0, 0.0, 1.0],
                [0.996439, 0.084282, 0.00233, 0.121519, 0.036317, -0.453982, 0.89027, 0.014177, 0.076091, -0.887014, -0.455427, -0.010436, 0.0, 0.0, 0.0, 1.0],
                [0.99591, 0.090315, 0.002344, 0.121519, 0.04222, -0.488188, 0.871716, 0.014177, 0.079874, -0.868051, -0.490006, -0.010436, 0.0, 0.0, 0.0, 1.0],
                [0.995337, 0.096416, 0.002765, 0.121519, 0.048074, -0.520723, 0.852371, 0.014177, 0.083622, -0.848262, -0.522931, -0.010436, 0.0, 0.0, 0.0, 1.0],
                [0.994725, 0.102513, 0.003504, 0.121519, 0.053836, -0.550853, 0.832863, 0.014177, 0.08731, -0.82828, -0.553468, -0.010436, 0.0, 0.0, 0.0, 1.0],
                [0.994083, 0.108528, 0.004446, 0.121519, 0.059454, -0.577926, 0.81392, 0.014177, 0.090903, -0.808838, -0.580961, -0.010436, 0.0, 0.0, 0.0, 1.0],
                [0.993421, 0.114382, 0.005452, 0.121519, 0.064871, -0.601367, 0.796334, 0.014177, 0.094365, -0.79074, -0.604833, -0.010436, 0.0, 0.0, 0.0, 1.0],
                [0.992754, 0.119994, 0.006356, 0.121519, 0.07002, -0.620662, 0.780945, 0.014177, 0.097654, -0.77484, -0.624568, -0.010436, 0.0, 0.0, 0.0, 1.0],
                [0.992096, 0.125281, 0.006975, 0.121519, 0.074827, -0.635339, 0.768598, 0.014177, 0.100723, -0.762, -0.639694, -0.010436, 0.0, 0.0, 0.0, 1.0],
                [0.991467, 0.130161, 0.007109, 0.121519, 0.079217, -0.644932, 0.760122, 0.014177, 0.103524, -0.753072, -0.649741, -0.010436, 0.0, 0.0, 0.0, 1.0],
                [0.990885, 0.13455, 0.006552, 0.121519, 0.083118, -0.648938, 0.756287, 0.014177, 0.10601, -0.748847, -0.654208, -0.010436, 0.0, 0.0, 0.0, 1.0],
                [0.990174, 0.137395, -0.026028, 0.121519, 0.087699, -0.465147, 0.880879, 0.014177, 0.108922, -0.874504, -0.472627, -0.010436, 0.0, 0.0, 0.0, 1.0],
                [0.989149, 0.135608, -0.056505, 0.121519, 0.093982, -0.288479, 0.952863, 0.014177, 0.112916, -0.947832, -0.298095, -0.010436, 0.0, 0.0, 0.0, 1.0],
                [0.987791, 0.130468, -0.085121, 0.121519, 0.101821, -0.127191, 0.986638, 0.014177, 0.117898, -0.983258, -0.138923, -0.010436, 0.0, 0.0, 0.0, 1.0],
                [0.986148, 0.12312, -0.111146, 0.121519, 0.110689, 0.010571, 0.993799, 0.014177, 0.123531, -0.992334, -0.003204, -0.010436, 0.0, 0.0, 0.0, 1.0],
                [0.98437, 0.114927, -0.133437, 0.121519, 0.11965, 0.119513, 0.985597, 0.014177, 0.129219, -0.986157, 0.103895, -0.010436, 0.0, 0.0, 0.0, 1.0],
                [0.982725, 0.107449, -0.150683, 0.121519, 0.127466, 0.197323, 0.972017, 0.014177, 0.134176, -0.97443, 0.180218, -0.010436, 0.0, 0.0, 0.0, 1.0],
                [0.981542, 0.102206, -0.161644, 0.121519, 0.132839, 0.243685, 0.960715, 0.014177, 0.137581, -0.964452, 0.225611, -0.010436, 0.0, 0.0, 0.0, 1.0],
                [0.981108, 0.100321, -0.165414, 0.121519, 0.134762, 0.259049, 0.956417, 0.014177, 0.138799, -0.960638, 0.240637, -0.010436, 0.0, 0.0, 0.0, 1.0],
                [0.98129, 0.101249, -0.163759, 0.121519, 0.133957, 0.25188, 0.958443, 0.014177, 0.138289, -0.962446, 0.233605, -0.010436, 0.0, 0.0, 0.0, 1.0],
                [0.981803, 0.103847, -0.158989, 0.121519, 0.131668, 0.231036, 0.963995, 0.014177, 0.13684, -0.967385, 0.213159, -0.010436, 0.0, 0.0, 0.0, 1.0],
                [0.982574, 0.107767, -0.151438, 0.121519, 0.12816, 0.197281, 0.971934, 0.014177, 0.134618, -0.974404, 0.180032, -0.010436, 0.0, 0.0, 0.0, 1.0],
                [0.983514, 0.112608, -0.141485, 0.121519, 0.123767, 0.151235, 0.980719, 0.014177, 0.131834, -0.982061, 0.134805, -0.010436, 0.0, 0.0, 0.0, 1.0],
                [0.984533, 0.117949, -0.129545, 0.121519, 0.118851, 0.093606, 0.98849, 0.014177, 0.128718, -0.988596, 0.07814, -0.010436, 0.0, 0.0, 0.0, 1.0],
                [0.985549, 0.123386, -0.116053, 0.121519, 0.11377, 0.025414, 0.993182, 0.014177, 0.125495, -0.992032, 0.011009, -0.010436, 0.0, 0.0, 0.0, 1.0],
                [0.986498, 0.128562, -0.101454, 0.121519, 0.108844, -0.051808, 0.992708, 0.014177, 0.122369, -0.990345, -0.065102, -0.010436, 0.0, 0.0, 0.0, 1.0],
                [0.986787, 0.132652, -0.093025, 0.121519, 0.107306, -0.10491, 0.988676, 0.014177, 0.12139, -0.985593, -0.117758, -0.010436, 0.0, 0.0, 0.0, 1.0],
                [0.987119, 0.136629, -0.083227, 0.121519, 0.105515, -0.164976, 0.980637, 0.014177, 0.120253, -0.976786, -0.177268, -0.010436, 0.0, 0.0, 0.0, 1.0],
                [0.987486, 0.140203, -0.072199, 0.121519, 0.103508, -0.230823, 0.967475, 0.014177, 0.118978, -0.96284, -0.242447, -0.010436, 0.0, 0.0, 0.0, 1.0],
                [0.987748, 0.143503, -0.061323, 0.121519, 0.102059, -0.296736, 0.94949, 0.014177, 0.118058, -0.944114, -0.307747, -0.010436, 0.0, 0.0, 0.0, 1.0],
                [0.987817, 0.146776, -0.05171, 0.121519, 0.101673, -0.357149, 0.928497, 0.014177, 0.117813, -0.922441, -0.367722, -0.010436, 0.0, 0.0, 0.0, 1.0],
                [0.987775, 0.149867, -0.042888, 0.121519, 0.101905, -0.412612, 0.905189, 0.014177, 0.117962, -0.898492, -0.422841, -0.010436, 0.0, 0.0, 0.0, 1.0],
                [0.987715, 0.152438, -0.034357, 0.121519, 0.102237, -0.464139, 0.879842, 0.014177, 0.118175, -0.872544, -0.474024, -0.010436, 0.0, 0.0, 0.0, 1.0],
                [0.98774, 0.153978, -0.025679, 0.121519, 0.102097, -0.512773, 0.852431, 0.014177, 0.118088, -0.844601, -0.522209, -0.010436, 0.0, 0.0, 0.0, 1.0],
                [0.987952, 0.153892, -0.01632, 0.121519, 0.100906, -0.560635, 0.821891, 0.014177, 0.117333, -0.813635, -0.569411, -0.010436, 0.0, 0.0, 0.0, 1.0],
                [0.988433, 0.151576, -0.004926, 0.121519, 0.09817, -0.614735, 0.7826, 0.014177, 0.115595, -0.77403, -0.622506, -0.010436, 0.0, 0.0, 0.0, 1.0]
            ]
        },
        {
            "name": "Leg_R",
            "time": [0.0, 0.01, 0.02, 0.03, 0.04, 0.05, 0.06, 0.07, 0.08, 0.09, 0.1, 0.11, 0.12, 0.13, 0.14, 0.15, 0.16, 0.17, 0.18, 0.19, 0.2, 0.21, 0.22, 0.23, 0.24, 0.25, 0.26, 0.27, 0.28, 0.29, 0.3, 0.31, 0.32, 0.33, 0.34, 0.35, 0.36, 0.37, 0.38, 0.39, 0.4, 0.41, 0.42, 0.43, 0.44, 0.45, 0.46, 0.47, 0.48, 0.49, 0.5, 0.51, 0.52, 0.53, 0.54, 0.55, 0.56, 0.57, 0.58, 0.59, 0.6, 0.61, 0.62, 0.63, 0.64, 0.65, 0.66, 0.67, 0.68, 0.69, 0.7],
            "transform": [
                [1.0, 4.8e-05, -0.000148, 0.0, 2.7e-05, 0.882876, 0.469605, 0.374721, 0.000153, -0.469605, 0.882876, -0.0, 0.0, 0.0, 0.0, 1.0],
                [1.0, 5.5e-05, -0.000147, 0.0, 3e-05, 0.854074, 0.520151, 0.374721, 0.000154, -0.52015, 0.854074, -0.0, 0.0, 0.0, 0.0, 1.0],
                [1.0, 7e-05, -0.000144, -0.0, 3.7e-05, 0.77462, 0.632426, 0.374721, 0.000155, -0.632426, 0.77462, 0.0, 0.0, 0.0, 0.0, 1.0],
                [1.0, 8.9e-05, -0.000137, 0.0, 4.5e-05, 0.658481, 0.752597, 0.374721, 0.000157, -0.752596, 0.658481, -0.0, 0.0, 0.0, 0.0, 1.0],
                [1.0, 0.000107, -0.000128, -0.0, 5.3e-05, 0.522583, 0.852588, 0.374721, 0.000158, -0.852587, 0.522584, -0.0, 0.0, 0.0, 0.0, 1.0],
                [1.0, 0.000122, -0.000117, 0.0, 6.1e-05, 0.38501, 0.922912, 0.374721, 0.000158, -0.922912, 0.38501, -0.0, 0.0, 0.0, 0.0, 1.0],
                [1.0, 0.000134, -0.000106, -0.0, 6.7e-05, 0.263457, 0.964671, 0.374721, 0.000157, -0.96467, 0.263457, -0.0, 0.0, 0.0, 0.0, 1.0],
                [1.0, 0.000142, -9.8e-05, -0.0, 7.2e-05, 0.173923, 0.984759, 0.374721, 0.000157, -0.984759, 0.173923, -0.0, 0.0, 0.0, 0.0, 1.0],
                [1.0, 0.000145, -9.4e-05, 0.0, 7.4e-05, 0.129627, 0.991563, 0.374721, 0.000156, -0.991562, 0.129627, 0.0, 0.0, 0.0, 0.0, 1.0],
                [1.0, 0.000144, -9.5e-05, -0.0, 7.4e-05, 0.140166, 0.990128, 0.374722, 0.000156, -0.990127, 0.140166, 0.0, 0.0, 0.0, 0.0, 1.0],
                [1.0, 0.000139, -0.000102, 0.0, 7e-05, 0.210901, 0.977507, 0.374721, 0.000157, -0.977507, 0.210902, -0.0, 0.0, 0.0, 0.0, 1.0],
                [1.0, 0.000126, -0.000113, -0.0, 6.3e-05, 0.342593, 0.939484, 0.374721, 0.000157, -0.939483, 0.342593, 0.0, 0.0, 0.0, 0.0, 1.0],
                [1.0, 0.000105, -0.000128, -0.0, 5.3e-05, 0.531245, 0.847218, 0.374721, 0.000158, -0.847217, 0.531245, 0.0, 0.0, 0.0, 0.0, 1.0],
                [1.0, 7.1e-05, -0.000143, 0.0, 3.7e-05, 0.768209, 0.640199, 0.374721, 0.000156, -0.640198, 0.768209, -0.0, 0.0, 0.0, 0.0, 1.0],
                [1.0, 3.9e-05, -0.000148, -0.0, 2.3e-05, 0.916992, 0.398903, 0.374721, 0.000152, -0.398903, 0.916993, -0.0, 0.0, 0.0, 0.0, 1.0],
                [1.0, 5.5e-05, -0.000147, -0.0, 3e-05, 0.852139, 0.523314, 0.374721, 0.000154, -0.523314, 0.852139, 0.0, 0.0, 0.0, 0.0, 1.0],
                [1.0, 9.4e-05, -0.000134, -0.0, 4.7e-05, 0.618259, 0.785974, 0.374721, 0.000157, -0.785973, 0.61826, -0.0, 0.0, 0.0, 0.0, 1.0],
                [1.0, 0.000131, -0.000109, -0.0, 6.6e-05, 0.291179, 0.956668, 0.374722, 0.000157, -0.956668, 0.291179, 0.0, 0.0, 0.0, 0.0, 1.0],
                [1.0, 0.000158, -7.6e-05, 0.0, 8.3e-05, -0.044575, 0.999006, 0.374721, 0.000154, -0.999005, -0.044575, 0.0, 0.0, 0.0, 0.0, 1.0],
                [1.0, 0.000172, -4.4e-05, 0.0, 9.6e-05, -0.311673, 0.950189, 0.374721, 0.00015, -0.950189, -0.311673, 0.0, 0.0, 0.0, 0.0, 1.0],
                [1.0, 0.000177, -2.6e-05, 0.0, 0.000102, -0.449044, 0.893509, 0.374721, 0.000147, -0.893509, -0.449045, -0.0, 0.0, 0.0, 0.0, 1.0],
                [1.0, 0.000176, -2.9e-05, 0.0, 0.000101, -0.423499, 0.905896, 0.374721, 0.000148, -0.905896, -0.423499, -0.0, 0.0, 0.0, 0.0, 1.0],
                [1.0, 0.000169, -5.3e-05, 0.0, 9.2e-05, -0.243694, 0.969852, 0.374721, 0.000151, -0.969851, -0.243694, -0.0, 0.0, 0.0, 0.0, 1.0],
                [1.0, 0.000151, -8.6e-05, -0.0, 7.8e-05, 0.055558, 0.998455, 0.374721, 0.000155, -0.998455, 0.055558, -0.0, 0.0, 0.0, 0.0, 1.0],
                [1.0, 0.000119, -0.000119, 0.0, 5.9e-05, 0.414294, 0.910142, 0.374721, 0.000158, -0.910142, 0.414294, -0.0, 0.0, 0.0, 0.0, 1.0],
                [1.0, 7.4e-05, -0.000142, 0.0, 3.8e-05, 0.752425, 0.658677, 0.374721, 0.000156, -0.658677, 0.752425, 0.0, 0.0, 0.0, 0.0, 1.0],
                [1.0, 1.6e-05, -0.000147, 0.0, 1.3e-05, 0.980881, 0.194604, 0.374721, 0.000148, -0.194603, 0.980882, 0.0, 0.0, 0.0, 0.0, 1.0],
                [1.0, -4e-06, -0.000143, 0.0, 5e-06, 0.999988, 0.004642, 0.374721, 0.000143, -0.004642, 0.999989, 0.0, 0.0, 0.0, 0.0, 1.0],
                [1.0, 2.9e-05, -0.000149, -0.0, 1.9e-05, 0.949448, 0.313921, 0.374721, 0.00015, -0.313921, 0.949449, -0.0, 0.0, 0.0, 0.0, 1.0],
                [1.0, 4.5e-05, -0.000148, 0.0, 2.6e-05, 0.895, 0.446064, 0.374721, 0.000153, -0.446063, 0.895001, 0.0, 0.0, 0.0, 0.0, 1.0],
                [1.0, 5.5e-05, -0.000147, -0.0, 3e-05, 0.854014, 0.520248, 0.374721, 0.000154, -0.520248, 0.854015, 0.0, 0.0, 0.0, 0.0, 1.0],
                [1.0, 6.1e-05, -0.000146, -0.0, 3.2e-05, 0.824964, 0.565185, 0.374722, 0.000155, -0.565185, 0.824964, 0.0, 0.0, 0.0, 0.0, 1.0],
                [1.0, 6.4e-05, -0.000145, 0.0, 3.4e-05, 0.806794, 0.590832, 0.374721, 0.000155, -0.590832, 0.806794, -0.0, 0.0, 0.0, 0.0, 1.0],
                [1.0, 6.6e-05, -0.000145, 0.0, 3.5e-05, 0.798668, 0.601771, 0.374721, 0.000155, -0.601771, 0.798668, -0.0, 0.0, 0.0, 0.0, 1.0],
                [1.0, 6.5e-05, -0.000145, -0.0, 3.5e-05, 0.799952, 0.600063, 0.374722, 0.000155, -0.600063, 0.799952, 0.0, 0.0, 0.0, 0.0, 1.0],
                [1.0, 6.4e-05, -0.000145, -0.0, 3.4e-05, 0.805861, 0.592104, 0.374722, 0.000155, -0.592103, 0.805862, 0.0, 0.0, 0.0, 0.0, 1.0],
                [1.0, 6.3e-05, -0.000145, 0.0, 3.4e-05, 0.811873, 0.583833, 0.374721, 0.000155, -0.583833, 0.811873, -0.0, 0.0, 0.0, 0.0, 1.0],
                [1.0, 6.2e-05, -0.000146, 0.0, 3.3e-05, 0.817893, 0.57537, 0.374721, 0.000155, -0.575369, 0.817893, 0.0, 0.0, 0.0, 0.0, 1.0],
                [1.0, 6.1e-05, -0.000146, 0.0, 3.3e-05, 0.823823, 0.566846, 0.374721, 0.000155, -0.566845, 0.823824, -0.0, 0.0, 0.0, 0.0, 1.0],
                [1.0, 6e-05, -0.000146, 0.0, 3.2e-05, 0.829568, 0.558405, 0.374722, 0.000154, -0.558405, 0.829568, 0.0, 0.0, 0.0, 0.0, 1.0],
                [1.0, 5.9e-05, -0.000146, -0.0, 3.2e-05, 0.835026, 0.550209, 0.374721, 0.000154, -0.550209, 0.835027, -0.0, 0.0, 0.0, 0.0, 1.0],
                [1.0, 5.7e-05, -0.000146, 0.0, 3.1e-05, 0.8401, 0.54243, 0.374721, 0.000154, -0.54243, 0.840101, -0.0, 0.0, 0.0, 0.0, 1.0],
                [1.0, 5.7e-05, -0.000147, 0.0, 3.1e-05, 0.844688, 0.535258, 0.374721, 0.000154, -0.535258, 0.844688, -0.0, 0.0, 0.0, 0.0, 1.0],
                [1.0, 5.6e-05, -0.000147, 0.0, 3e-05, 0.848689, 0.52889, 0.374722, 0.000154, -0.52889, 0.84869, -0.0, 0.0, 0.0, 0.0, 1.0],
                [1.0, 5.5e-05, -0.000147, 0.0, 3e-05, 0.851998, 0.523544, 0.374721, 0.000154, -0.523544, 0.851998, 0.0, 0.0, 0.0, 0.0, 1.0],
                [1.0, 5.4e-05, -0.000147, -0.0, 3e-05, 0.854511, 0.519432, 0.374721, 0.000154, -0.519432, 0.854511, 0.0, 0.0, 0.0, 0.0, 1.0],
                [1.0, 8e-05, -0.000141, -0.0, 4.1e-05, 0.718092, 0.695947, 0.374722, 0.000156, -0.695947, 0.718093, 0.0, 0.0, 0.0, 0.0, 1.0],
                [1.0, 9.8e-05, -0.000133, -0.0, 4.9e-05, 0.591948, 0.805976, 0.374722, 0.000157, -0.805976, 0.591948, 0.0, 0.0, 0.0, 0.0, 1.0],
                [1.0, 0.000112, -0.000125, 0.0, 5.6e-05, 0.480275, 0.877117, 0.374721, 0.000158, -0.877117, 0.480276, -0.0, 0.0, 0.0, 0.0, 1.0],
                [1.0, 0.000122, -0.000117, 0.0, 6.1e-05, 0.386141, 0.922439, 0.374722, 0.000158, -0.922439, 0.386141, 0.0, 0.0, 0.0, 0.0, 1.0],
                [1.0, 0.000129, -0.000111, -0.0, 6.5e-05, 0.311573, 0.950222, 0.374721, 0.000157, -0.950221, 0.311574, -0.0, 0.0, 0.0, 0.0, 1.0],
                [1.0, 0.000134, -0.000106, -0.0, 6.8e-05, 0.257763, 0.966208, 0.374721, 0.000157, -0.966208, 0.257763, 0.0, 0.0, 0.0, 0.0, 1.0],
                [1.0, 0.000137, -0.000103, 0.0, 6.9e-05, 0.225316, 0.974285, 0.374722, 0.000157, -0.974285, 0.225316, 0.0, 0.0, 0.0, 0.0, 1.0],
                [1.0, 0.000138, -0.000102, 0.0, 7e-05, 0.214482, 0.976728, 0.374721, 0.000157, -0.976727, 0.214482, -0.0, 0.0, 0.0, 0.0, 1.0],
                [1.0, 0.000138, -0.000103, -0.0, 7e-05, 0.222063, 0.975032, 0.374721, 0.000157, -0.975032, 0.222063, 0.0, 0.0, 0.0, 0.0, 1.0],
                [1.0, 0.000136, -0.000105, -0.0, 6.8e-05, 0.244573, 0.969631, 0.374722, 0.000157, -0.96963, 0.244573, -0.0, 0.0, 0.0, 0.0, 1.0],
                [1.0, 0.000132, -0.000108, 0.0, 6.6e-05, 0.281374, 0.959598, 0.374721, 0.000157, -0.959598, 0.281374, -0.0, 0.0, 0.0, 0.0, 1.0],
                [1.0, 0.000127, -0.000112, 0.0, 6.4e-05, 0.331377, 0.943498, 0.374721, 0.000157, -0.943498, 0.331377, 0.0, 0.0, 0.0, 0.0, 1.0],
                [1.0, 0.000121, -0.000118, -0.0, 6.1e-05, 0.392941, 0.919563, 0.374722, 0.000158, -0.919563, 0.392941, 0.0, 0.0, 0.0, 0.0, 1.0],
                [1.0, 0.000113, -0.000123, -0.0, 5.7e-05, 0.463787, 0.885946, 0.374721, 0.000158, -0.885946, 0.463787, -0.0, 0.0, 0.0, 0.0, 1.0],
                [1.0, 0.000104, -0.000129, 0.0, 5.2e-05, 0.540959, 0.841048, 0.374721, 0.000158, -0.841048, 0.54096, -0.0, 0.0, 0.0, 0.0, 1.0],
                [1.0, 0.000103, -0.00013, 0.0, 5.1e-05, 0.551948, 0.833878, 0.374721, 0.000158, -0.833878, 0.551948, 0.0, 0.0, 0.0, 0.0, 1.0],
                [1.0, 0.0001, -0.000132, 0.0, 5e-05, 0.577079, 0.816688, 0.374722, 0.000157, -0.816688, 0.577079, -0.0, 0.0, 0.0, 0.0, 1.0],
                [1.0, 9.5e-05, -0.000134, -0.0, 4.8e-05, 0.616099, 0.787668, 0.374721, 0.000157, -0.787668, 0.616099, -0.0, 0.0, 0.0, 0.0, 1.0],
                [1.0, 9e-05, -0.000137, -0.0, 4.5e-05, 0.650815, 0.759236, 0.374722, 0.000157, -0.759236, 0.650815, 0.0, 0.0, 0.0, 0.0, 1.0],
                [1.0, 8.7e-05, -0.000138, 0.0, 4.4e-05, 0.66956, 0.742757, 0.374722, 0.000157, -0.742757, 0.66956, 0.0, 0.0, 0.0, 0.0, 1.0],
                [1.0, 8.5e-05, -0.000138, -0.0, 4.3e-05, 0.682185, 0.731179, 0.374721, 0.000157, -0.731179, 0.682185, -0.0, 0.0, 0.0, 0.0, 1.0],
                [1.0, 8.3e-05, -0.000139, 0.0, 4.2e-05, 0.698202, 0.7159, 0.374722, 0.000157, -0.7159, 0.698202, -0.0, 0.0, 0.0, 0.0, 1.0],
                [1.0, 7.8e-05, -0.000141, -0.0, 4e-05, 0.726364, 0.687309, 0.374722, 0.000156, -0.687309, 0.726365, 0.0, 0.0, 0.0, 0.0, 1.0],
                [1.0, 7e-05, -0.000144, -0.0, 3.7e-05, 0.775031, 0.631922, 0.374721, 0.000155, -0.631922, 0.775031, 0.0, 0.0, 0.0, 0.0, 1.0],
                [1.0, 5.5e-05, -0.000147, 0.0, 3e-05, 0.853299, 0.521421, 0.374722, 0.000154, -0.521421, 0.853299, -0.0, 0.0, 0.0, 0.0, 1.0]
            ]
        },
        {
            "name": "Knee_R",
            "time": [0.0, 0.01, 0.02, 0.03, 0.04, 0.05, 0.06, 0.07, 0.08, 0.09, 0.1, 0.11, 0.12, 0.13, 0.14, 0.15, 0.16, 0.17, 0.18, 0.22, 0.23, 0.24, 0.25, 0.26, 0.28, 0.29, 0.3, 0.31, 0.32, 0.33, 0.34, 0.35, 0.36, 0.37, 0.38, 0.39, 0.4, 0.41, 0.42, 0.43, 0.44, 0.45, 0.46, 0.47, 0.48, 0.49, 0.5, 0.51, 0.52, 0.53, 0.54, 0.55, 0.56, 0.57, 0.58, 0.59, 0.6, 0.61, 0.62, 0.63, 0.64, 0.65, 0.66, 0.67, 0.68, 0.69, 0.7],
            "transform": [
                [1.0, -5.7e-05, 5.7e-05, 8.1e-05, 5.7e-05, 0.002669, -0.999996, 0.375207, 5.7e-05, 0.999996, 0.002669, 0.000144, 0.0, 0.0, 0.0, 1.0],
                [1.0, -5.7e-05, 5.7e-05, 8e-05, 5.7e-05, 0.002669, -0.999996, 0.380431, 5.7e-05, 0.999996, 0.002669, 0.00013, 0.0, 0.0, 0.0, 1.0],
                [1.0, -5.7e-05, 5.7e-05, 8e-05, 5.7e-05, 0.002669, -0.999996, 0.392791, 5.7e-05, 0.999996, 0.002669, 9.7e-05, 0.0, 0.0, 0.0, 1.0],
                [1.0, -5.7e-05, 5.7e-05, 7.9e-05, 5.7e-05, 0.002669, -0.999996, 0.407815, 5.7e-05, 0.999996, 0.002669, 5.7e-05, 0.0, 0.0, 0.0, 1.0],
                [1.0, -5.7e-05, 5.7e-05, 7.8e-05, 5.7e-05, 0.002669, -0.999996, 0.422982, 5.7e-05, 0.999996, 0.002669, 1.6e-05, 0.0, 0.0, 0.0, 1.0],
                [1.0, -5.7e-05, 5.7e-05, 7.7e-05, 5.7e-05, 0.002669, -0.999996, 0.43687, 5.7e-05, 0.999996, 0.002669, -2.1e-05, 0.0, 0.0, 0.0, 1.0],
                [1.0, -5.7e-05, 5.7e-05, 7.7e-05, 5.7e-05, 0.002669, -0.999996, 0.448418, 5.7e-05, 0.999996, 0.002669, -5.2e-05, 0.0, 0.0, 0.0, 1.0],
                [1.0, -5.7e-05, 5.7e-05, 7.6e-05, 5.7e-05, 0.002669, -0.999996, 0.45666, 5.7e-05, 0.999996, 0.002669, -7.4e-05, 0.0, 0.0, 0.0, 1.0],
                [1.0, -5.7e-05, 5.7e-05, 7.6e-05, 5.7e-05, 0.002669, -0.999996, 0.460685, 5.7e-05, 0.999996, 0.002669, -8.4e-05, 0.0, 0.0, 0.0, 1.0],
                [1.0, -5.7e-05, 5.7e-05, 7.6e-05, 5.7e-05, 0.002669, -0.999996, 0.45973, 5.7e-05, 0.999996, 0.002669, -8.2e-05, 0.0, 0.0, 0.0, 1.0],
                [1.0, -5.7e-05, 5.7e-05, 7.6e-05, 5.7e-05, 0.002669, -0.999996, 0.453277, 5.7e-05, 0.999996, 0.002669, -6.5e-05, 0.0, 0.0, 0.0, 1.0],
                [1.0, -5.7e-05, 5.7e-05, 7.7e-05, 5.7e-05, 0.002669, -0.999996, 0.440959, 5.7e-05, 0.999996, 0.002669, -3.2e-05, 0.0, 0.0, 0.0, 1.0],
                [1.0, -5.7e-05, 5.7e-05, 7.8e-05, 5.7e-05, 0.002669, -0.999996, 0.422067, 5.7e-05, 0.999996, 0.002669, 1.9e-05, 0.0, 0.0, 0.0, 1.0],
                [1.0, -5.7e-05, 5.7e-05, 8e-05, 5.7e-05, 0.002669, -0.999996, 0.393696, 5.7e-05, 0.999996, 0.002669, 9.4e-05, 0.0, 0.0, 0.0, 1.0],
                [1.0, -5.7e-05, 5.7e-05, 8.1e-05, 5.7e-05, 0.002669, -0.999996, 0.368156, 5.7e-05, 0.999996, 0.002669, 0.000163, 0.0, 0.0, 0.0, 1.0],
                [1.0, -5.7e-05, 5.7e-05, 8e-05, 5.7e-05, 0.002669, -0.999996, 0.380764, 5.7e-05, 0.999996, 0.002669, 0.000129, 0.0, 0.0, 0.0, 1.0],
                [1.0, -5.7e-05, 5.7e-05, 7.9e-05, 5.7e-05, 0.002669, -0.999996, 0.412508, 5.7e-05, 0.999996, 0.002669, 4.4e-05, 0.0, 0.0, 0.0, 1.0],
                [1.0, -5.7e-05, 5.7e-05, 7.7e-05, 5.7e-05, 0.002669, -0.999996, 0.445827, 5.7e-05, 0.999996, 0.002669, -4.5e-05, 0.0, 0.0, 0.0, 1.0],
                [1.0, -5.7e-05, 5.7e-05, 7.5e-05, 5.7e-05, 0.002669, -0.999996, 0.472836, 5.7e-05, 0.999996, 0.002669, -0.000117, 0.0, 0.0, 0.0, 1.0],
                [1.0, -5.7e-05, 5.7e-05, 7.5e-05, 5.7e-05, 0.002669, -0.999996, 0.472836, 5.7e-05, 0.999996, 0.002669, -0.000117, 0.0, 0.0, 0.0, 1.0],
                [1.0, -5.7e-05, 5.7e-05, 7.5e-05, 5.7e-05, 0.002669, -0.999996, 0.467365, 5.7e-05, 0.999996, 0.002669, -0.000102, 0.0, 0.0, 0.0, 1.0],
                [1.0, -5.7e-05, 5.7e-05, 7.7e-05, 5.7e-05, 0.002669, -0.999996, 0.434001, 5.7e-05, 0.999996, 0.002669, -1.3e-05, 0.0, 0.0, 0.0, 1.0],
                [1.0, -5.7e-05, 5.7e-05, 8e-05, 5.7e-05, 0.002669, -0.999996, 0.395878, 5.7e-05, 0.999996, 0.002669, 8.9e-05, 0.0, 0.0, 0.0, 1.0],
                [1.0, -5.7e-05, 5.7e-05, 8.1e-05, 5.7e-05, 0.002669, -0.999996, 0.367837, 5.7e-05, 0.999996, 0.002669, 0.000164, 0.0, 0.0, 0.0, 1.0],
                [1.0, -5.7e-05, 5.7e-05, 8.1e-05, 5.7e-05, 0.002669, -0.999996, 0.367837, 5.7e-05, 0.999996, 0.002669, 0.000163, 0.0, 0.0, 0.0, 1.0],
                [1.0, -5.7e-05, 5.7e-05, 8.1e-05, 5.7e-05, 0.002669, -0.999996, 0.372829, 5.7e-05, 0.999996, 0.002669, 0.00015, 0.0, 0.0, 0.0, 1.0],
                [1.0, -5.7e-05, 5.7e-05, 8e-05, 5.7e-05, 0.002669, -0.999996, 0.380441, 5.7e-05, 0.999996, 0.002669, 0.00013, 0.0, 0.0, 0.0, 1.0],
                [1.0, -5.7e-05, 5.7e-05, 8e-05, 5.7e-05, 0.002669, -0.999997, 0.385247, 5.7e-05, 0.999996, 0.002669, 0.000117, 0.0, 0.0, 0.0, 1.0],
                [1.0, -5.7e-05, 5.7e-05, 8e-05, 5.7e-05, 0.002669, -0.999996, 0.388069, 5.7e-05, 0.999996, 0.002669, 0.00011, 0.0, 0.0, 0.0, 1.0],
                [1.0, -5.7e-05, 5.7e-05, 8e-05, 5.7e-05, 0.002669, -0.999996, 0.389293, 5.7e-05, 0.999996, 0.002669, 0.000106, 0.0, 0.0, 0.0, 1.0],
                [1.0, -5.7e-05, 5.7e-05, 8e-05, 5.7e-05, 0.002669, -0.999996, 0.389101, 5.7e-05, 0.999996, 0.002669, 0.000107, 0.0, 0.0, 0.0, 1.0],
                [1.0, -5.7e-05, 5.7e-05, 8e-05, 5.7e-05, 0.002669, -0.999996, 0.388211, 5.7e-05, 0.999996, 0.002669, 0.000109, 0.0, 0.0, 0.0, 1.0],
                [1.0, -5.7e-05, 5.7e-05, 8e-05, 5.7e-05, 0.002669, -0.999996, 0.387292, 5.7e-05, 0.999996, 0.002669, 0.000112, 0.0, 0.0, 0.0, 1.0],
                [1.0, -5.7e-05, 5.7e-05, 8e-05, 5.7e-05, 0.002669, -0.999996, 0.38636, 5.7e-05, 0.999996, 0.002669, 0.000114, 0.0, 0.0, 0.0, 1.0],
                [1.0, -5.7e-05, 5.7e-05, 8e-05, 5.7e-05, 0.002669, -0.999996, 0.385428, 5.7e-05, 0.999996, 0.002669, 0.000116, 0.0, 0.0, 0.0, 1.0],
                [1.0, -5.7e-05, 5.7e-05, 8e-05, 5.7e-05, 0.002669, -0.999996, 0.384511, 5.7e-05, 0.999996, 0.002669, 0.000119, 0.0, 0.0, 0.0, 1.0],
                [1.0, -5.7e-05, 5.7e-05, 8e-05, 5.7e-05, 0.002669, -0.999996, 0.383627, 5.7e-05, 0.999996, 0.002669, 0.000121, 0.0, 0.0, 0.0, 1.0],
                [1.0, -5.7e-05, 5.7e-05, 8e-05, 5.7e-05, 0.002669, -0.999996, 0.382793, 5.7e-05, 0.999996, 0.002669, 0.000124, 0.0, 0.0, 0.0, 1.0],
                [1.0, -5.7e-05, 5.7e-05, 8e-05, 5.7e-05, 0.002669, -0.999996, 0.382028, 5.7e-05, 0.999996, 0.002669, 0.000126, 0.0, 0.0, 0.0, 1.0],
                [1.0, -5.7e-05, 5.7e-05, 8e-05, 5.7e-05, 0.002669, -0.999996, 0.381353, 5.7e-05, 0.999996, 0.002669, 0.000127, 0.0, 0.0, 0.0, 1.0],
                [1.0, -5.7e-05, 5.7e-05, 8e-05, 5.7e-05, 0.002669, -0.999996, 0.380788, 5.7e-05, 0.999996, 0.002669, 0.000129, 0.0, 0.0, 0.0, 1.0],
                [1.0, -5.7e-05, 5.7e-05, 8e-05, 5.7e-05, 0.002669, -0.999996, 0.380356, 5.7e-05, 0.999996, 0.002669, 0.00013, 0.0, 0.0, 0.0, 1.0],
                [1.0, -5.7e-05, 5.7e-05, 7.9e-05, 5.7e-05, 0.002669, -0.999996, 0.400429, 5.7e-05, 0.999996, 0.002669, 7.6e-05, 0.0, 0.0, 0.0, 1.0],
                [1.0, -5.7e-05, 5.7e-05, 7.8e-05, 5.7e-05, 0.002669, -0.999996, 0.415476, 5.7e-05, 0.999996, 0.002669, 3.6e-05, 0.0, 0.0, 0.0, 1.0],
                [1.0, -5.7e-05, 5.7e-05, 7.8e-05, 5.7e-05, 0.002669, -0.999996, 0.427375, 5.7e-05, 0.999996, 0.002669, 5e-06, 0.0, 0.0, 0.0, 1.0],
                [1.0, -5.7e-05, 5.7e-05, 7.7e-05, 5.7e-05, 0.002669, -0.999996, 0.43676, 5.7e-05, 0.999996, 0.002669, -2e-05, 0.0, 0.0, 0.0, 1.0],
