{
    "animation": [
        {
            "name": "Root",
            "time": [0.0, 0.0167, 0.0333, 0.05, 0.0667, 0.0833, 0.1, 0.1167, 0.1333, 0.15, 0.1667, 0.1833, 0.2, 0.2167, 0.2333, 0.25, 0.2667, 0.2833, 0.3, 0.3167, 0.3333, 0.35, 0.3667, 0.3833, 0.4, 0.4167, 0.4333, 0.45, 0.4667, 0.4833, 0.5, 0.5167, 0.5333, 0.55, 0.5667, 0.5833, 0.6, 0.6167, 0.6333, 0.65, 0.6667, 0.6833, 0.7, 0.7167, 0.7333, 0.75, 0.7667, 0.7833, 0.8, 0.8167, 0.8333, 0.85, 0.8667, 0.8833, 0.9, 0.9167, 0.9333, 0.95, 0.9667, 0.9833, 1.0, 1.0167, 1.0333, 1.05, 1.0667, 1.0833, 1.1, 1.1167, 1.1333, 1.15, 1.1667, 1.1833, 1.2, 1.2167, 1.2333, 1.25, 1.2667, 1.2833, 1.3, 1.3167, 1.3333],
            "transform": [
                [0.998077, 0.00668, -0.06162, -5e-06, -0.061981, 0.107569, -0.992264, 0.000946, -0.0, 0.994175, 0.107776, 0.718834, 0.0, 0.0, 0.0, 1.0],
                [0.998078, 0.007657, -0.061498, 0.000416, -0.061973, 0.123305, -0.990432, -0.067132, -0.0, 0.992339, 0.123542, 0.718834, 0.0, 0.0, 0.0, 1.0],
                [0.998078, 0.008633, -0.061365, 0.000836, -0.061969, 0.139032, -0.988347, -0.135211, -1e-06, 0.99025, 0.1393, 0.718834, 0.0, 0.0, 0.0, 1.0],
                [0.998078, 0.009609, -0.061219, 0.001257, -0.061969, 0.154745, -0.986009, -0.203289, -1e-06, 0.987908, 0.155043, 0.718834, 0.0, 0.0, 0.0, 1.0],
                [0.998078, 0.010584, -0.061062, 0.001677, -0.061973, 0.170438, -0.983418, -0.271367, -1e-06, 0.985312, 0.170766, 0.718834, 0.0, 0.0, 0.0, 1.0],
                [0.998077, 0.011557, -0.060894, 0.002097, -0.061981, 0.186105, -0.980573, -0.339446, -0.0, 0.982462, 0.186463, 0.718834, 0.0, 0.0, 0.0, 1.0],
                [0.998078, 0.012528, -0.060697, 0.002518, -0.061977, 0.201739, -0.977476, -0.407524, -0.0, 0.979359, 0.202128, 0.718834, 0.0, 0.0, 0.0, 1.0],
                [0.998078, 0.013496, -0.06049, 0.002938, -0.061977, 0.217335, -0.974128, -0.475603, -0.0, 0.976004, 0.217753, 0.718834, 0.0, 0.0, 0.0, 1.0],
                [0.998077, 0.014462, -0.06027, 0.003358, -0.061981, 0.232886, -0.970527, -0.543681, -0.0, 0.972396, 0.233335, 0.718834, 0.0, 0.0, 0.0, 1.0],
                [0.998078, 0.015424, -0.060027, 0.003779, -0.061977, 0.248387, -0.966676, -0.61176, -0.0, 0.968538, 0.248865, 0.718834, 0.0, 0.0, 0.0, 1.0],
                [0.998078, 0.016383, -0.059772, 0.004199, -0.061977, 0.263831, -0.962576, -0.679838, -1e-06, 0.96443, 0.264339, 0.718834, 0.0, 0.0, 0.0, 1.0],
                [0.998077, 0.017339, -0.059506, 0.004619, -0.061981, 0.279212, -0.958227, -0.747917, 0.0, 0.960073, 0.279749, 0.718834, 0.0, 0.0, 0.0, 1.0],
                [0.998077, 0.01829, -0.059219, 0.00504, -0.061979, 0.294524, -0.953632, -0.815995, -0.0, 0.955469, 0.295091, 0.718834, 0.0, 0.0, 0.0, 1.0],
                [0.998077, 0.019236, -0.05892, 0.00546, -0.061981, 0.309762, -0.948792, -0.884074, -0.0, 0.95062, 0.310359, 0.718834, 0.0, 0.0, 0.0, 1.0],
                [0.998077, 0.020177, -0.058603, 0.005881, -0.061979, 0.324919, -0.943709, -0.922666, -0.0, 0.945526, 0.325545, 0.718834, 0.0, 0.0, 0.0, 1.0],
                [0.998077, 0.021113, -0.058274, 0.006301, -0.061981, 0.339991, -0.938384, -0.961258, 0.0, 0.940192, 0.340645, 0.718834, 0.0, 0.0, 0.0, 1.0],
                [0.998077, 0.022043, -0.057926, 0.006721, -0.061979, 0.35497, -0.932821, -0.99985, -0.0, 0.934618, 0.355653, 0.718834, 0.0, 0.0, 0.0, 1.0],
                [0.998077, 0.022968, -0.057568, 0.007142, -0.061981, 0.369851, -0.927021, -1.038442, -0.0, 0.928807, 0.370564, 0.771463, 0.0, 0.0, 0.0, 1.0],
                [0.998077, 0.023885, -0.057192, 0.007562, -0.061979, 0.384629, -0.920988, -1.077034, -0.0, 0.922762, 0.38537, 0.824092, 0.0, 0.0, 0.0, 1.0],
                [0.998077, 0.024797, -0.056804, 0.007982, -0.061981, 0.399299, -0.914723, -1.115626, -0.0, 0.916485, 0.400068, 0.876721, 0.0, 0.0, 0.0, 1.0],
                [0.998077, 0.0257, -0.056401, 0.008403, -0.061981, 0.413855, -0.908231, -1.154218, -0.0, 0.90998, 0.414652, 0.92935, 0.0, 0.0, 0.0, 1.0],
                [0.998077, 0.026597, -0.055984, 0.008823, -0.061981, 0.428291, -0.901513, -1.165045, -0.0, 0.903249, 0.429116, 0.981979, 0.0, 0.0, 0.0, 1.0],
                [0.998077, 0.027486, -0.055553, 0.009244, -0.061981, 0.442603, -0.894573, -1.175872, -0.0, 0.896296, 0.443455, 1.034609, 0.0, 0.0, 0.0, 1.0],
                [0.998077, 0.028366, -0.055109, 0.009664, -0.061981, 0.456785, -0.887415, -1.186699, -0.0, 0.889125, 0.457665, 1.087238, 0.0, 0.0, 0.0, 1.0],
                [0.998077, 0.029239, -0.054651, 0.010084, -0.061981, 0.470833, -0.880043, -1.197525, -0.0, 0.881738, 0.47174, 1.139867, 0.0, 0.0, 0.0, 1.0],
                [0.998077, 0.030103, -0.05418, 0.010505, -0.061981, 0.484741, -0.872459, -1.208352, 0.0, 0.874139, 0.485675, 1.192496, 0.0, 0.0, 0.0, 1.0],
                [0.998077, 0.032111, -0.053014, 0.010925, -0.061981, 0.517076, -0.853692, -1.195163, -0.0, 0.855337, 0.518073, 1.210649, 0.0, 0.0, 0.0, 1.0],
                [0.998077, 0.034148, -0.051726, 0.011345, -0.061981, 0.549882, -0.832939, -1.181974, 0.0, 0.834544, 0.550942, 1.228803, 0.0, 0.0, 0.0, 1.0],
                [0.998077, 0.036186, -0.050321, 0.011766, -0.061981, 0.582706, -0.810316, -1.168784, -0.0, 0.811877, 0.583828, 1.246956, 0.0, 0.0, 0.0, 1.0],
                [0.998077, 0.0382, -0.04881, 0.012186, -0.061981, 0.615135, -0.785982, -1.155595, -0.0, 0.787496, 0.61632, 1.26511, 0.0, 0.0, 0.0, 1.0],
                [0.998077, 0.040167, -0.047204, 0.012607, -0.061981, 0.646808, -0.76013, -1.142406, -0.0, 0.761594, 0.648054, 1.283263, 0.0, 0.0, 0.0, 1.0],
                [0.998077, 0.042068, -0.045519, 0.013027, -0.061981, 0.677414, -0.732986, -1.129217, -0.0, 0.734398, 0.678719, 1.301417, 0.0, 0.0, 0.0, 1.0],
                [0.998077, 0.043886, -0.043768, 0.013447, -0.061981, 0.706699, -0.704795, -1.116028, -0.0, 0.706152, 0.70806, 1.31957, 0.0, 0.0, 0.0, 1.0],
                [0.998077, 0.04561, -0.041968, 0.013868, -0.061981, 0.73446, -0.675816, -1.102839, -0.0, 0.677118, 0.735875, 1.337724, 0.0, 0.0, 0.0, 1.0],
                [0.998077, 0.04723, -0.040136, 0.014288, -0.061981, 0.76055, -0.646314, -1.089649, -0.0, 0.647559, 0.762016, 1.355877, 0.0, 0.0, 0.0, 1.0],
                [0.998077, 0.048741, -0.038288, 0.014708, -0.061981, 0.78487, -0.616553, -1.07646, -0.0, 0.617741, 0.786382, 1.374031, 0.0, 0.0, 0.0, 1.0],
                [0.998077, 0.050137, -0.03644, 0.016108, -0.061981, 0.807364, -0.58679, -1.028559, -0.0, 0.58792, 0.808919, 1.393286, 0.0, 0.0, 0.0, 1.0],
                [0.998077, 0.05142, -0.034607, 0.017728, -0.061981, 0.828014, -0.557271, -0.980657, -0.0, 0.558345, 0.829609, 1.416886, 0.0, 0.0, 0.0, 1.0],
                [0.998077, 0.052589, -0.032803, 0.019481, -0.061981, 0.846836, -0.52823, -0.932756, -0.0, 0.529248, 0.848467, 1.44333, 0.0, 0.0, 0.0, 1.0],
                [0.998077, 0.053647, -0.031043, 0.021281, -0.061981, 0.863871, -0.499886, -0.884854, -0.0, 0.500849, 0.865535, 1.471117, 0.0, 0.0, 0.0, 1.0],
                [0.998077, 0.054597, -0.029339, 0.023042, -0.061981, 0.87918, -0.472442, -0.836953, -0.0, 0.473352, 0.880874, 1.498746, 0.0, 0.0, 0.0, 1.0],
                [0.998077, 0.055445, -0.027702, 0.024676, -0.061981, 0.892839, -0.44609, -0.789051, -0.0, 0.446949, 0.894559, 1.524717, 0.0, 0.0, 0.0, 1.0],
                [0.998077, 0.056197, -0.026145, 0.026097, -0.061981, 0.904935, -0.421013, -0.74115, -0.0, 0.421824, 0.906678, 1.547529, 0.0, 0.0, 0.0, 1.0],
                [0.998077, 0.056856, -0.024678, 0.02722, -0.061981, 0.915557, -0.397384, -0.693248, -0.0, 0.39815, 0.91732, 1.565681, 0.0, 0.0, 0.0, 1.0],
                [0.998077, 0.05743, -0.023311, 0.027957, -0.061981, 0.924797, -0.37538, -0.645347, -0.0, 0.376103, 0.926578, 1.577673, 0.0, 0.0, 0.0, 1.0],
                [0.998077, 0.057923, -0.022057, 0.028222, -0.061981, 0.932741, -0.355179, -0.597445, 0.0, 0.355863, 0.934538, 1.582003, 0.0, 0.0, 0.0, 1.0],
                [0.998077, 0.056186, -0.026167, 0.028222, -0.061981, 0.904769, -0.421369, -0.796086, -0.0, 0.422181, 0.906512, 1.517771, 0.0, 0.0, 0.0, 1.0],
                [0.998077, 0.047693, -0.039585, 0.028222, -0.061981, 0.768, -0.637444, -0.994727, -0.0, 0.638672, 0.769479, 1.348432, 0.0, 0.0, 0.0, 1.0],
                [0.998077, 0.025493, -0.056495, 0.028222, -0.061981, 0.410512, -0.909746, -1.193368, -0.0, 0.911499, 0.411303, 1.109022, 0.0, 0.0, 0.0, 1.0],
                [0.998077, -0.01132, -0.060938, 0.028222, -0.061981, -0.182279, -0.981291, -1.392009, 0.0, 0.983182, -0.18263, 0.834575, 0.0, 0.0, 0.0, 1.0],
                [0.998077, -0.043745, -0.043909, 0.028222, -0.061981, -0.704429, -0.707063, -1.590649, 0.0, 0.708425, -0.705786, 0.560129, 0.0, 0.0, 0.0, 1.0],
                [0.998077, -0.058331, -0.020955, 0.028222, -0.061981, -0.939307, -0.337433, -1.78929, 0.0, 0.338083, -0.941116, 0.320718, 0.0, 0.0, 0.0, 1.0],
                [0.998077, -0.061731, -0.005565, 0.028222, -0.061981, -0.994047, -0.089605, -1.987931, -0.0, 0.089778, -0.995962, 0.151379, 0.0, 0.0, 0.0, 1.0],
                [0.998077, -0.06198, -0.000321, 0.028222, -0.061981, -0.998064, -0.005171, -2.186572, 0.0, 0.005181, -0.999987, 0.087147, 0.0, 0.0, 0.0, 1.0],
                [0.998077, -0.06198, -0.000321, 0.028222, -0.061981, -0.998064, -0.005171, -2.192213, 0.0, 0.005181, -0.999987, 0.092806, 0.0, 0.0, 0.0, 1.0],
                [0.998077, -0.06198, -0.000321, 0.028222, -0.061981, -0.998064, -0.005171, -2.197854, 0.0, 0.005181, -0.999987, 0.107725, 0.0, 0.0, 0.0, 1.0],
                [0.998077, -0.06198, -0.000321, 0.028222, -0.061981, -0.998064, -0.005171, -2.203494, 0.0, 0.005181, -0.999987, 0.128818, 0.0, 0.0, 0.0, 1.0],
                [0.998077, -0.06198, -0.000321, 0.028222, -0.061981, -0.998064, -0.005171, -2.209135, 0.0, 0.005181, -0.999987, 0.152997, 0.0, 0.0, 0.0, 1.0],
                [0.998077, -0.06198, -0.000321, 0.028222, -0.061981, -0.998064, -0.005171, -2.214776, 0.0, 0.005181, -0.999987, 0.177176, 0.0, 0.0, 0.0, 1.0],
                [0.998077, -0.06198, -0.000321, 0.028222, -0.061981, -0.998064, -0.005171, -2.220417, 0.0, 0.005181, -0.999987, 0.198269, 0.0, 0.0, 0.0, 1.0],
                [0.998077, -0.06198, -0.000321, 0.028222, -0.061981, -0.998064, -0.005171, -2.226058, 0.0, 0.005181, -0.999987, 0.213188, 0.0, 0.0, 0.0, 1.0],
                [0.998077, -0.06198, -0.000321, 0.028222, -0.061981, -0.998064, -0.005171, -2.231698, 0.0, 0.005181, -0.999987, 0.218847, 0.0, 0.0, 0.0, 1.0],
                [0.998077, -0.06198, -0.000321, 0.028222, -0.061981, -0.998064, -0.005171, -2.243217, 0.0, 0.005181, -0.999987, 0.211552, 0.0, 0.0, 0.0, 1.0],
                [0.998077, -0.06198, -0.000321, 0.028222, -0.061981, -0.998064, -0.005171, -2.254735, 0.0, 0.005181, -0.999987, 0.192737, 0.0, 0.0, 0.0, 1.0],
                [0.998077, -0.06198, -0.000321, 0.028222, -0.061981, -0.998064, -0.005171, -2.266254, 0.0, 0.005181, -0.999987, 0.167012, 0.0, 0.0, 0.0, 1.0],
                [0.998077, -0.06198, -0.000321, 0.028222, -0.061981, -0.998064, -0.005171, -2.277773, 0.0, 0.005181, -0.999987, 0.138982, 0.0, 0.0, 0.0, 1.0],
                [0.998077, -0.06198, -0.000321, 0.028222, -0.061981, -0.998064, -0.005171, -2.289291, 0.0, 0.005181, -0.999987, 0.113257, 0.0, 0.0, 0.0, 1.0],
                [0.998077, -0.06198, -0.000321, 0.028222, -0.061981, -0.998064, -0.005171, -2.30081, 0.0, 0.005181, -0.999987, 0.094442, 0.0, 0.0, 0.0, 1.0],
                [0.998077, -0.06198, -0.000321, 0.028222, -0.061981, -0.998064, -0.005171, -2.312329, 0.0, 0.005181, -0.999987, 0.087147, 0.0, 0.0, 0.0, 1.0],
                [0.998077, -0.06198, -0.000321, 0.028222, -0.061981, -0.998064, -0.005171, -2.317393, 0.0, 0.005181, -0.999987, 0.08867, 0.0, 0.0, 0.0, 1.0],
                [0.998077, -0.06198, -0.000321, 0.028222, -0.061981, -0.998064, -0.005171, -2.322458, 0.0, 0.005181, -0.999987, 0.092478, 0.0, 0.0, 0.0, 1.0],
                [0.998077, -0.06198, -0.000321, 0.028222, -0.061981, -0.998064, -0.005171, -2.327522, 0.0, 0.005181, -0.999987, 0.097428, 0.0, 0.0, 0.0, 1.0],
                [0.998077, -0.06198, -0.000321, 0.028222, -0.061981, -0.998064, -0.005171, -2.332587, 0.0, 0.005181, -0.999987, 0.102377, 0.0, 0.0, 0.0, 1.0],
                [0.998077, -0.06198, -0.000321, 0.028222, -0.061981, -0.998064, -0.005171, -2.337652, 0.0, 0.005181, -0.999987, 0.106185, 0.0, 0.0, 0.0, 1.0],
                [0.998077, -0.06198, -0.000321, 0.028222, -0.061981, -0.998064, -0.005171, -2.342716, 0.0, 0.005181, -0.999987, 0.107708, 0.0, 0.0, 0.0, 1.0],
                [0.998077, -0.06198, -0.000321, 0.028222, -0.061981, -0.998064, -0.005171, -2.345299, 0.0, 0.005181, -0.999987, 0.106185, 0.0, 0.0, 0.0, 1.0],
                [0.998077, -0.06198, -0.000321, 0.028222, -0.061981, -0.998064, -0.005171, -2.347883, 0.0, 0.005181, -0.999987, 0.102377, 0.0, 0.0, 0.0, 1.0],
                [0.998077, -0.06198, -0.000321, 0.028222, -0.061981, -0.998064, -0.005171, -2.350466, 0.0, 0.005181, -0.999987, 0.097428, 0.0, 0.0, 0.0, 1.0],
                [0.998077, -0.06198, -0.000321, 0.028222, -0.061981, -0.998064, -0.005171, -2.35305, 0.0, 0.005181, -0.999987, 0.092478, 0.0, 0.0, 0.0, 1.0],
                [0.998077, -0.06198, -0.000321, 0.028222, -0.061981, -0.998064, -0.005171, -2.355633, 0.0, 0.005181, -0.999987, 0.08867, 0.0, 0.0, 0.0, 1.0],
                [0.998077, -0.06198, -0.000321, 0.028222, -0.061981, -0.998064, -0.005171, -2.358216, 0.0, 0.005181, -0.999987, 0.087147, 0.0, 0.0, 0.0, 1.0]
            ]
        },
        {
            "name": "Thigh_R",
            "time": [0.0, 0.0167, 0.0333, 0.05, 0.0667, 0.0833, 0.1, 0.1167, 0.1333, 0.15, 0.1667, 0.1833, 0.2, 0.2167, 0.2333, 0.25, 0.2667, 0.2833, 0.3, 0.3167, 0.3333, 0.35, 0.3667, 0.3833, 0.4, 0.4167, 0.4333, 0.45, 0.4667, 0.4833, 0.5, 0.5167, 0.5333, 0.55, 0.5667, 0.5833, 0.6, 0.6167, 0.6333, 0.65, 0.6667, 0.6833, 0.7, 0.7167, 0.7333, 0.75, 0.7667, 0.7833, 0.8, 0.8167, 0.8333, 0.85, 0.8667, 0.8833, 0.9, 0.9167, 0.9333, 0.95, 0.9667, 0.9833, 1.0, 1.0167, 1.0333, 1.05, 1.0667, 1.0833, 1.1, 1.1167, 1.1333, 1.15, 1.1667, 1.1833, 1.2, 1.2167, 1.2333, 1.25, 1.2667, 1.2833, 1.3, 1.3167, 1.3333],
            "transform": [
                [0.971434, -0.000913, 0.23731, 0.121519, -0.008824, -0.999438, 0.032275, 0.014177, 0.237148, -0.033447, -0.970898, -0.010436, 0.0, 0.0, 0.0, 1.0],
                [0.971958, 0.02712, 0.233586, 0.121519, -0.002282, -0.99219, 0.124695, 0.014177, 0.235144, -0.121731, -0.964308, -0.010436, 0.0, 0.0, 0.0, 1.0],
                [0.972458, 0.053395, 0.226882, 0.121519, 0.004562, -0.977578, 0.210513, 0.014177, 0.233036, -0.20368, -0.950899, -0.010436, 0.0, 0.0, 0.0, 1.0],
                [0.972924, 0.069339, 0.220477, 0.121519, 0.011694, -0.967481, 0.252666, 0.014177, 0.230828, -0.243246, -0.942099, -0.010436, 0.0, 0.0, 0.0, 1.0],
                [0.973351, 0.081146, 0.214485, 0.121519, 0.019089, -0.960723, 0.276846, 0.014177, 0.228526, -0.265373, -0.936671, -0.010436, 0.0, 0.0, 0.0, 1.0],
                [0.973729, 0.090445, 0.208977, 0.121519, 0.026719, -0.956774, 0.289596, 0.014177, 0.226137, -0.276404, -0.934057, -0.010436, 0.0, 0.0, 0.0, 1.0],
                [0.972147, 0.103306, 0.210376, 0.121519, 0.000171, -0.897926, 0.440142, 0.014177, 0.234372, -0.427846, -0.872936, -0.010436, 0.0, 0.0, 0.0, 1.0],
                [0.969491, 0.113947, 0.217031, 0.121519, -0.029453, -0.82482, 0.564626, 0.014177, 0.243349, -0.553791, -0.796301, -0.010436, 0.0, 0.0, 0.0, 1.0],
                [0.965361, 0.124185, 0.22947, 0.121519, -0.062916, -0.742725, 0.666633, 0.014177, 0.253219, -0.657977, -0.709186, -0.010436, 0.0, 0.0, 0.0, 1.0],
                [0.959155, 0.135109, 0.248531, 0.121519, -0.101203, -0.656525, 0.747483, 0.014177, 0.264158, -0.742103, -0.616037, -0.010436, 0.0, 0.0, 0.0, 1.0],
                [0.949959, 0.147375, 0.275424, 0.121519, -0.145604, -0.571161, 0.807821, 0.014177, 0.276364, -0.807497, -0.521122, -0.010436, 0.0, 0.0, 0.0, 1.0],
                [0.936351, 0.16121, 0.311862, 0.121519, -0.197798, -0.491653, 0.848028, 0.014177, 0.290039, -0.855736, -0.428474, -0.010436, 0.0, 0.0, 0.0, 1.0],
                [0.916077, 0.176222, 0.360207, 0.121519, -0.259944, -0.423013, 0.868038, 0.014177, 0.30534, -0.88882, -0.341705, -0.010436, 0.0, 0.0, 0.0, 1.0],
                [0.885518, 0.190942, 0.423556, 0.121519, -0.334683, -0.37016, 0.866585, 0.014177, 0.322251, -0.909131, -0.263879, -0.010436, 0.0, 0.0, 0.0, 1.0],
                [0.880719, 0.238222, 0.409371, 0.121519, -0.345052, -0.269373, 0.899098, 0.014177, 0.324459, -0.933105, -0.155043, -0.010436, 0.0, 0.0, 0.0, 1.0],
                [0.874998, 0.282921, 0.392852, 0.121519, -0.357029, -0.170942, 0.918319, 0.014177, 0.326968, -0.943785, -0.048563, -0.010436, 0.0, 0.0, 0.0, 1.0],
                [0.867936, 0.326204, 0.374538, 0.121519, -0.37129, -0.074738, 0.925505, 0.014177, 0.329896, -0.942338, 0.056249, -0.010436, 0.0, 0.0, 0.0, 1.0],
                [0.880896, 0.308195, 0.359219, 0.121519, -0.344669, -0.102452, 0.933117, 0.014177, 0.324386, -0.945788, 0.015975, -0.010436, 0.0, 0.0, 0.0, 1.0],
                [0.892427, 0.290312, 0.345386, 0.121519, -0.319181, -0.134834, 0.938053, 0.014177, 0.318899, -0.947383, -0.027667, -0.010436, 0.0, 0.0, 0.0, 1.0],
                [0.902704, 0.272333, 0.333106, 0.121519, -0.294743, -0.172606, 0.939859, 0.014177, 0.313451, -0.946593, -0.075545, -0.010436, 0.0, 0.0, 0.0, 1.0],
                [0.91188, 0.253862, 0.322536, 0.121519, -0.27126, -0.217016, 0.937722, 0.014177, 0.308048, -0.942578, -0.129031, -0.010436, 0.0, 0.0, 0.0, 1.0],
                [0.933754, 0.234174, 0.270676, 0.121519, -0.206539, -0.265089, 0.941844, 0.014177, 0.292309, -0.935353, -0.199162, -0.010436, 0.0, 0.0, 0.0, 1.0],
                [0.949108, 0.218724, 0.226614, 0.121519, -0.149169, -0.321519, 0.93508, 0.014177, 0.277385, -0.921293, -0.272531, -0.010436, 0.0, 0.0, 0.0, 1.0],
                [0.959599, 0.207046, 0.190531, 0.121519, -0.098648, -0.386606, 0.916954, 0.014177, 0.263513, -0.898701, -0.350562, -0.010436, 0.0, 0.0, 0.0, 1.0],
                [0.96652, 0.198247, 0.162903, 0.121519, -0.054292, -0.46249, 0.88496, 0.014177, 0.250782, -0.864174, -0.436244, -0.010436, 0.0, 0.0, 0.0, 1.0],
                [0.97085, 0.190315, 0.145705, 0.121519, -0.015369, -0.557218, 0.830223, 0.014177, 0.239194, -0.80826, -0.538052, -0.010436, 0.0, 0.0, 0.0, 1.0],
                [0.972137, 0.207042, 0.109928, 0.121519, 0.000252, -0.469867, 0.882737, 0.014177, 0.234415, -0.858111, -0.456829, -0.010436, 0.0, 0.0, 0.0, 1.0],
                [0.973105, 0.214716, 0.083452, 0.121519, 0.014895, -0.420147, 0.907334, 0.014177, 0.229882, -0.881685, -0.412046, -0.010436, 0.0, 0.0, 0.0, 1.0],
                [0.973792, 0.218541, 0.062993, 0.121519, 0.028367, -0.391507, 0.919738, 0.014177, 0.225663, -0.893844, -0.387447, -0.010436, 0.0, 0.0, 0.0, 1.0],
                [0.974245, 0.2204, 0.047648, 0.121519, 0.040484, -0.378836, 0.924578, 0.014177, 0.221828, -0.898834, -0.378003, -0.010436, 0.0, 0.0, 0.0, 1.0],
                [0.974512, 0.221259, 0.03702, 0.121519, 0.0511, -0.379616, 0.923732, 0.014177, 0.218438, -0.898294, -0.381247, -0.010436, 0.0, 0.0, 0.0, 1.0],
                [0.974644, 0.221624, 0.030852, 0.121519, 0.060126, -0.392197, 0.917914, 0.014177, 0.215533, -0.892782, -0.395579, -0.010436, 0.0, 0.0, 0.0, 1.0],
                [0.974687, 0.221698, 0.028908, 0.121519, 0.067542, -0.415237, 0.907202, 0.014177, 0.213129, -0.882284, -0.419701, -0.010436, 0.0, 0.0, 0.0, 1.0],
                [0.974679, 0.221461, 0.03093, 0.121519, 0.073395, -0.447499, 0.891267, 0.014177, 0.211222, -0.866427, -0.452423, -0.010436, 0.0, 0.0, 0.0, 1.0],
                [0.974648, 0.220723, 0.036637, 0.121519, 0.077785, -0.487795, 0.869485, 0.014177, 0.209787, -0.844591, -0.492599, -0.010436, 0.0, 0.0, 0.0, 1.0],
                [0.974684, 0.222605, 0.020918, 0.121519, 0.072092, -0.401453, 0.913038, 0.014177, 0.211644, -0.888413, -0.407339, -0.010436, 0.0, 0.0, 0.0, 1.0],
                [0.974653, 0.223317, 0.013412, 0.121519, 0.077225, -0.392094, 0.916678, 0.014177, 0.209969, -0.892406, -0.399403, -0.010436, 0.0, 0.0, 0.0, 1.0],
                [0.97461, 0.223708, 0.009477, 0.121519, 0.081188, -0.392516, 0.916155, 0.014177, 0.208672, -0.892122, -0.400713, -0.010436, 0.0, 0.0, 0.0, 1.0],
                [0.974569, 0.223921, 0.008644, 0.121519, 0.083973, -0.400694, 0.912356, 0.014177, 0.207759, -0.888426, -0.409308, -0.010436, 0.0, 0.0, 0.0, 1.0],
                [0.97454, 0.223968, 0.010513, 0.121519, 0.085657, -0.415226, 0.905676, 0.014177, 0.207208, -0.881715, -0.42384, -0.010436, 0.0, 0.0, 0.0, 1.0],
                [0.974526, 0.22379, 0.014735, 0.121519, 0.086377, -0.435146, 0.896206, 0.014177, 0.206974, -0.872102, -0.443393, -0.010436, 0.0, 0.0, 0.0, 1.0],
                [0.974527, 0.223287, 0.021, 0.121519, 0.086298, -0.459766, 0.883837, 0.014177, 0.207005, -0.859508, -0.467325, -0.010436, 0.0, 0.0, 0.0, 1.0],
                [0.974538, 0.222336, 0.029017, 0.121519, 0.085601, -0.48853, 0.868338, 0.014177, 0.207238, -0.843743, -0.495124, -0.010436, 0.0, 0.0, 0.0, 1.0],
                [0.974557, 0.220811, 0.038491, 0.121519, 0.08447, -0.520882, 0.849439, 0.014177, 0.207615, -0.824573, -0.526282, -0.010436, 0.0, 0.0, 0.0, 1.0],
                [0.974578, 0.218604, 0.049098, 0.121519, 0.083087, -0.55614, 0.826924, 0.014177, 0.208075, -0.801821, -0.560166, -0.010436, 0.0, 0.0, 0.0, 1.0],
                [0.974598, 0.215653, 0.060442, 0.121519, 0.08163, -0.593349, 0.800795, 0.014177, 0.208557, -0.775517, -0.595882, -0.010436, 0.0, 0.0, 0.0, 1.0],
                [0.97454, 0.221529, -0.034575, 0.121519, 0.085604, -0.225102, 0.970567, 0.014177, 0.207226, -0.948815, -0.238335, -0.010436, 0.0, 0.0, 0.0, 1.0],
                [0.972224, 0.191033, -0.135226, 0.121519, 0.136579, 0.006131, 0.99061, 0.014177, 0.190069, -0.981562, -0.02013, -0.010436, 0.0, 0.0, 0.0, 1.0],
                [0.962756, 0.105882, -0.248778, 0.121519, 0.216656, 0.248331, 0.944136, 0.014177, 0.161747, -0.962869, 0.216143, -0.010436, 0.0, 0.0, 0.0, 1.0],
                [-0.251387, 0.963893, 0.087811, 0.121519, -0.936776, -0.26512, 0.228391, 0.014177, 0.243426, -0.024845, 0.969602, -0.010436, 0.0, 0.0, 0.0, 1.0],
                [0.019442, 0.859362, 0.510996, 0.121519, -0.949579, -0.144092, 0.278455, 0.014177, 0.312924, -0.490644, 0.813232, -0.010436, 0.0, 0.0, 0.0, 1.0],
                [0.748373, 0.373717, 0.547971, 0.121519, -0.556343, -0.096136, 0.825373, 0.014177, 0.361136, -0.922545, 0.13597, -0.010436, 0.0, 0.0, 0.0, 1.0],
                [0.887175, 0.005092, 0.461406, 0.121519, -0.331017, -0.68963, 0.644078, 0.014177, 0.32148, -0.724141, -0.610138, -0.010436, 0.0, 0.0, 0.0, 1.0],
                [0.927658, -0.092907, 0.36169, 0.121519, -0.22613, -0.910543, 0.346082, 0.014177, 0.297182, -0.402834, -0.865683, -0.010436, 0.0, 0.0, 0.0, 1.0],
                [0.939953, -0.097898, 0.326963, 0.121519, -0.185036, -0.951143, 0.247155, 0.014177, 0.286793, -0.292813, -0.912146, -0.010436, 0.0, 0.0, 0.0, 1.0],
                [0.949874, -0.101795, 0.295596, 0.121519, -0.145938, -0.980542, 0.131287, 0.014177, 0.27648, -0.167845, -0.946249, -0.010436, 0.0, 0.0, 0.0, 1.0],
                [0.956837, -0.042369, 0.28752, 0.121519, -0.113416, -0.965308, 0.235187, 0.014177, 0.267581, -0.257644, -0.92845, -0.010436, 0.0, 0.0, 0.0, 1.0],
                [0.960916, -0.024608, 0.275743, 0.121519, -0.091262, -0.96852, 0.231596, 0.014177, 0.261364, -0.247708, -0.932914, -0.010436, 0.0, 0.0, 0.0, 1.0],
                [0.964024, -0.010056, 0.265625, 0.121519, -0.072038, -0.971771, 0.224653, 0.014177, 0.255868, -0.235705, -0.937536, -0.010436, 0.0, 0.0, 0.0, 1.0],
                [0.967407, 0.008784, 0.253075, 0.121519, -0.047535, -0.97533, 0.215564, 0.014177, 0.248726, -0.220568, -0.943126, -0.010436, 0.0, 0.0, 0.0, 1.0],
                [0.970421, 0.032635, 0.239203, 0.121519, -0.020194, -0.976374, 0.215135, 0.014177, 0.240573, -0.213601, -0.946837, -0.010436, 0.0, 0.0, 0.0, 1.0],
                [0.972664, 0.061099, 0.224034, 0.121519, 0.007582, -0.972604, 0.232337, 0.014177, 0.232092, -0.224287, -0.946482, -0.010436, 0.0, 0.0, 0.0, 1.0],
                [0.97397, 0.08932, 0.208339, 0.121519, 0.032371, -0.964477, 0.262167, 0.014177, 0.224355, -0.248598, -0.942265, -0.010436, 0.0, 0.0, 0.0, 1.0],
                [0.974563, 0.118474, 0.190239, 0.121519, 0.053496, -0.947287, 0.315883, 0.014177, 0.217635, -0.29767, -0.929531, -0.010436, 0.0, 0.0, 0.0, 1.0],
                [0.974692, 0.145146, 0.170021, 0.121519, 0.070704, -0.921662, 0.381493, 0.014177, 0.212074, -0.359816, -0.908601, -0.010436, 0.0, 0.0, 0.0, 1.0],
                [0.974583, 0.166753, 0.149605, 0.121519, 0.083453, -0.889961, 0.448333, 0.014177, 0.207904, -0.424452, -0.881258, -0.010436, 0.0, 0.0, 0.0, 1.0],
                [0.974436, 0.181782, 0.13202, 0.121519, 0.090956, -0.856523, 0.508028, 0.014177, 0.205429, -0.483032, -0.851163, -0.010436, 0.0, 0.0, 0.0, 1.0],
                [0.974405, 0.189613, 0.120753, 0.121519, 0.092252, -0.827126, 0.554391, 0.014177, 0.204998, -0.529061, -0.82345, -0.010436, 0.0, 0.0, 0.0, 1.0],
                [0.974522, 0.184724, 0.127219, 0.121519, 0.087, -0.834105, 0.544699, 0.014177, 0.206733, -0.519752, -0.828926, -0.010436, 0.0, 0.0, 0.0, 1.0],
                [0.974535, 0.182464, 0.130342, 0.121519, 0.086302, -0.84169, 0.533017, 0.014177, 0.206964, -0.508193, -0.836005, -0.010436, 0.0, 0.0, 0.0, 1.0],
                [0.974533, 0.180112, 0.133583, 0.121519, 0.086364, -0.851216, 0.517659, 0.014177, 0.206945, -0.492938, -0.845095, -0.010436, 0.0, 0.0, 0.0, 1.0],
                [0.974525, 0.177659, 0.136888, 0.121519, 0.086794, -0.861528, 0.500233, 0.014177, 0.206804, -0.475607, -0.855002, -0.010436, 0.0, 0.0, 0.0, 1.0],
                [0.974517, 0.175109, 0.140194, 0.121519, 0.087215, -0.87159, 0.482412, 0.014177, 0.206667, -0.457891, -0.864653, -0.010436, 0.0, 0.0, 0.0, 1.0],
                [0.974515, 0.172485, 0.143419, 0.121519, 0.087266, -0.880485, 0.465969, 0.014177, 0.206651, -0.441577, -0.8731, -0.010436, 0.0, 0.0, 0.0, 1.0],
                [0.974528, 0.169828, 0.146471, 0.121519, 0.086601, -0.88742, 0.45275, 0.014177, 0.206871, -0.428532, -0.879525, -0.010436, 0.0, 0.0, 0.0, 1.0],
                [0.974547, 0.168506, 0.147863, 0.121519, 0.085545, -0.889175, 0.449496, 0.014177, 0.207219, -0.425405, -0.88096, -0.010436, 0.0, 0.0, 0.0, 1.0],
                [0.974577, 0.167228, 0.149112, 0.121519, 0.08378, -0.889238, 0.449704, 0.014177, 0.2078, -0.425778, -0.880643, -0.010436, 0.0, 0.0, 0.0, 1.0],
                [0.974608, 0.165961, 0.15032, 0.121519, 0.081663, -0.888519, 0.451511, 0.014177, 0.208495, -0.42777, -0.879513, -0.010436, 0.0, 0.0, 0.0, 1.0],
                [0.974634, 0.16467, 0.151564, 0.121519, 0.079551, -0.887892, 0.453118, 0.014177, 0.209188, -0.429566, -0.878472, -0.010436, 0.0, 0.0, 0.0, 1.0],
                [0.974652, 0.163327, 0.152895, 0.121519, 0.077805, -0.888198, 0.452821, 0.014177, 0.20976, -0.429446, -0.878394, -0.010436, 0.0, 0.0, 0.0, 1.0],
                [0.974661, 0.161909, 0.15434, 0.121519, 0.076787, -0.890233, 0.448984, 0.014177, 0.210093, -0.425755, -0.88011, -0.010436, 0.0, 0.0, 0.0, 1.0]
            ]
        },
        {
            "name": "Leg_R",
            "time": [0.0, 0.0167, 0.0333, 0.05, 0.0667, 0.0833, 0.1, 0.1167, 0.1333, 0.15, 0.1667, 0.1833, 0.2, 0.2167, 0.2333, 0.25, 0.2667, 0.2833, 0.3, 0.3167, 0.3333, 0.35, 0.3667, 0.3833, 0.4, 0.4167, 0.4333, 0.45, 0.4667, 0.4833, 0.5, 0.5167, 0.5333, 0.55, 0.5667, 0.5833, 0.6, 0.6167, 0.6333, 0.65, 0.6667, 0.6833, 0.7, 0.7167, 0.7333, 0.75, 0.7667, 0.7833, 0.8, 0.8167, 0.8333, 0.85, 0.8667, 0.8833, 0.9167, 0.9333, 0.95, 0.9667, 0.9833, 1.0, 1.0167, 1.0333, 1.05, 1.0667, 1.0833, 1.1, 1.1167, 1.1333, 1.15, 1.1667, 1.1833, 1.2, 1.2167, 1.2333, 1.25, 1.2667, 1.2833, 1.3, 1.3167, 1.3333],
            "transform": [
                [1.0, 0.0, -0.00016, 0.0, 0.0, 0.999987, 0.004652, 0.374721, 0.00016, -0.004651, 0.999989, 0.0, 0.0, 0.0, 0.0, 1.0],
                [1.0, 2.6e-05, -0.000164, -0.0, 1.2e-05, 0.973609, 0.228213, 0.374722, 0.000166, -0.228213, 0.973611, -0.0, 0.0, 0.0, 0.0, 1.0],
                [1.0, 5.2e-05, -0.000163, -0.0, 2.4e-05, 0.901625, 0.432515, 0.374721, 0.00017, -0.432514, 0.901627, -0.0, 0.0, 0.0, 0.0, 1.0],
                [1.0, 6.8e-05, -0.000161, 0.0, 3.2e-05, 0.836676, 0.547696, 0.374721, 0.000172, -0.547695, 0.836678, -0.0, 0.0, 0.0, 0.0, 1.0],
                [1.0, 7.9e-05, -0.000158, -0.0, 3.7e-05, 0.778768, 0.62731, 0.374721, 0.000173, -0.627309, 0.778769, 0.0, 0.0, 0.0, 0.0, 1.0],
                [1.0, 8.9e-05, -0.000155, 0.0, 4.2e-05, 0.727886, 0.685697, 0.374721, 0.000174, -0.685696, 0.727887, -0.0, 0.0, 0.0, 0.0, 1.0],
                [1.0, 0.000106, -0.000148, -0.0, 5e-05, 0.62077, 0.783991, 0.374722, 0.000174, -0.78399, 0.620772, -0.0, 0.0, 0.0, 0.0, 1.0],
                [1.0, 0.000117, -0.000141, -0.0, 5.6e-05, 0.536885, 0.843655, 0.374721, 0.000175, -0.843653, 0.536886, -0.0, 0.0, 0.0, 0.0, 1.0],
                [1.0, 0.000125, -0.000136, -0.0, 6e-05, 0.476235, 0.879318, 0.374721, 0.000175, -0.879316, 0.476236, 0.0, 0.0, 0.0, 0.0, 1.0],
                [1.0, 0.000129, -0.000133, 0.0, 6.3e-05, 0.438826, 0.898572, 0.374721, 0.000174, -0.89857, 0.438826, 0.0, 0.0, 0.0, 0.0, 1.0],
                [1.0, 0.000131, -0.000132, 0.0, 6.4e-05, 0.424662, 0.905352, 0.374721, 0.000174, -0.90535, 0.424663, 0.0, 0.0, 0.0, 0.0, 1.0],
                [1.0, 0.00013, -0.000133, 0.0, 6.3e-05, 0.433749, 0.901033, 0.374721, 0.000174, -0.901032, 0.43375, -0.0, 0.0, 0.0, 0.0, 1.0],
                [1.0, 0.000126, -0.000135, -0.0, 6.1e-05, 0.466092, 0.884736, 0.374722, 0.000175, -0.884734, 0.466093, 0.0, 0.0, 0.0, 0.0, 1.0],
                [1.0, 0.000119, -0.00014, -0.0, 5.7e-05, 0.521696, 0.853131, 0.374721, 0.000175, -0.853129, 0.521697, 0.0, 0.0, 0.0, 0.0, 1.0],
                [1.0, 0.000133, -0.00013, 0.0, 6.5e-05, 0.401875, 0.915694, 0.374721, 0.000174, -0.915692, 0.401876, -0.0, 0.0, 0.0, 0.0, 1.0],
                [1.0, 0.000145, -0.000119, -0.0, 7.2e-05, 0.289984, 0.957031, 0.374721, 0.000174, -0.957029, 0.289985, 0.0, 0.0, 0.0, 0.0, 1.0],
                [1.0, 0.000155, -0.000109, 0.0, 7.8e-05, 0.186024, 0.982545, 0.374721, 0.000173, -0.982543, 0.186025, 0.0, 0.0, 0.0, 0.0, 1.0],
                [1.0, 0.000146, -0.000118, 0.0, 7.3e-05, 0.277809, 0.960636, 0.374721, 0.000173, -0.960634, 0.277809, -0.0, 0.0, 0.0, 0.0, 1.0],
                [1.0, 0.000136, -0.000127, -0.0, 6.7e-05, 0.374044, 0.92741, 0.374722, 0.000174, -0.927409, 0.374045, -0.0, 0.0, 0.0, 0.0, 1.0],
                [1.0, 0.000125, -0.000136, -0.0, 6e-05, 0.47473, 0.880131, 0.374722, 0.000174, -0.880129, 0.474731, -0.0, 0.0, 0.0, 0.0, 1.0],
                [1.0, 0.000111, -0.000145, 0.0, 5.3e-05, 0.579867, 0.814711, 0.374721, 0.000174, -0.814709, 0.579868, 0.0, 0.0, 0.0, 0.0, 1.0],
                [1.0, 0.000104, -0.000148, 0.0, 4.9e-05, 0.632717, 0.774382, 0.374721, 0.000174, -0.77438, 0.632718, -0.0, 0.0, 0.0, 0.0, 1.0],
                [1.0, 9.4e-05, -0.000153, 0.0, 4.5e-05, 0.69358, 0.720379, 0.374722, 0.000174, -0.720377, 0.693581, -0.0, 0.0, 0.0, 0.0, 1.0],
                [1.0, 8.2e-05, -0.000157, -0.0, 3.9e-05, 0.762453, 0.647042, 0.374721, 0.000173, -0.64704, 0.762455, 0.0, 0.0, 0.0, 0.0, 1.0],
                [1.0, 6.7e-05, -0.000161, 0.0, 3.1e-05, 0.839323, 0.543631, 0.374722, 0.000172, -0.54363, 0.839324, -0.0, 0.0, 0.0, 0.0, 1.0],
                [1.0, 4.5e-05, -0.000164, -0.0, 2.1e-05, 0.924165, 0.381988, 0.374721, 0.000169, -0.381987, 0.924167, 0.0, 0.0, 0.0, 0.0, 1.0],
                [1.0, 7.5e-05, -0.000159, 0.0, 3.5e-05, 0.803135, 0.595795, 0.374721, 0.000172, -0.595794, 0.803137, 0.0, 0.0, 0.0, 0.0, 1.0],
                [1.0, 9.3e-05, -0.000153, -0.0, 4.4e-05, 0.698979, 0.715141, 0.374721, 0.000174, -0.715139, 0.69898, -0.0, 0.0, 0.0, 0.0, 1.0],
                [1.0, 0.000107, -0.000147, 0.0, 5.1e-05, 0.611773, 0.791032, 0.374721, 0.000174, -0.791031, 0.611774, -0.0, 0.0, 0.0, 0.0, 1.0],
                [1.0, 0.000116, -0.000141, 0.0, 5.6e-05, 0.54154, 0.840674, 0.374722, 0.000175, -0.840673, 0.541541, 0.0, 0.0, 0.0, 0.0, 1.0],
                [1.0, 0.000123, -0.000137, 0.0, 6e-05, 0.488288, 0.872682, 0.374721, 0.000175, -0.87268, 0.488289, 0.0, 0.0, 0.0, 0.0, 1.0],
                [1.0, 0.000128, -0.000134, 0.0, 6.2e-05, 0.452025, 0.892005, 0.374721, 0.000174, -0.892003, 0.452026, 0.0, 0.0, 0.0, 0.0, 1.0],
                [1.0, 0.00013, -0.000132, -0.0, 6.3e-05, 0.432748, 0.901515, 0.374721, 0.000174, -0.901513, 0.432748, 0.0, 0.0, 0.0, 0.0, 1.0],
                [1.0, 0.00013, -0.000132, 0.0, 6.3e-05, 0.430452, 0.902613, 0.374721, 0.000174, -0.902611, 0.430453, -0.0, 0.0, 0.0, 0.0, 1.0],
                [1.0, 0.000128, -0.000134, 0.0, 6.2e-05, 0.445129, 0.895466, 0.374721, 0.000174, -0.895464, 0.44513, 0.0, 0.0, 0.0, 0.0, 1.0],
                [1.0, 0.000138, -0.000126, 0.0, 6.8e-05, 0.363605, 0.931553, 0.374721, 0.000174, -0.931551, 0.363606, -0.0, 0.0, 0.0, 0.0, 1.0],
                [1.0, 0.00014, -0.000125, 0.0, 6.9e-05, 0.344829, 0.938665, 0.374721, 0.000174, -0.938664, 0.344829, 0.0, 0.0, 0.0, 0.0, 1.0],
                [1.0, 0.000139, -0.000125, 0.0, 6.8e-05, 0.348933, 0.937147, 0.374721, 0.000174, -0.937146, 0.348934, 0.0, 0.0, 0.0, 0.0, 1.0],
                [1.0, 0.000137, -0.000127, -0.0, 6.7e-05, 0.371828, 0.928301, 0.374721, 0.000174, -0.9283, 0.371829, -0.0, 0.0, 0.0, 0.0, 1.0],
                [1.0, 0.000132, -0.00013, 0.0, 6.5e-05, 0.40991, 0.912126, 0.374721, 0.000174, -0.912124, 0.409911, -0.0, 0.0, 0.0, 0.0, 1.0],
                [1.0, 0.000127, -0.000135, 0.0, 6.1e-05, 0.459846, 0.887998, 0.374721, 0.000174, -0.887996, 0.459847, 0.0, 0.0, 0.0, 0.0, 1.0],
                [1.0, 0.000119, -0.00014, -0.0, 5.7e-05, 0.518422, 0.855124, 0.374721, 0.000175, -0.855123, 0.518423, 0.0, 0.0, 0.0, 0.0, 1.0],
                [1.0, 0.000111, -0.000145, -0.0, 5.3e-05, 0.582418, 0.812888, 0.374722, 0.000174, -0.812887, 0.58242, 0.0, 0.0, 0.0, 0.0, 1.0],
                [1.0, 0.000101, -0.00015, -0.0, 4.8e-05, 0.64855, 0.761171, 0.374721, 0.000174, -0.76117, 0.648551, -0.0, 0.0, 0.0, 0.0, 1.0],
                [1.0, 9.1e-05, -0.000154, -0.0, 4.3e-05, 0.713453, 0.700702, 0.374722, 0.000174, -0.700701, 0.713454, 0.0, 0.0, 0.0, 0.0, 1.0],
                [1.0, 8e-05, -0.000158, 0.0, 3.8e-05, 0.773716, 0.633531, 0.374722, 0.000173, -0.63353, 0.773717, -0.0, 0.0, 0.0, 0.0, 1.0],
                [1.0, 0.000152, -0.000113, -0.0, 7.6e-05, 0.222264, 0.974987, 0.374721, 0.000173, -0.974985, 0.222264, -0.0, 0.0, 0.0, 0.0, 1.0],
                [1.0, 0.000192, -3.8e-05, 0.0, 0.000111, -0.397349, 0.917667, 0.374722, 0.000161, -0.917665, -0.39735, -0.0, 0.0, 0.0, 0.0, 1.0],
                [1.0, 0.000194, 4.1e-05, 0.0, 0.000138, -0.829644, 0.55829, 0.374721, 0.000142, -0.558289, -0.829646, -0.0, 0.0, 0.0, 0.0, 1.0],
                [1.0, 0.00019, 5.6e-05, 0.0, 0.000143, -0.8889, 0.458098, 0.374721, 0.000137, -0.458097, -0.888902, 0.0, 0.0, 0.0, 0.0, 1.0],
                [1.0, 0.000196, -1.9e-05, -0.0, 0.000118, -0.520041, 0.854141, 0.374722, 0.000157, -0.854139, -0.520042, 0.0, 0.0, 0.0, 0.0, 1.0],
                [1.0, 0.000157, -0.000106, -0.0, 8e-05, 0.161498, 0.986873, 0.374721, 0.000172, -0.986871, 0.161498, 0.0, 0.0, 0.0, 0.0, 1.0],
                [1.0, 4.7e-05, -0.000164, 0.0, 2.2e-05, 0.918962, 0.394341, 0.374721, 0.000169, -0.39434, 0.918964, 0.0, 0.0, 0.0, 0.0, 1.0],
                [1.0, 1e-06, -0.00016, 0.0, 0.0, 0.999987, 0.004765, 0.374722, 0.00016, -0.004765, 0.999989, -0.0, 0.0, 0.0, 0.0, 1.0],
                [1.0, 0.0, -0.00016, 0.0, 0.0, 0.999987, 0.004647, 0.374721, 0.00016, -0.004647, 0.999989, -0.0, 0.0, 0.0, 0.0, 1.0],
                [1.0, 5.1e-05, -0.000163, -0.0, 2.4e-05, 0.903038, 0.429556, 0.374722, 0.00017, -0.429556, 0.90304, -0.0, 0.0, 0.0, 0.0, 1.0],
                [1.0, 7.1e-05, -0.00016, -0.0, 3.3e-05, 0.82288, 0.568213, 0.374721, 0.000172, -0.568212, 0.822882, -0.0, 0.0, 0.0, 0.0, 1.0],
                [1.0, 8.3e-05, -0.000157, -0.0, 3.9e-05, 0.760097, 0.649808, 0.374722, 0.000173, -0.649806, 0.760099, -0.0, 0.0, 0.0, 0.0, 1.0],
                [1.0, 9.2e-05, -0.000153, -0.0, 4.4e-05, 0.705916, 0.708295, 0.374721, 0.000174, -0.708293, 0.705917, -0.0, 0.0, 0.0, 0.0, 1.0],
                [1.0, 0.000101, -0.00015, 0.0, 4.8e-05, 0.653394, 0.757017, 0.374721, 0.000174, -0.757015, 0.653395, -0.0, 0.0, 0.0, 0.0, 1.0],
                [1.0, 0.000109, -0.000146, -0.0, 5.2e-05, 0.595146, 0.803616, 0.374721, 0.000174, -0.803615, 0.595148, 0.0, 0.0, 0.0, 0.0, 1.0],
                [1.0, 0.000115, -0.000142, 0.0, 5.5e-05, 0.551116, 0.834428, 0.374721, 0.000175, -0.834426, 0.551117, 0.0, 0.0, 0.0, 0.0, 1.0],
                [1.0, 0.000122, -0.000138, -0.0, 5.9e-05, 0.495701, 0.868493, 0.374721, 0.000175, -0.868491, 0.495702, 0.0, 0.0, 0.0, 0.0, 1.0],
                [1.0, 0.000129, -0.000133, 0.0, 6.3e-05, 0.436598, 0.899656, 0.374722, 0.000174, -0.899655, 0.436599, -0.0, 0.0, 0.0, 0.0, 1.0],
                [1.0, 0.000136, -0.000128, 0.0, 6.7e-05, 0.379968, 0.924999, 0.374721, 0.000174, -0.924998, 0.379969, 0.0, 0.0, 0.0, 0.0, 1.0],
                [1.0, 0.000141, -0.000123, -0.0, 7e-05, 0.328477, 0.944512, 0.374722, 0.000174, -0.94451, 0.328478, -0.0, 0.0, 0.0, 0.0, 1.0],
                [1.0, 0.000146, -0.000119, -0.0, 7.3e-05, 0.281249, 0.959635, 0.374721, 0.000173, -0.959633, 0.281249, -0.0, 0.0, 0.0, 0.0, 1.0],
                [1.0, 0.000141, -0.000123, -0.0, 7e-05, 0.32811, 0.944639, 0.374721, 0.000174, -0.944637, 0.328111, 0.0, 0.0, 0.0, 0.0, 1.0],
                [1.0, 0.000139, -0.000125, -0.0, 6.8e-05, 0.350388, 0.936604, 0.374722, 0.000174, -0.936603, 0.350388, 0.0, 0.0, 0.0, 0.0, 1.0],
                [1.0, 0.000137, -0.000127, 0.0, 6.7e-05, 0.373551, 0.927609, 0.374722, 0.000174, -0.927608, 0.373552, 0.0, 0.0, 0.0, 0.0, 1.0],
                [1.0, 0.000134, -0.000129, 0.0, 6.5e-05, 0.397387, 0.917651, 0.374721, 0.000174, -0.917649, 0.397388, 0.0, 0.0, 0.0, 0.0, 1.0],
                [1.0, 0.000131, -0.000131, 0.0, 6.4e-05, 0.421583, 0.906789, 0.374721, 0.000174, -0.906788, 0.421584, 0.0, 0.0, 0.0, 0.0, 1.0],
                [1.0, 0.000128, -0.000134, -0.0, 6.2e-05, 0.445666, 0.895199, 0.374722, 0.000174, -0.895197, 0.445667, 0.0, 0.0, 0.0, 0.0, 1.0],
                [1.0, 0.000126, -0.000136, -0.0, 6.1e-05, 0.46906, 0.883166, 0.374721, 0.000174, -0.883164, 0.469061, 0.0, 0.0, 0.0, 0.0, 1.0],
                [1.0, 0.000124, -0.000136, -0.0, 6e-05, 0.480117, 0.877204, 0.374721, 0.000175, -0.877203, 0.480118, -0.0, 0.0, 0.0, 0.0, 1.0],
                [1.0, 0.000123, -0.000137, -0.0, 5.9e-05, 0.490352, 0.871524, 0.374722, 0.000175, -0.871522, 0.490353, 0.0, 0.0, 0.0, 0.0, 1.0],
                [1.0, 0.000122, -0.000138, 0.0, 5.9e-05, 0.500341, 0.865828, 0.374721, 0.000175, -0.865826, 0.500342, -0.0, 0.0, 0.0, 0.0, 1.0],
                [1.0, 0.00012, -0.000139, -0.0, 5.8e-05, 0.510551, 0.859847, 0.374722, 0.000175, -0.859845, 0.510552, 0.0, 0.0, 0.0, 0.0, 1.0],
                [1.0, 0.000119, -0.00014, -0.0, 5.7e-05, 0.5213, 0.853373, 0.374722, 0.000175, -0.853371, 0.521301, 0.0, 0.0, 0.0, 0.0, 1.0],
                [1.0, 0.000118, -0.000141, 0.0, 5.7e-05, 0.5328, 0.846241, 0.374721, 0.000175, -0.846239, 0.532801, -0.0, 0.0, 0.0, 0.0, 1.0]
            ]
        },
        {
            "name": "Knee_R",
