{
    "animation": [
        {
            "name": "Root",
            "time": [0.0, 0.01, 0.02, 0.03, 0.04, 0.05, 0.06, 0.07, 0.08, 0.09, 0.1, 0.11, 0.12, 0.13, 0.14, 0.15, 0.16, 0.17, 0.18, 0.19, 0.2, 0.21, 0.22, 0.23, 0.24, 0.25, 0.26, 0.27, 0.28, 0.29, 0.3, 0.31, 0.32, 0.33, 0.34, 0.35, 0.36, 0.37, 0.38, 0.39, 0.4, 0.41, 0.42, 0.43, 0.44, 0.45, 0.46, 0.47, 0.48, 0.49, 0.5, 0.51, 0.52, 0.53, 0.54, 0.55, 0.56, 0.57, 0.58, 0.59, 0.6, 0.61, 0.62, 0.63, 0.64, 0.65, 0.66, 0.67, 0.68, 0.69, 0.7, 0.71, 0.72, 0.73, 0.74, 0.75, 0.76, 0.77, 0.78, 0.79, 0.8],
            "transform": [
                [0.998077, 0.0, -0.061981, -5e-06, -0.061981, 0.0, -0.998077, 0.000946, 0.0, 1.0, 0.0, 0.634288, 0.0, 0.0, 0.0, 1.0],
                [0.99809, 2e-06, -0.061778, -5e-06, -0.061778, 5.1e-05, -0.99809, 0.000805, 2e-06, 1.0, 5.1e-05, 0.634177, 0.0, 0.0, 0.0, 1.0],
                [0.998126, 3e-06, -0.061192, -5e-06, -0.061192, 0.000102, -0.998126, 0.000382, 3e-06, 1.0, 0.000102, 0.633845, 0.0, 0.0, 0.0, 1.0],
                [0.998183, 1e-05, -0.060248, -5e-06, -0.060248, 0.000344, -0.998183, -0.000323, 1e-05, 1.0, 0.000344, 0.633291, 0.0, 0.0, 0.0, 1.0],
                [0.998259, 2.4e-05, -0.058975, -5e-06, -0.058975, 0.000815, -0.998259, -0.001311, 2.4e-05, 1.0, 0.000815, 0.632516, 0.0, 0.0, 0.0, 1.0],
                [0.998351, 4.6e-05, -0.057401, -5e-06, -0.057401, 0.001592, -0.99835, -0.002581, 4.6e-05, 0.999999, 0.001592, 0.63152, 0.0, 0.0, 0.0, 1.0],
                [0.998456, 7.7e-05, -0.055552, -5e-06, -0.055552, 0.002752, -0.998452, -0.004133, 7.7e-05, 0.999996, 0.002752, 0.630302, 0.0, 0.0, 0.0, 1.0],
                [0.99857, 0.000117, -0.053455, -5e-06, -0.053455, 0.004371, -0.998561, -0.005967, 0.000117, 0.99999, 0.004371, 0.628863, 0.0, 0.0, 0.0, 1.0],
                [0.998692, 0.000167, -0.051138, -5e-06, -0.051138, 0.006525, -0.99867, -0.008083, 0.000167, 0.999979, 0.006525, 0.627203, 0.0, 0.0, 0.0, 1.0],
                [0.998817, 0.000226, -0.048629, -5e-06, -0.048629, 0.009292, -0.998774, -0.010481, 0.000226, 0.999957, 0.009292, 0.625321, 0.0, 0.0, 0.0, 1.0],
                [0.998943, 0.000293, -0.045956, -5e-06, -0.045956, 0.01275, -0.998862, -0.013162, 0.000293, 0.999919, 0.01275, 0.623217, 0.0, 0.0, 0.0, 1.0],
                [0.999069, 0.000366, -0.043144, -5e-06, -0.043144, 0.016974, -0.998925, -0.016125, 0.000366, 0.999856, 0.016974, 0.620893, 0.0, 0.0, 0.0, 1.0],
                [0.999191, 0.000444, -0.040221, -5e-06, -0.040221, 0.022042, -0.998948, -0.01937, 0.000444, 0.999757, 0.022042, 0.618347, 0.0, 0.0, 0.0, 1.0],
                [0.999307, 0.000522, -0.037213, -5e-06, -0.037213, 0.028031, -0.998914, -0.022897, 0.000522, 0.999607, 0.028031, 0.615579, 0.0, 0.0, 0.0, 1.0],
                [0.999417, 0.000598, -0.034149, -5e-06, -0.034149, 0.035017, -0.998803, -0.026706, 0.000598, 0.999387, 0.035017, 0.61259, 0.0, 0.0, 0.0, 1.0],
                [0.999518, 0.000669, -0.031054, -5e-06, -0.031054, 0.043077, -0.998589, -0.030797, 0.000669, 0.999072, 0.043077, 0.60938, 0.0, 0.0, 0.0, 1.0],
                [0.999609, 0.000732, -0.027959, -5e-06, -0.027959, 0.052291, -0.99824, -0.035171, 0.000732, 0.998632, 0.052291, 0.605948, 0.0, 0.0, 0.0, 1.0],
                [0.99969, 0.000782, -0.02489, -5e-06, -0.02489, 0.062732, -0.99772, -0.039827, 0.000782, 0.99803, 0.062732, 0.602295, 0.0, 0.0, 0.0, 1.0],
                [0.99976, 0.000816, -0.021873, -5e-06, -0.021873, 0.074476, -0.996983, -0.044764, 0.000816, 0.997222, 0.074476, 0.598421, 0.0, 0.0, 0.0, 1.0],
                [0.99982, 0.000831, -0.018938, -5e-06, -0.018938, 0.087595, -0.995976, -0.049985, 0.000831, 0.996156, 0.087595, 0.594325, 0.0, 0.0, 0.0, 1.0],
                [0.99987, 0.000825, -0.01611, -5e-06, -0.01611, 0.102161, -0.994637, -0.055487, 0.000825, 0.994768, 0.102161, 0.590007, 0.0, 0.0, 0.0, 1.0],
                [0.99991, 0.000796, -0.01342, -5e-06, -0.01342, 0.118241, -0.992894, -0.061271, 0.000796, 0.992985, 0.118241, 0.585469, 0.0, 0.0, 0.0, 1.0],
                [0.99994, 0.000744, -0.010894, -5e-06, -0.010894, 0.135898, -0.990663, -0.067338, 0.000744, 0.990723, 0.135898, 0.580708, 0.0, 0.0, 0.0, 1.0],
                [0.999963, 0.000668, -0.008561, -5e-06, -0.008561, 0.155192, -0.987847, -0.073686, 0.000668, 0.987884, 0.155192, 0.575727, 0.0, 0.0, 0.0, 1.0],
                [0.999979, 0.000573, -0.006449, -5e-06, -0.006449, 0.176173, -0.984338, -0.080317, 0.000573, 0.984359, 0.176173, 0.570524, 0.0, 0.0, 0.0, 1.0],
                [0.999989, 0.000461, -0.004588, -5e-06, -0.004588, 0.198884, -0.980012, -0.08723, 0.000461, 0.980023, 0.198884, 0.5651, 0.0, 0.0, 0.0, 1.0],
                [0.999995, 0.00034, -0.003005, -5e-06, -0.003005, 0.223356, -0.974732, -0.094426, 0.00034, 0.974737, 0.223356, 0.559454, 0.0, 0.0, 0.0, 1.0],
                [0.999999, 0.000219, -0.001728, -5e-06, -0.001728, 0.249607, -0.968346, -0.101903, 0.000219, 0.968347, 0.249607, 0.553587, 0.0, 0.0, 0.0, 1.0],
                [1.0, 0.000111, -0.000784, -5e-06, -0.000784, 0.277637, -0.960686, -0.109663, 0.000111, 0.960686, 0.277637, 0.547498, 0.0, 0.0, 0.0, 1.0],
                [1.0, 3.1e-05, -0.0002, -5e-06, -0.0002, 0.307431, -0.95157, -0.117704, 3.1e-05, 0.951571, 0.307431, 0.541188, 0.0, 0.0, 0.0, 1.0],
                [1.0, 0.0, -0.0, -5e-06, -0.0, 0.338945, -0.940806, -0.126028, 0.0, 0.940806, 0.338945, 0.534657, 0.0, 0.0, 0.0, 1.0],
                [1.0, 0.0, -0.0, -5e-06, -0.0, 0.390457, -0.920621, -0.061975, 0.0, 0.920621, 0.390457, 0.534754, 0.0, 0.0, 0.0, 1.0],
                [1.0, 0.0, -0.0, -5e-06, -0.0, 0.464949, -0.885337, 0.099147, 0.0, 0.885337, 0.464949, 0.53504, 0.0, 0.0, 0.0, 1.0],
                [1.0, 0.0, -0.0, -5e-06, -0.0, 0.54019, -0.841543, 0.310779, 0.0, 0.841543, 0.54019, 0.535507, 0.0, 0.0, 0.0, 1.0],
                [1.0, 0.0, -0.0, -5e-06, -0.0, 0.596837, -0.802362, 0.526364, 0.0, 0.802362, 0.596837, 0.536147, 0.0, 0.0, 0.0, 1.0],
                [1.0, 0.0, -0.0, -5e-06, -0.0, 0.619052, -0.78535, 0.699344, 0.0, 0.78535, 0.619052, 0.536952, 0.0, 0.0, 0.0, 1.0],
                [1.0, 0.0, -0.0, -5e-06, -0.0, 0.618455, -0.78582, 0.826627, 0.0, 0.78582, 0.618455, 0.537915, 0.0, 0.0, 0.0, 1.0],
                [1.0, 0.0, -0.0, -5e-06, -0.0, 0.6167, -0.787198, 0.936966, 0.0, 0.787198, 0.6167, 0.539027, 0.0, 0.0, 0.0, 1.0],
                [1.0, 0.0, -0.0, -5e-06, -0.0, 0.613833, -0.789436, 1.03157, 0.0, 0.789436, 0.613833, 0.540281, 0.0, 0.0, 0.0, 1.0],
                [1.0, 0.0, -0.0, -5e-06, -0.0, 0.609897, -0.792481, 1.111652, 0.0, 0.792481, 0.609897, 0.541669, 0.0, 0.0, 0.0, 1.0],
                [1.0, 0.0, -0.0, -5e-06, -0.0, 0.604933, -0.796277, 1.17842, 0.0, 0.796277, 0.604933, 0.543182, 0.0, 0.0, 0.0, 1.0],
                [1.0, 0.0, -0.0, -5e-06, -0.0, 0.598979, -0.800765, 1.233085, 0.0, 0.800765, 0.598979, 0.544814, 0.0, 0.0, 0.0, 1.0],
                [1.0, 0.0, -0.0, -5e-06, -0.0, 0.592073, -0.805884, 1.276857, 0.0, 0.805884, 0.592073, 0.546556, 0.0, 0.0, 0.0, 1.0],
                [1.0, 0.0, -0.0, -5e-06, -0.0, 0.58425, -0.811574, 1.310947, 0.0, 0.811574, 0.58425, 0.5484, 0.0, 0.0, 0.0, 1.0],
                [1.0, 0.0, -0.0, -5e-06, -0.0, 0.575548, -0.817768, 1.336565, 0.0, 0.817768, 0.575548, 0.550338, 0.0, 0.0, 0.0, 1.0],
                [1.0, 0.0, -0.0, -5e-06, -0.0, 0.566002, -0.824404, 1.354922, 0.0, 0.824404, 0.566002, 0.552364, 0.0, 0.0, 0.0, 1.0],
                [1.0, 0.0, -0.0, -5e-06, -0.0, 0.555651, -0.831416, 1.367226, 0.0, 0.831416, 0.555651, 0.554467, 0.0, 0.0, 0.0, 1.0],
                [1.0, 0.0, -0.0, -5e-06, -0.0, 0.544534, -0.838739, 1.37469, 0.0, 0.838739, 0.544534, 0.556642, 0.0, 0.0, 0.0, 1.0],
                [1.0, 0.0, -0.0, -5e-06, -0.0, 0.532693, -0.846309, 1.378522, 0.0, 0.846309, 0.532693, 0.55888, 0.0, 0.0, 0.0, 1.0],
                [1.0, 0.0, -0.0, -5e-06, -0.0, 0.52017, -0.854063, 1.379934, 0.0, 0.854063, 0.52017, 0.561172, 0.0, 0.0, 0.0, 1.0],
                [1.0, 0.0, -0.0, -5e-06, -0.0, 0.507013, -0.861938, 1.380136, 0.0, 0.861938, 0.507013, 0.563512, 0.0, 0.0, 0.0, 1.0],
                [1.0, 0.0, -0.0, -5e-06, -0.0, 0.493271, -0.869876, 1.37987, 0.0, 0.869876, 0.493271, 0.565892, 0.0, 0.0, 0.0, 1.0],
                [1.0, 0.0, -0.0, -5e-06, -0.0, 0.478996, -0.877817, 1.379097, 0.0, 0.877817, 0.478996, 0.568302, 0.0, 0.0, 0.0, 1.0],
                [1.0, 0.0, -0.0, -5e-06, -0.0, 0.464243, -0.885708, 1.377851, 0.0, 0.885708, 0.464243, 0.570737, 0.0, 0.0, 0.0, 1.0],
                [1.0, 0.0, -0.0, -5e-06, -0.0, 0.44907, -0.893497, 1.376171, 0.0, 0.893497, 0.44907, 0.573187, 0.0, 0.0, 0.0, 1.0],
                [1.0, 0.0, -0.0, -5e-06, -0.0, 0.433539, -0.901135, 1.374092, 0.0, 0.901135, 0.433539, 0.575645, 0.0, 0.0, 0.0, 1.0],
                [1.0, 0.0, -0.0, -5e-06, -0.0, 0.417713, -0.908579, 1.37165, 0.0, 0.908579, 0.417713, 0.578103, 0.0, 0.0, 0.0, 1.0],
                [1.0, 0.0, -0.0, -5e-06, -0.0, 0.401661, -0.915788, 1.368882, 0.0, 0.915788, 0.401661, 0.580553, 0.0, 0.0, 0.0, 1.0],
                [1.0, 0.0, -0.0, -5e-06, -0.0, 0.385451, -0.922728, 1.365824, 0.0, 0.922728, 0.385451, 0.582987, 0.0, 0.0, 0.0, 1.0],
                [1.0, 0.0, -0.0, -5e-06, -0.0, 0.369154, -0.929368, 1.362512, 0.0, 0.929368, 0.369154, 0.585398, 0.0, 0.0, 0.0, 1.0],
                [1.0, 0.0, -0.0, -5e-06, -0.0, 0.352845, -0.935682, 1.358983, 0.0, 0.935682, 0.352845, 0.587777, 0.0, 0.0, 0.0, 1.0],
                [1.0, 0.0, -0.0, -5e-06, -0.0, 0.336598, -0.941648, 1.355272, 0.0, 0.941648, 0.336598, 0.590117, 0.0, 0.0, 0.0, 1.0],
                [1.0, 0.0, -0.0, -5e-06, -0.0, 0.32049, -0.947252, 1.351416, 0.0, 0.947252, 0.32049, 0.59241, 0.0, 0.0, 0.0, 1.0],
                [1.0, 0.0, -0.0, -5e-06, -0.0, 0.304597, -0.952481, 1.347451, 0.0, 0.952481, 0.304597, 0.594647, 0.0, 0.0, 0.0, 1.0],
                [1.0, 0.0, -0.0, -5e-06, -0.0, 0.288998, -0.95733, 1.343414, 0.0, 0.95733, 0.288998, 0.596822, 0.0, 0.0, 0.0, 1.0],
                [1.0, 0.0, -0.0, -5e-06, -0.0, 0.273769, -0.961796, 1.33934, 0.0, 0.961796, 0.273769, 0.598926, 0.0, 0.0, 0.0, 1.0],
                [1.0, 0.0, -0.0, -5e-06, -0.0, 0.258989, -0.96588, 1.335267, 0.0, 0.96588, 0.258989, 0.600951, 0.0, 0.0, 0.0, 1.0],
                [1.0, 0.0, -0.0, -5e-06, -0.0, 0.244735, -0.96959, 1.331229, 0.0, 0.96959, 0.244735, 0.602889, 0.0, 0.0, 0.0, 1.0],
                [1.0, 0.0, -0.0, -5e-06, -0.0, 0.231085, -0.972934, 1.327265, 0.0, 0.972934, 0.231085, 0.604734, 0.0, 0.0, 0.0, 1.0],
                [1.0, 0.0, -0.0, -5e-06, -0.0, 0.218113, -0.975924, 1.323408, 0.0, 0.975924, 0.218113, 0.606475, 0.0, 0.0, 0.0, 1.0],
                [1.0, 0.0, -0.0, -5e-06, -0.0, 0.205894, -0.978574, 1.319698, 0.0, 0.978574, 0.205894, 0.608107, 0.0, 0.0, 0.0, 1.0],
                [1.0, 0.0, -0.0, -5e-06, -0.0, 0.194504, -0.980902, 1.316168, 0.0, 0.980902, 0.194504, 0.609621, 0.0, 0.0, 0.0, 1.0],
                [1.0, 0.0, -0.0, -5e-06, -0.0, 0.184015, -0.982923, 1.312856, 0.0, 0.982923, 0.184015, 0.611008, 0.0, 0.0, 0.0, 1.0],
                [1.0, 0.0, -0.0, -5e-06, -0.0, 0.1745, -0.984657, 1.309798, 0.0, 0.984657, 0.1745, 0.612262, 0.0, 0.0, 0.0, 1.0],
                [1.0, 0.0, -0.0, -5e-06, -0.0, 0.166028, -0.986121, 1.30703, 0.0, 0.986121, 0.166028, 0.613374, 0.0, 0.0, 0.0, 1.0],
                [1.0, 0.0, -0.0, -5e-06, -0.0, 0.158671, -0.987331, 1.304588, 0.0, 0.987331, 0.158671, 0.614337, 0.0, 0.0, 0.0, 1.0],
                [1.0, 0.0, -0.0, -5e-06, -0.0, 0.152498, -0.988304, 1.302509, 0.0, 0.988304, 0.152498, 0.615143, 0.0, 0.0, 0.0, 1.0],
                [1.0, 0.0, -0.0, -5e-06, -0.0, 0.147579, -0.98905, 1.300829, 0.0, 0.98905, 0.147579, 0.615783, 0.0, 0.0, 0.0, 1.0],
                [1.0, 0.0, -0.0, -5e-06, -0.0, 0.14398, -0.989581, 1.299584, 0.0, 0.989581, 0.14398, 0.61625, 0.0, 0.0, 0.0, 1.0],
                [1.0, 0.0, -0.0, -5e-06, -0.0, 0.141771, -0.989899, 1.29881, 0.0, 0.989899, 0.141771, 0.616535, 0.0, 0.0, 0.0, 1.0],
                [1.0, 0.0, -0.0, -5e-06, -0.0, 0.141024, -0.990006, 1.298544, 0.0, 0.990006, 0.141024, 0.616535, 0.0, 0.0, 0.0, 1.0]
            ]
        },
        {
            "name": "Thigh_R",
            "time": [0.0, 0.01, 0.02, 0.03, 0.04, 0.05, 0.06, 0.07, 0.08, 0.09, 0.1, 0.11, 0.12, 0.13, 0.14, 0.15, 0.16, 0.17, 0.18, 0.19, 0.2, 0.21, 0.22, 0.23, 0.24, 0.25, 0.26, 0.27, 0.28, 0.29, 0.3, 0.31, 0.32, 0.33, 0.34, 0.35, 0.36, 0.37, 0.38, 0.39, 0.4, 0.41, 0.42, 0.43, 0.44, 0.45, 0.46, 0.47, 0.48, 0.49, 0.5, 0.51, 0.52, 0.53, 0.54, 0.55, 0.56, 0.57, 0.58, 0.59, 0.6, 0.61, 0.62, 0.63, 0.64, 0.65, 0.66, 0.67, 0.68, 0.69, 0.7, 0.71, 0.72, 0.73, 0.74, 0.75, 0.76, 0.77, 0.78, 0.79, 0.8],
            "transform": [
                [0.73159, 0.380066, 0.565973, 0.121519, 0.408695, -0.908968, 0.082109, 0.014177, 0.545659, 0.17124, -0.820325, -0.010436, 0.0, 0.0, 0.0, 1.0],
                [0.731757, 0.380376, 0.565549, 0.121519, 0.408767, -0.908908, 0.082417, 0.014177, 0.545382, 0.170868, -0.820587, -0.010436, 0.0, 0.0, 0.0, 1.0],
                [0.732252, 0.381304, 0.564281, 0.121519, 0.408952, -0.908737, 0.083381, 0.014177, 0.544577, 0.169707, -0.821362, -0.010436, 0.0, 0.0, 0.0, 1.0],
                [0.733066, 0.382829, 0.562188, 0.121519, 0.409207, -0.908467, 0.085049, 0.014177, 0.543289, 0.167704, -0.822625, -0.010436, 0.0, 0.0, 0.0, 1.0],
                [0.734183, 0.384913, 0.5593, 0.121519, 0.409487, -0.908113, 0.087444, 0.014177, 0.541568, 0.164826, -0.82434, -0.010436, 0.0, 0.0, 0.0, 1.0],
                [0.735584, 0.387503, 0.555659, 0.121519, 0.409749, -0.907688, 0.090575, 0.014177, 0.539464, 0.161055, -0.826462, -0.010436, 0.0, 0.0, 0.0, 1.0],
                [0.737248, 0.390541, 0.55131, 0.121519, 0.409949, -0.907204, 0.094444, 0.014177, 0.537035, 0.15638, -0.828938, -0.010436, 0.0, 0.0, 0.0, 1.0],
                [0.739153, 0.394016, 0.546263, 0.121519, 0.410046, -0.90666, 0.099133, 0.014177, 0.534336, 0.150718, -0.831727, -0.010436, 0.0, 0.0, 0.0, 1.0],
                [0.741278, 0.397746, 0.540652, 0.121519, 0.409999, -0.906084, 0.104446, 0.014177, 0.53142, 0.144243, -0.834738, -0.010436, 0.0, 0.0, 0.0, 1.0],
                [0.743602, 0.401737, 0.534474, 0.121519, 0.409771, -0.90547, 0.110493, 0.014177, 0.52834, 0.136849, -0.837931, -0.010436, 0.0, 0.0, 0.0, 1.0],
                [0.746107, 0.405932, 0.527772, 0.121519, 0.409324, -0.904818, 0.117278, 0.014177, 0.525145, 0.128528, -0.841251, -0.010436, 0.0, 0.0, 0.0, 1.0],
                [0.748777, 0.410287, 0.520574, 0.121519, 0.408625, -0.904124, 0.124829, 0.014177, 0.521879, 0.11925, -0.844643, -0.010436, 0.0, 0.0, 0.0, 1.0],
                [0.7516, 0.414788, 0.512882, 0.121519, 0.407639, -0.903371, 0.133223, 0.014177, 0.518583, 0.10894, -0.848059, -0.010436, 0.0, 0.0, 0.0, 1.0],
                [0.754564, 0.419305, 0.504792, 0.121519, 0.406336, -0.902569, 0.142327, 0.014177, 0.515289, 0.09772, -0.851427, -0.010436, 0.0, 0.0, 0.0, 1.0],
                [0.757665, 0.423857, 0.496274, 0.121519, 0.404687, -0.901686, 0.152275, 0.014177, 0.512027, 0.085462, -0.854707, -0.010436, 0.0, 0.0, 0.0, 1.0],
                [0.760897, 0.428418, 0.487332, 0.121519, 0.402664, -0.900695, 0.163111, 0.014177, 0.508818, 0.072121, -0.857848, -0.010436, 0.0, 0.0, 0.0, 1.0],
                [0.764259, 0.432951, 0.477976, 0.121519, 0.400243, -0.899569, 0.174865, 0.014177, 0.505681, 0.057664, -0.860791, -0.010436, 0.0, 0.0, 0.0, 1.0],
                [0.767751, 0.437429, 0.468202, 0.121519, 0.397398, -0.898267, 0.187583, 0.014177, 0.502626, 0.042046, -0.863481, -0.010436, 0.0, 0.0, 0.0, 1.0],
                [0.771374, 0.441829, 0.458004, 0.121519, 0.39411, -0.896743, 0.201313, 0.014177, 0.499658, 0.025216, -0.865856, -0.010436, 0.0, 0.0, 0.0, 1.0],
                [0.775132, 0.446126, 0.447371, 0.121519, 0.390358, -0.894939, 0.216103, 0.014177, 0.49678, 0.007126, -0.867847, -0.010436, 0.0, 0.0, 0.0, 1.0],
                [0.779027, 0.450296, 0.43629, 0.121519, 0.386126, -0.892793, 0.232001, 0.014177, 0.493987, -0.012272, -0.869383, -0.010436, 0.0, 0.0, 0.0, 1.0],
                [0.783062, 0.454315, 0.424748, 0.121519, 0.3814, -0.890226, 0.249054, 0.014177, 0.491271, -0.033026, -0.87038, -0.010436, 0.0, 0.0, 0.0, 1.0],
                [0.787238, 0.458161, 0.412726, 0.121519, 0.376169, -0.887152, 0.267309, 0.014177, 0.488622, -0.055181, -0.870749, -0.010436, 0.0, 0.0, 0.0, 1.0],
                [0.791556, 0.46181, 0.400211, 0.121519, 0.370428, -0.883471, 0.286806, 0.014177, 0.486026, -0.078774, -0.870387, -0.010436, 0.0, 0.0, 0.0, 1.0],
                [0.796015, 0.465238, 0.387185, 0.121519, 0.364172, -0.879072, 0.307585, 0.014177, 0.483464, -0.10384, -0.869183, -0.010436, 0.0, 0.0, 0.0, 1.0],
                [0.800611, 0.46842, 0.373637, 0.121519, 0.357404, -0.873828, 0.329673, 0.014177, 0.48092, -0.1304, -0.867013, -0.010436, 0.0, 0.0, 0.0, 1.0],
                [0.805337, 0.47133, 0.359555, 0.121519, 0.35013, -0.867602, 0.353091, 0.014177, 0.478373, -0.158466, -0.863741, -0.010436, 0.0, 0.0, 0.0, 1.0],
                [0.810185, 0.473943, 0.344931, 0.121519, 0.342361, -0.860242, 0.377848, 0.014177, 0.475803, -0.188036, -0.859217, -0.010436, 0.0, 0.0, 0.0, 1.0],
                [0.815143, 0.476233, 0.329761, 0.121519, 0.334114, -0.851586, 0.403939, 0.014177, 0.47319, -0.21909, -0.853283, -0.010436, 0.0, 0.0, 0.0, 1.0],
                [0.820197, 0.478173, 0.314048, 0.121519, 0.325413, -0.841458, 0.431338, 0.014177, 0.470513, -0.251587, -0.845767, -0.010436, 0.0, 0.0, 0.0, 1.0],
                [0.82533, 0.479735, 0.297797, 0.121519, 0.316285, -0.829675, 0.46, 0.014177, 0.467754, -0.285463, -0.836491, -0.010436, 0.0, 0.0, 0.0, 1.0],
                [0.851712, 0.453141, 0.26315, 0.121519, 0.298545, -0.832332, 0.467002, 0.014177, 0.430647, -0.319189, -0.844193, -0.010436, 0.0, 0.0, 0.0, 1.0],
                [0.895333, 0.403669, 0.188227, 0.121519, 0.264911, -0.82236, 0.503531, 0.014177, 0.358051, -0.400964, -0.843224, -0.010436, 0.0, 0.0, 0.0, 1.0],
                [0.941193, 0.329917, 0.07287, 0.121519, 0.209241, -0.738496, 0.640968, 0.014177, 0.265281, -0.588026, -0.764101, -0.010436, 0.0, 0.0, 0.0, 1.0],
                [0.97693, 0.210911, -0.033519, 0.121519, 0.128578, -0.455575, 0.880863, 0.014177, 0.170513, -0.864849, -0.472184, -0.010436, 0.0, 0.0, 0.0, 1.0],
                [0.996772, 0.079923, 0.007572, 0.121519, -0.029734, 0.279924, 0.959562, 0.014177, 0.074572, -0.956687, 0.281397, -0.010436, 0.0, 0.0, 0.0, 1.0],
                [0.997748, 0.065659, 0.013653, 0.121519, -0.045693, 0.516549, 0.855038, 0.014177, 0.049088, -0.853735, 0.518387, -0.010436, 0.0, 0.0, 0.0, 1.0],
                [0.998178, 0.053942, 0.027011, 0.121519, -0.049776, 0.483478, 0.87394, 0.014177, 0.034083, -0.873691, 0.485283, -0.010436, 0.0, 0.0, 0.0, 1.0],
                [0.998488, 0.040719, 0.036913, 0.121519, -0.047686, 0.307943, 0.950209, 0.014177, 0.027325, -0.950531, 0.30942, -0.010436, 0.0, 0.0, 0.0, 1.0],
                [0.9987, 0.028696, 0.042113, 0.121519, -0.044125, 0.073509, 0.996318, 0.014177, 0.025495, -0.99688, 0.07468, -0.010436, 0.0, 0.0, 0.0, 1.0],
                [0.998835, 0.027383, 0.039733, 0.121519, -0.040002, 0.00935, 0.999156, 0.014177, 0.026988, -0.999579, 0.010434, -0.010436, 0.0, 0.0, 0.0, 1.0],
                [0.998924, 0.032173, 0.033406, 0.121519, -0.03544, 0.064869, 0.997264, 0.014177, 0.029918, -0.997373, 0.065939, -0.010436, 0.0, 0.0, 0.0, 1.0],
                [0.99898, 0.034815, 0.028755, 0.121519, -0.031191, 0.071577, 0.996947, 0.014177, 0.032651, -0.996825, 0.07259, -0.010436, 0.0, 0.0, 0.0, 1.0],
                [0.999009, 0.036802, 0.025012, 0.121519, -0.027168, 0.059284, 0.997872, 0.014177, 0.035241, -0.997561, 0.060226, -0.010436, 0.0, 0.0, 0.0, 1.0],
                [0.999016, 0.038622, 0.021794, 0.121519, -0.023295, 0.038829, 0.998975, 0.014177, 0.037736, -0.998497, 0.039691, -0.010436, 0.0, 0.0, 0.0, 1.0],
                [0.999002, 0.040481, 0.01887, 0.121519, -0.019505, 0.015353, 0.999692, 0.014177, 0.040179, -0.99906, 0.016127, -0.010436, 0.0, 0.0, 0.0, 1.0],
                [0.998968, 0.042472, 0.016097, 0.121519, -0.015741, -0.008685, 0.999839, 0.014177, 0.042605, -0.999058, -0.008007, -0.010436, 0.0, 0.0, 0.0, 1.0],
                [0.998913, 0.044641, 0.013389, 0.121519, -0.011952, -0.032315, 0.999407, 0.014177, 0.045047, -0.998478, -0.031746, -0.010436, 0.0, 0.0, 0.0, 1.0],
                [0.998836, 0.047017, 0.010701, 0.121519, -0.008089, -0.055406, 0.998432, 0.014177, 0.047536, -0.997354, -0.054961, -0.010436, 0.0, 0.0, 0.0, 1.0],
                [0.998735, 0.049625, 0.008013, 0.121519, -0.00411, -0.07826, 0.996925, 0.014177, 0.050099, -0.995695, -0.077957, -0.010436, 0.0, 0.0, 0.0, 1.0],
                [0.998607, 0.052494, 0.005321, 0.121519, 2.6e-05, -0.101339, 0.994852, 0.014177, 0.052763, -0.993464, -0.101199, -0.010436, 0.0, 0.0, 0.0, 1.0],
                [0.998447, 0.055641, 0.002644, 0.121519, 0.004334, -0.124909, 0.992159, 0.014177, 0.055535, -0.990605, -0.124957, -0.010436, 0.0, 0.0, 0.0, 1.0],
                [0.998255, 0.059049, 3e-05, 0.121519, 0.008776, -0.148868, 0.988818, 0.014177, 0.058394, -0.98709, -0.149127, -0.010436, 0.0, 0.0, 0.0, 1.0],
                [0.998026, 0.062741, -0.002432, 0.121519, 0.013285, -0.173153, 0.984806, 0.014177, 0.061367, -0.982892, -0.173646, -0.010436, 0.0, 0.0, 0.0, 1.0],
                [0.997769, 0.066576, -0.004848, 0.121519, 0.017953, -0.1977, 0.980098, 0.014177, 0.064293, -0.977997, -0.198455, -0.010436, 0.0, 0.0, 0.0, 1.0],
                [0.997476, 0.070654, -0.007038, 0.121519, 0.022634, -0.222451, 0.974681, 0.014177, 0.067299, -0.972378, -0.223489, -0.010436, 0.0, 0.0, 0.0, 1.0],
                [0.997149, 0.074909, -0.009019, 0.121519, 0.027342, -0.247345, 0.968542, 0.014177, 0.070322, -0.966025, -0.248689, -0.010436, 0.0, 0.0, 0.0, 1.0],
                [0.996791, 0.079316, -0.010763, 0.121519, 0.032053, -0.272323, 0.961672, 0.014177, 0.073345, -0.958929, -0.273992, -0.010436, 0.0, 0.0, 0.0, 1.0],
                [0.996403, 0.083848, -0.012247, 0.121519, 0.036747, -0.297324, 0.954069, 0.014177, 0.076355, -0.951086, -0.299337, -0.010436, 0.0, 0.0, 0.0, 1.0],
                [0.995987, 0.088474, -0.01345, 0.121519, 0.0414, -0.322288, 0.945736, 0.014177, 0.079338, -0.942496, -0.324658, -0.010436, 0.0, 0.0, 0.0, 1.0],
                [0.995547, 0.093164, -0.014356, 0.121519, 0.045994, -0.347152, 0.93668, 0.014177, 0.082281, -0.933168, -0.349892, -0.010436, 0.0, 0.0, 0.0, 1.0],
                [0.995085, 0.097887, -0.014954, 0.121519, 0.050509, -0.371854, 0.926916, 0.014177, 0.085172, -0.923114, -0.374971, -0.010436, 0.0, 0.0, 0.0, 1.0],
                [0.994605, 0.10261, -0.015236, 0.121519, 0.054927, -0.396328, 0.916464, 0.014177, 0.088, -0.912355, -0.399827, -0.010436, 0.0, 0.0, 0.0, 1.0],
                [0.99411, 0.1073, -0.015199, 0.121519, 0.059231, -0.420512, 0.905352, 0.014177, 0.090753, -0.900918, -0.424391, -0.010436, 0.0, 0.0, 0.0, 1.0],
                [0.993605, 0.111924, -0.014846, 0.121519, 0.063404, -0.444335, 0.893614, 0.014177, 0.093421, -0.888839, -0.448592, -0.010436, 0.0, 0.0, 0.0, 1.0],
                [0.993095, 0.11645, -0.014181, 0.121519, 0.067431, -0.467731, 0.881295, 0.014177, 0.095994, -0.876164, -0.472355, -0.010436, 0.0, 0.0, 0.0, 1.0],
                [0.992583, 0.120845, -0.013217, 0.121519, 0.071297, -0.490625, 0.868449, 0.014177, 0.098464, -0.862948, -0.495603, -0.010436, 0.0, 0.0, 0.0, 1.0],
                [0.992074, 0.125078, -0.011969, 0.121519, 0.074987, -0.512941, 0.855142, 0.014177, 0.10082, -0.84926, -0.518257, -0.010436, 0.0, 0.0, 0.0, 1.0],
                [0.991574, 0.129117, -0.010459, 0.121519, 0.078488, -0.534601, 0.841452, 0.014177, 0.103054, -0.835181, -0.540232, -0.010436, 0.0, 0.0, 0.0, 1.0],
                [0.991086, 0.132933, -0.008714, 0.121519, 0.081786, -0.555517, 0.827473, 0.014177, 0.105158, -0.820808, -0.561439, -0.010436, 0.0, 0.0, 0.0, 1.0],
                [0.990617, 0.136499, -0.006766, 0.121519, 0.084867, -0.575592, 0.813321, 0.014177, 0.107123, -0.806262, -0.581777, -0.010436, 0.0, 0.0, 0.0, 1.0],
                [0.99017, 0.139789, -0.004657, 0.121519, 0.087719, -0.594718, 0.799134, 0.014177, 0.108941, -0.791685, -0.601136, -0.010436, 0.0, 0.0, 0.0, 1.0],
                [0.989751, 0.142781, -0.002432, 0.121519, 0.090329, -0.612776, 0.785077, 0.014177, 0.110604, -0.777248, -0.619394, -0.010436, 0.0, 0.0, 0.0, 1.0],
                [0.989364, 0.145455, -0.000152, 0.121519, 0.092683, -0.629607, 0.771364, 0.014177, 0.112104, -0.763173, -0.636394, -0.010436, 0.0, 0.0, 0.0, 1.0],
                [0.989015, 0.147795, 0.00212, 0.121519, 0.094768, -0.645045, 0.758244, 0.014177, 0.113432, -0.749713, -0.651967, -0.010436, 0.0, 0.0, 0.0, 1.0],
                [0.988708, 0.149787, 0.004325, 0.121519, 0.096572, -0.658987, 0.745928, 0.014177, 0.114581, -0.737086, -0.666013, -0.010436, 0.0, 0.0, 0.0, 1.0],
                [0.988448, 0.151425, 0.006341, 0.121519, 0.098081, -0.671011, 0.73493, 0.014177, 0.115541, -0.725817, -0.678114, -0.010436, 0.0, 0.0, 0.0, 1.0],
                [0.988239, 0.152703, 0.008082, 0.121519, 0.099281, -0.68091, 0.725605, 0.014177, 0.116305, -0.716267, -0.688064, -0.010436, 0.0, 0.0, 0.0, 1.0],
                [0.988085, 0.153619, 0.009458, 0.121519, 0.100157, -0.688438, 0.718345, 0.014177, 0.116863, -0.708837, -0.695623, -0.010436, 0.0, 0.0, 0.0, 1.0],
                [0.987989, 0.154173, 0.010336, 0.121519, 0.100694, -0.693129, 0.713744, 0.014177, 0.117205, -0.704129, -0.70033, -0.010436, 0.0, 0.0, 0.0, 1.0],
                [0.987989, 0.154162, 0.010514, 0.121519, 0.10083, -0.69476, 0.712137, 0.014177, 0.11709, -0.702522, -0.701962, -0.010436, 0.0, 0.0, 0.0, 1.0]
            ]
        },
        {
            "name": "Leg_R",
            "time": [0.0, 0.01, 0.02, 0.03, 0.04, 0.05, 0.06, 0.07, 0.08, 0.09, 0.1, 0.11, 0.12, 0.13, 0.14, 0.15, 0.16, 0.17, 0.18, 0.19, 0.2, 0.21, 0.22, 0.23, 0.24, 0.25, 0.26, 0.27, 0.28, 0.29, 0.3, 0.31, 0.32, 0.33, 0.34, 0.35, 0.36, 0.37, 0.38, 0.39, 0.4, 0.41, 0.42, 0.43, 0.44, 0.45, 0.46, 0.47, 0.48, 0.49, 0.5, 0.51, 0.52, 0.53, 0.54, 0.55, 0.56, 0.57, 0.58, 0.59, 0.6, 0.61, 0.62, 0.63, 0.64, 0.65, 0.66, 0.67, 0.68, 0.69, 0.7, 0.71, 0.72, 0.73, 0.74, 0.75, 0.76, 0.77, 0.78, 0.79, 0.8],
            "transform": [
                [1.0, 3.2e-05, -0.000155, -0.0, 1.8e-05, 0.949589, 0.313492, 0.374721, 0.000157, -0.313492, 0.949591, 0.0, 0.0, 0.0, 0.0, 1.0],
                [1.0, 3.2e-05, -0.000155, 0.0, 1.8e-05, 0.949185, 0.314713, 0.374721, 0.000157, -0.314713, 0.949187, -0.0, 0.0, 0.0, 0.0, 1.0],
                [1.0, 3.3e-05, -0.000155, -0.0, 1.8e-05, 0.94797, 0.318355, 0.374721, 0.000157, -0.318354, 0.947971, 0.0, 0.0, 0.0, 0.0, 1.0],
                [1.0, 3.3e-05, -0.000155, 0.0, 1.9e-05, 0.94594, 0.324339, 0.374721, 0.000157, -0.324338, 0.945941, -0.0, 0.0, 0.0, 0.0, 1.0],
                [1.0, 3.4e-05, -0.000155, -0.0, 1.9e-05, 0.94309, 0.332534, 0.374721, 0.000157, -0.332534, 0.943091, -0.0, 0.0, 0.0, 0.0, 1.0],
                [1.0, 3.6e-05, -0.000155, 0.0, 2e-05, 0.93942, 0.342764, 0.374722, 0.000158, -0.342764, 0.939421, 0.0, 0.0, 0.0, 0.0, 1.0],
                [1.0, 3.7e-05, -0.000155, 0.0, 2e-05, 0.934927, 0.354836, 0.374721, 0.000158, -0.354836, 0.934928, -0.0, 0.0, 0.0, 0.0, 1.0],
                [1.0, 3.9e-05, -0.000155, -0.0, 2.1e-05, 0.929541, 0.368715, 0.374721, 0.000158, -0.368715, 0.929542, 0.0, 0.0, 0.0, 0.0, 1.0],
                [1.0, 4.1e-05, -0.000155, -0.0, 2.2e-05, 0.923418, 0.383793, 0.374721, 0.000158, -0.383793, 0.923419, -0.0, 0.0, 0.0, 0.0, 1.0],
                [1.0, 4.3e-05, -0.000154, -0.0, 2.3e-05, 0.916476, 0.400088, 0.374722, 0.000159, -0.400087, 0.916477, -0.0, 0.0, 0.0, 0.0, 1.0],
                [1.0, 4.5e-05, -0.000154, 0.0, 2.4e-05, 0.908721, 0.417401, 0.374721, 0.000159, -0.417401, 0.908722, -0.0, 0.0, 0.0, 0.0, 1.0],
                [1.0, 4.7e-05, -0.000154, 0.0, 2.5e-05, 0.900147, 0.435584, 0.374721, 0.000159, -0.435583, 0.900148, 0.0, 0.0, 0.0, 0.0, 1.0],
                [1.0, 5e-05, -0.000154, -0.0, 2.6e-05, 0.890702, 0.454586, 0.374722, 0.00016, -0.454585, 0.890703, -0.0, 0.0, 0.0, 0.0, 1.0],
                [1.0, 5.2e-05, -0.000154, 0.0, 2.7e-05, 0.88055, 0.47395, 0.374721, 0.00016, -0.47395, 0.880551, -0.0, 0.0, 0.0, 0.0, 1.0],
                [1.0, 5.5e-05, -0.000153, -0.0, 2.8e-05, 0.869605, 0.493746, 0.374721, 0.00016, -0.493745, 0.869606, 0.0, 0.0, 0.0, 0.0, 1.0],
                [1.0, 5.7e-05, -0.000153, -0.0, 2.9e-05, 0.857866, 0.513871, 0.374721, 0.000161, -0.513871, 0.857867, 0.0, 0.0, 0.0, 0.0, 1.0],
                [1.0, 6e-05, -0.000152, -0.0, 3e-05, 0.845355, 0.534203, 0.374721, 0.000161, -0.534203, 0.845356, 0.0, 0.0, 0.0, 0.0, 1.0],
                [1.0, 6.3e-05, -0.000152, 0.0, 3.2e-05, 0.832082, 0.55465, 0.374721, 0.000161, -0.554649, 0.832083, -0.0, 0.0, 0.0, 0.0, 1.0],
                [1.0, 6.6e-05, -0.000151, 0.0, 3.3e-05, 0.818057, 0.575136, 0.374721, 0.000162, -0.575135, 0.818058, -0.0, 0.0, 0.0, 0.0, 1.0],
                [1.0, 6.9e-05, -0.00015, 0.0, 3.4e-05, 0.80329, 0.595586, 0.374721, 0.000162, -0.595585, 0.803291, -0.0, 0.0, 0.0, 0.0, 1.0],
                [1.0, 7.2e-05, -0.00015, -0.0, 3.6e-05, 0.787799, 0.615931, 0.374721, 0.000162, -0.615931, 0.787799, -0.0, 0.0, 0.0, 0.0, 1.0],
                [1.0, 7.5e-05, -0.000149, 0.0, 3.7e-05, 0.771594, 0.636114, 0.374721, 0.000162, -0.636113, 0.771595, 0.0, 0.0, 0.0, 0.0, 1.0],
                [1.0, 7.8e-05, -0.000148, -0.0, 3.8e-05, 0.754692, 0.656079, 0.374721, 0.000163, -0.656078, 0.754692, -0.0, 0.0, 0.0, 0.0, 1.0],
                [1.0, 8.1e-05, -0.000147, -0.0, 4e-05, 0.737109, 0.675773, 0.374721, 0.000163, -0.675772, 0.737109, -0.0, 0.0, 0.0, 0.0, 1.0],
                [1.0, 8.4e-05, -0.000146, 0.0, 4.1e-05, 0.718861, 0.695152, 0.374721, 0.000163, -0.695152, 0.718862, 0.0, 0.0, 0.0, 0.0, 1.0],
                [1.0, 8.7e-05, -0.000145, 0.0, 4.3e-05, 0.699969, 0.714172, 0.374721, 0.000163, -0.714172, 0.69997, -0.0, 0.0, 0.0, 0.0, 1.0],
                [1.0, 9e-05, -0.000143, -0.0, 4.4e-05, 0.680454, 0.73279, 0.374721, 0.000164, -0.732789, 0.680455, 0.0, 0.0, 0.0, 0.0, 1.0],
                [1.0, 9.3e-05, -0.000142, 0.0, 4.5e-05, 0.660337, 0.750968, 0.374721, 0.000164, -0.750967, 0.660338, -0.0, 0.0, 0.0, 0.0, 1.0],
                [1.0, 9.6e-05, -0.000141, 0.0, 4.7e-05, 0.639643, 0.768671, 0.374721, 0.000164, -0.76867, 0.639643, -0.0, 0.0, 0.0, 0.0, 1.0],
                [1.0, 9.9e-05, -0.000139, -0.0, 4.8e-05, 0.618399, 0.785864, 0.374721, 0.000164, -0.785863, 0.618399, 0.0, 0.0, 0.0, 0.0, 1.0],
                [1.0, 0.000102, -0.000138, 0.0, 5e-05, 0.596635, 0.802512, 0.374721, 0.000164, -0.802511, 0.596636, -0.0, 0.0, 0.0, 0.0, 1.0],
                [1.0, 0.000103, -0.000137, 0.0, 5e-05, 0.588588, 0.808433, 0.374721, 0.000164, -0.808432, 0.588588, -0.0, 0.0, 0.0, 0.0, 1.0],
                [1.0, 0.000113, -0.000131, 0.0, 5.5e-05, 0.509856, 0.860259, 0.374721, 0.000164, -0.860258, 0.509857, 0.0, 0.0, 0.0, 0.0, 1.0],
                [1.0, 0.000139, -0.000111, 0.0, 6.9e-05, 0.268482, 0.963284, 0.374721, 0.000164, -0.963283, 0.268483, 0.0, 0.0, 0.0, 0.0, 1.0],
                [1.0, 0.000171, -6.5e-05, -0.0, 9.2e-05, -0.164207, 0.986426, 0.374721, 0.000158, -0.986424, -0.164207, 0.0, 0.0, 0.0, 0.0, 1.0],
                [1.0, 0.000186, -1.4e-05, 0.0, 0.000111, -0.535672, 0.844426, 0.374722, 0.00015, -0.844425, -0.535672, 0.0, 0.0, 0.0, 0.0, 1.0],
                [1.0, 0.00018, -4.3e-05, -0.0, 0.000101, -0.336701, 0.941612, 0.374721, 0.000155, -0.94161, -0.336701, -0.0, 0.0, 0.0, 0.0, 1.0],
                [1.0, 0.000156, -9.1e-05, -0.0, 8e-05, 0.068346, 0.997661, 0.374722, 0.000162, -0.99766, 0.068346, 0.0, 0.0, 0.0, 0.0, 1.0],
                [1.0, 0.000111, -0.000133, -0.0, 5.4e-05, 0.52509, 0.851046, 0.374721, 0.000164, -0.851045, 0.525091, -0.0, 0.0, 0.0, 0.0, 1.0],
                [1.0, 6e-05, -0.000152, -0.0, 3e-05, 0.847993, 0.530005, 0.374721, 0.000161, -0.530004, 0.847994, 0.0, 0.0, 0.0, 0.0, 1.0],
                [1.0, 5.7e-05, -0.000153, -0.0, 2.9e-05, 0.860576, 0.509319, 0.374721, 0.000161, -0.509319, 0.860577, -0.0, 0.0, 0.0, 0.0, 1.0],
                [1.0, 8.6e-05, -0.000145, -0.0, 4.2e-05, 0.705297, 0.70891, 0.374722, 0.000163, -0.70891, 0.705298, -0.0, 0.0, 0.0, 0.0, 1.0],
                [1.0, 0.000102, -0.000138, -0.0, 5e-05, 0.598287, 0.801281, 0.374722, 0.000164, -0.80128, 0.598288, -0.0, 0.0, 0.0, 0.0, 1.0],
                [1.0, 0.000111, -0.000133, -0.0, 5.4e-05, 0.52667, 0.850069, 0.374721, 0.000164, -0.850068, 0.526671, -0.0, 0.0, 0.0, 0.0, 1.0],
                [1.0, 0.000117, -0.000129, 0.0, 5.7e-05, 0.480896, 0.876777, 0.374721, 0.000164, -0.876776, 0.480897, -0.0, 0.0, 0.0, 0.0, 1.0],
                [1.0, 0.00012, -0.000127, -0.0, 5.9e-05, 0.453991, 0.891006, 0.374721, 0.000164, -0.891005, 0.453991, -0.0, 0.0, 0.0, 0.0, 1.0],
                [1.0, 0.000121, -0.000126, 0.0, 6e-05, 0.440875, 0.897568, 0.374721, 0.000164, -0.897567, 0.440875, 0.0, 0.0, 0.0, 0.0, 1.0],
                [1.0, 0.000122, -0.000126, 0.0, 6e-05, 0.437787, 0.899078, 0.374722, 0.000164, -0.899077, 0.437787, 0.0, 0.0, 0.0, 0.0, 1.0],
                [1.0, 0.000121, -0.000126, 0.0, 6e-05, 0.441814, 0.897106, 0.374721, 0.000164, -0.897105, 0.441815, -0.0, 0.0, 0.0, 0.0, 1.0],
                [1.0, 0.00012, -0.000127, 0.0, 5.9e-05, 0.450533, 0.892759, 0.374722, 0.000164, -0.892758, 0.450534, 0.0, 0.0, 0.0, 0.0, 1.0],
                [1.0, 0.000119, -0.000128, 0.0, 5.8e-05, 0.461738, 0.887016, 0.374721, 0.000164, -0.887015, 0.461738, -0.0, 0.0, 0.0, 0.0, 1.0],
                [1.0, 0.000117, -0.000129, -0.0, 5.8e-05, 0.474105, 0.880468, 0.374721, 0.000164, -0.880467, 0.474105, -0.0, 0.0, 0.0, 0.0, 1.0],
                [1.0, 0.000116, -0.00013, -0.0, 5.7e-05, 0.487677, 0.873023, 0.374721, 0.000164, -0.873022, 0.487678, -0.0, 0.0, 0.0, 0.0, 1.0],
                [1.0, 0.000114, -0.000131, 0.0, 5.6e-05, 0.502369, 0.864653, 0.374721, 0.000164, -0.864652, 0.50237, 0.0, 0.0, 0.0, 0.0, 1.0],
                [1.0, 0.000112, -0.000132, 0.0, 5.5e-05, 0.518097, 0.855321, 0.374722, 0.000164, -0.85532, 0.518098, 0.0, 0.0, 0.0, 0.0, 1.0],
                [1.0, 0.00011, -0.000133, 0.0, 5.4e-05, 0.534778, 0.844992, 0.374721, 0.000164, -0.844991, 0.534779, -0.0, 0.0, 0.0, 0.0, 1.0],
                [1.0, 0.000108, -0.000135, -0.0, 5.3e-05, 0.552328, 0.833626, 0.374722, 0.000164, -0.833625, 0.552329, -0.0, 0.0, 0.0, 0.0, 1.0],
                [1.0, 0.000105, -0.000136, -0.0, 5.2e-05, 0.570661, 0.821185, 0.374721, 0.000164, -0.821184, 0.570661, 0.0, 0.0, 0.0, 0.0, 1.0],
                [1.0, 0.000103, -0.000137, 0.0, 5e-05, 0.589688, 0.80763, 0.374721, 0.000164, -0.80763, 0.589689, 0.0, 0.0, 0.0, 0.0, 1.0],
                [1.0, 0.0001, -0.000139, 0.0, 4.9e-05, 0.609316, 0.792927, 0.374722, 0.000164, -0.792926, 0.609316, 0.0, 0.0, 0.0, 0.0, 1.0],
                [1.0, 9.7e-05, -0.00014, 0.0, 4.8e-05, 0.629447, 0.777042, 0.374721, 0.000164, -0.777041, 0.629448, 0.0, 0.0, 0.0, 0.0, 1.0],
                [1.0, 9.4e-05, -0.000142, -0.0, 4.6e-05, 0.649979, 0.759951, 0.374722, 0.000164, -0.75995, 0.64998, 0.0, 0.0, 0.0, 0.0, 1.0],
                [1.0, 9.1e-05, -0.000143, 0.0, 4.5e-05, 0.670802, 0.741636, 0.374721, 0.000164, -0.741635, 0.670803, -0.0, 0.0, 0.0, 0.0, 1.0],
                [1.0, 8.8e-05, -0.000144, 0.0, 4.3e-05, 0.691803, 0.722085, 0.374721, 0.000163, -0.722084, 0.691804, 0.0, 0.0, 0.0, 0.0, 1.0],
                [1.0, 8.5e-05, -0.000146, -0.0, 4.2e-05, 0.712862, 0.701303, 0.374722, 0.000163, -0.701303, 0.712863, 0.0, 0.0, 0.0, 0.0, 1.0],
                [1.0, 8.1e-05, -0.000147, 0.0, 4e-05, 0.733848, 0.679312, 0.374721, 0.000163, -0.679311, 0.733849, -0.0, 0.0, 0.0, 0.0, 1.0],
                [1.0, 7.8e-05, -0.000148, 0.0, 3.8e-05, 0.754631, 0.656149, 0.374722, 0.000163, -0.656148, 0.754632, -0.0, 0.0, 0.0, 0.0, 1.0],
                [1.0, 7.4e-05, -0.000149, -0.0, 3.7e-05, 0.775067, 0.631878, 0.374721, 0.000162, -0.631877, 0.775068, 0.0, 0.0, 0.0, 0.0, 1.0],
                [1.0, 7e-05, -0.00015, -0.0, 3.5e-05, 0.795011, 0.606594, 0.374722, 0.000162, -0.606593, 0.795012, 0.0, 0.0, 0.0, 0.0, 1.0],
                [1.0, 6.7e-05, -0.000151, -0.0, 3.3e-05, 0.814311, 0.580427, 0.374722, 0.000162, -0.580426, 0.814312, 0.0, 0.0, 0.0, 0.0, 1.0],
                [1.0, 6.3e-05, -0.000152, 0.0, 3.2e-05, 0.832807, 0.553561, 0.374721, 0.000161, -0.553561, 0.832808, 0.0, 0.0, 0.0, 0.0, 1.0],
                [1.0, 5.9e-05, -0.000153, 0.0, 3e-05, 0.850336, 0.526237, 0.374721, 0.000161, -0.526237, 0.850338, 0.0, 0.0, 0.0, 0.0, 1.0],
                [1.0, 5.5e-05, -0.000153, 0.0, 2.8e-05, 0.866737, 0.498764, 0.374722, 0.00016, -0.498763, 0.866738, 0.0, 0.0, 0.0, 0.0, 1.0],
                [1.0, 5.2e-05, -0.000154, 0.0, 2.7e-05, 0.881822, 0.47158, 0.374722, 0.00016, -0.471579, 0.881823, -0.0, 0.0, 0.0, 0.0, 1.0],
                [1.0, 4.8e-05, -0.000154, 0.0, 2.5e-05, 0.895428, 0.445203, 0.374721, 0.000159, -0.445203, 0.895429, 0.0, 0.0, 0.0, 0.0, 1.0],
                [1.0, 4.5e-05, -0.000154, -0.0, 2.4e-05, 0.907501, 0.420047, 0.374721, 0.000159, -0.420046, 0.907502, 0.0, 0.0, 0.0, 0.0, 1.0],
                [1.0, 4.2e-05, -0.000154, -0.0, 2.3e-05, 0.917669, 0.397343, 0.374722, 0.000159, -0.397343, 0.91767, -0.0, 0.0, 0.0, 0.0, 1.0],
                [1.0, 4e-05, -0.000155, 0.0, 2.1e-05, 0.925854, 0.377877, 0.374721, 0.000158, -0.377877, 0.925855, -0.0, 0.0, 0.0, 0.0, 1.0],
                [1.0, 3.8e-05, -0.000155, 0.0, 2.1e-05, 0.931968, 0.362538, 0.374721, 0.000158, -0.362538, 0.931969, -0.0, 0.0, 0.0, 0.0, 1.0],
                [1.0, 3.7e-05, -0.000155, 0.0, 2e-05, 0.935711, 0.352764, 0.374721, 0.000158, -0.352764, 0.935712, -0.0, 0.0, 0.0, 0.0, 1.0],
                [1.0, 3.6e-05, -0.000155, -0.0, 2e-05, 0.936991, 0.349349, 0.374721, 0.000158, -0.349349, 0.936992, 0.0, 0.0, 0.0, 0.0, 1.0]
            ]
        },
        {
            "name": "Knee_R",
            "time": [0.0, 0.08, 0.09, 0.1, 0.11, 0.12, 0.13, 0.14, 0.15, 0.16, 0.17, 0.18, 0.19, 0.2, 0.21, 0.22, 0.23, 0.24, 0.25, 0.26, 0.27, 0.28, 0.29, 0.3, 0.31, 0.32, 0.33, 0.34, 0.36, 0.37, 0.38, 0.39, 0.4, 0.41, 0.42, 0.43, 0.44, 0.45, 0.46, 0.47, 0.48, 0.49, 0.5, 0.51, 0.52, 0.53, 0.54, 0.55, 0.56, 0.57, 0.58, 0.59, 0.6, 0.61, 0.62, 0.63, 0.64, 0.65, 0.66, 0.67, 0.68, 0.69, 0.7, 0.71, 0.72, 0.73, 0.74, 0.75, 0.76, 0.77, 0.8],
            "transform": [
                [1.0, -5.7e-05, 5.7e-05, 8.1e-05, 5.7e-05, 0.002669, -0.999996, 0.367837, 5.7e-05, 0.999997, 0.002669, 0.000163, 0.0, 0.0, 0.0, 1.0],
                [1.0, -5.7e-05, 5.7e-05, 8.1e-05, 5.7e-05, 0.002669, -0.999997, 0.367837, 5.7e-05, 0.999996, 0.002669, 0.000163, 0.0, 0.0, 0.0, 1.0],
                [1.0, -5.7e-05, 5.7e-05, 8.1e-05, 5.7e-05, 0.002669, -0.999996, 0.368272, 5.7e-05, 0.999996, 0.002669, 0.000162, 0.0, 0.0, 0.0, 1.0],
                [1.0, -5.7e-05, 5.7e-05, 8.1e-05, 5.7e-05, 0.002669, -0.999996, 0.369976, 5.7e-05, 0.999996, 0.002669, 0.000158, 0.0, 0.0, 0.0, 1.0],
                [1.0, -5.7e-05, 5.7e-05, 8.1e-05, 5.7e-05, 0.002669, -0.999996, 0.371781, 5.7e-05, 0.999996, 0.002669, 0.000153, 0.0, 0.0, 0.0, 1.0],
                [1.0, -5.7e-05, 5.7e-05, 8.1e-05, 5.7e-05, 0.002669, -0.999996, 0.373686, 5.7e-05, 0.999996, 0.002669, 0.000148, 0.0, 0.0, 0.0, 1.0],
                [1.0, -5.7e-05, 5.7e-05, 8.1e-05, 5.7e-05, 0.002669, -0.999996, 0.375649, 5.7e-05, 0.999996, 0.002669, 0.000143, 0.0, 0.0, 0.0, 1.0],
                [1.0, -5.7e-05, 5.7e-05, 8.1e-05, 5.7e-05, 0.002669, -0.999996, 0.377681, 5.7e-05, 0.999996, 0.002669, 0.000137, 0.0, 0.0, 0.0, 1.0],
                [1.0, -5.7e-05, 5.7e-05, 8e-05, 5.7e-05, 0.002669, -0.999996, 0.379773, 5.7e-05, 0.999996, 0.002669, 0.000132, 0.0, 0.0, 0.0, 1.0],
                [1.0, -5.7e-05, 5.7e-05, 8e-05, 5.7e-05, 0.002669, -0.999996, 0.381916, 5.7e-05, 0.999996, 0.002669, 0.000126, 0.0, 0.0, 0.0, 1.0],
