{
    "animation": [
        {
            "name": "Root",
            "time": [0.0, 0.1, 0.1833, 0.4],
            "transform": [
                [0.954073, 0.013731, 0.299258, -0.000435, 0.299185, 0.007132, -0.954168, -0.03311, -0.015236, 0.99988, 0.002697, 0.698995, 0.0, 0.0, 0.0, 1.0],
                [0.954073, 0.013731, 0.299258, -0.016236, 0.299185, 0.007132, -0.954168, -0.03311, -0.015236, 0.99988, 0.002697, 0.706043, 0.0, 0.0, 0.0, 1.0],
                [0.954073, 0.013731, 0.299258, -0.026403, 0.299185, 0.007132, -0.954168, -0.03311, -0.015236, 0.99988, 0.002697, 0.710578, 0.0, 0.0, 0.0, 1.0],
                [0.954073, 0.013731, 0.299258, -0.026403, 0.299185, 0.007132, -0.954168, -0.03311, -0.015236, 0.99988, 0.002697, 0.710578, 0.0, 0.0, 0.0, 1.0]
            ]
        },
        {
            "name": "Thigh_R",
            "time": [0.0, 0.1, 0.1833, 0.4],
            "transform": [
                [0.893938, 0.352712, 0.276524, 0.124994, 0.151536, -0.818507, 0.55415, -0.002831, 0.421794, -0.453471, -0.785144, -1.2e-05, 0.0, 0.0, 0.0, 1.0],
                [0.934176, 0.319571, 0.158699, 0.124994, 0.205509, -0.845492, 0.492858, -0.002831, 0.291684, -0.4278, -0.855515, -1.2e-05, 0.0, 0.0, 0.0, 1.0],
                [0.949059, 0.303494, 0.084705, 0.124994, 0.236494, -0.863732, 0.445012, -0.002831, 0.208223, -0.402309, -0.891509, -1.2e-05, 0.0, 0.0, 0.0, 1.0],
                [0.949059, 0.303494, 0.084705, 0.124994, 0.236494, -0.863732, 0.445012, -0.002831, 0.208223, -0.402309, -0.891509, -1.2e-05, 0.0, 0.0, 0.0, 1.0]
            ]
        },
        {
            "name": "Leg_R",
            "time": [0.0, 0.1, 0.1833, 0.4],
            "transform": [
                [1.0, -0.0, 1e-06, 0.0, -0.0, 0.781142, 0.624355, 0.37472, -1e-06, -0.624354, 0.781142, 0.0, 0.0, 0.0, 0.0, 1.0],
                [1.0, -0.0, 1e-06, -0.0, -0.0, 0.829537, 0.558454, 0.37472, -1e-06, -0.558454, 0.829536, -0.0, 0.0, 0.0, 0.0, 1.0],
                [1.0, -0.0, 1e-06, 0.0, -0.0, 0.861805, 0.507241, 0.37472, -1e-06, -0.507241, 0.861804, 0.0, 0.0, 0.0, 0.0, 1.0],
                [1.0, -0.0, 1e-06, 0.0, -0.0, 0.861805, 0.507241, 0.37472, -1e-06, -0.507241, 0.861804, 0.0, 0.0, 0.0, 0.0, 1.0]
            ]
        },
        {
            "name": "Knee_R",
            "time": [0.0, 0.1, 0.1833, 0.4],
            "transform": [
                [1.0, 0.0, -0.0, -0.0, -0.0, 1e-06, -1.0, 0.39055, -0.0, 1.0, 1e-06, 0.0, 0.0, 0.0, 0.0, 1.0],
                [1.0, 0.0, -0.0, -0.0, -0.0, 1e-06, -1.0, 0.38196, -0.0, 1.0, 1e-06, 0.0, 0.0, 0.0, 0.0, 1.0],
                [1.0, 0.0, -0.0, 0.0, -0.0, 1e-06, -1.0, 0.375601, -0.0, 1.0, 1e-06, -0.0, 0.0, 0.0, 0.0, 1.0],
                [1.0, 0.0, -0.0, 0.0, -0.0, 1e-06, -1.0, 0.375601, -0.0, 1.0, 1e-06, -0.0, 0.0, 0.0, 0.0, 1.0]
            ]
        },
        {
            "name": "Thigh_L",
            "time": [0.0, 0.1, 0.1833, 0.4],
            "transform": [
                [0.894704, -0.304429, -0.326848, -0.125006, -0.220585, -0.93745, 0.269312, -0.002831, -0.388388, -0.168853, -0.905891, -1.2e-05, 0.0, 0.0, 0.0, 1.0],
                [0.840412, -0.305279, -0.447787, -0.125006, -0.203194, -0.943476, 0.261846, -0.002831, -0.502411, -0.129067, -0.854938, -1.2e-05, 0.0, 0.0, 0.0, 1.0],
                [0.802187, -0.299738, -0.516386, -0.125006, -0.19256, -0.948526, 0.251432, -0.002831, -0.565168, -0.102256, -0.818611, -1.2e-05, 0.0, 0.0, 0.0, 1.0],
                [0.802187, -0.299738, -0.516386, -0.125006, -0.19256, -0.948526, 0.251432, -0.002831, -0.565168, -0.102256, -0.818611, -1.2e-05, 0.0, 0.0, 0.0, 1.0]
            ]
        },
        {
            "name": "Leg_L",
            "time": [0.0, 0.1, 0.1833, 0.4],
            "transform": [
                [1.0, -0.0, 1e-06, 0.0, -0.0, 0.844504, 0.535547, 0.37472, -1e-06, -0.535549, 0.844506, 0.0, 0.0, 0.0, 0.0, 1.0],
                [1.0, -0.0, 1e-06, 0.0, -0.0, 0.866237, 0.499631, 0.37472, -1e-06, -0.499633, 0.866239, -0.0, 0.0, 0.0, 0.0, 1.0],
                [1.0, -0.0, 1e-06, -0.0, -0.0, 0.881348, 0.472466, 0.37472, -1e-06, -0.472468, 0.881349, 0.0, 0.0, 0.0, 0.0, 1.0],
                [1.0, -0.0, 1e-06, -0.0, -0.0, 0.881348, 0.472466, 0.37472, -1e-06, -0.472468, 0.881349, 0.0, 0.0, 0.0, 0.0, 1.0]
            ]
        },
        {
            "name": "Knee_L",
            "time": [0.0, 0.1, 0.1833, 0.4],
            "transform": [
                [1.0, 0.0, -0.0, -0.0, -0.0, 1e-06, -1.0, 0.379085, 0.0, 1.0, 1e-06, -0.0, 0.0, 0.0, 0.0, 1.0],
                [1.0, -0.0, -0.0, -0.0, -0.0, 1e-06, -1.0, 0.37472, 0.0, 1.0, 1e-06, -0.0, 0.0, 0.0, 0.0, 1.0],
                [1.0, 0.0, -0.0, 0.0, -0.0, 1e-06, -1.0, 0.37472, -0.0, 1.0, 1e-06, 0.0, 0.0, 0.0, 0.0, 1.0],
                [1.0, 0.0, -0.0, 0.0, -0.0, 1e-06, -1.0, 0.37472, -0.0, 1.0, 1e-06, 0.0, 0.0, 0.0, 0.0, 1.0]
            ]
        },
        {
            "name": "Torso",
            "time": [0.0, 0.1, 0.1833, 0.4],
            "transform": [
                [0.913938, -0.030993, -0.404669, 0.0, 0.024262, 0.999469, -0.021754, 0.05, 0.405128, 0.010064, 0.914204, -0.0, 0.0, 0.0, 0.0, 1.0],
                [0.960152, -0.022041, -0.278609, -0.0, 0.025368, 0.999643, 0.008344, 0.05, 0.278326, -0.015079, 0.960368, -0.0, 0.0, 0.0, 0.0, 1.0],
                [0.980718, -0.018098, -0.194587, -0.0, 0.023931, 0.999331, 0.02767, 0.05, 0.193956, -0.031793, 0.980495, 0.0, 0.0, 0.0, 0.0, 1.0],
                [0.980718, -0.018098, -0.194587, -0.0, 0.023931, 0.999331, 0.02767, 0.05, 0.193956, -0.031793, 0.980495, 0.0, 0.0, 0.0, 0.0, 1.0]
            ]
        },
        {
            "name": "Chest",
            "time": [0.0, 0.1, 0.1833, 0.4],
            "transform": [
                [0.895893, 0.078698, -0.437245, -0.0, 0.012774, 0.979216, 0.202419, 0.3, 0.444087, -0.186931, 0.876267, -0.0, 0.0, 0.0, 0.0, 1.0],
                [0.926087, 0.012499, 0.377103, -0.0, -0.10421, 0.969048, 0.2238, 0.3, -0.362633, -0.246557, 0.898725, -0.0, 0.0, 0.0, 0.0, 1.0],
                [0.612039, -0.049587, 0.789271, -0.0, -0.163937, 0.968397, 0.187966, 0.3, -0.773649, -0.244433, 0.584568, 0.0, 0.0, 0.0, 0.0, 1.0],
                [0.582547, -0.060008, 0.810579, -0.0, -0.162902, 0.968416, 0.188768, 0.3, -0.796305, -0.242012, 0.554372, 0.0, 0.0, 0.0, 0.0, 1.0]
            ]
        },
        {
            "name": "Head",
            "time": [0.0, 0.1, 0.1833, 0.4],
            "transform": [
                [0.868849, -0.067831, 0.490408, -0.0, 0.093132, 0.995278, -0.027338, 0.4, -0.486239, 0.069425, 0.871064, 0.0, 0.0, 0.0, 0.0, 1.0],
                [0.928407, -0.028864, -0.370442, 0.0, 0.001536, 0.997268, -0.073854, 0.4, 0.371562, 0.067997, 0.925915, 0.0, 0.0, 0.0, 0.0, 1.0],
                [0.591748, -0.005969, -0.806101, -0.0, -0.059305, 0.996941, -0.050917, 0.4, 0.803939, 0.077936, 0.589584, 0.0, 0.0, 0.0, 0.0, 1.0],
                [0.591748, -0.005969, -0.806101, -0.0, -0.059305, 0.996941, -0.050917, 0.4, 0.803939, 0.077936, 0.589584, -0.0, 0.0, 0.0, 0.0, 1.0]
            ]
        },
        {
            "name": "Shoulder_R",
            "time": [0.0, 0.1, 0.1833, 0.4],
            "transform": [
                [0.352615, 0.786566, 0.506928, -0.0, -0.128164, -0.496024, 0.858798, 0.4, 0.92695, -0.367795, -0.074096, 0.0, 0.0, 0.0, 0.0, 1.0],
                [0.173997, 0.906679, 0.384264, 0.0, 0.044226, -0.397017, 0.916745, 0.4, 0.983752, -0.142516, -0.109178, 0.0, 0.0, 0.0, 0.0, 1.0],
                [0.168702, 0.878235, 0.447484, -0.0, -0.008695, -0.452647, 0.891647, 0.4, 0.985629, -0.154313, -0.068726, 0.0, 0.0, 0.0, 0.0, 1.0],
                [0.168702, 0.878235, 0.447484, -0.0, -0.008695, -0.452647, 0.891647, 0.4, 0.985629, -0.154313, -0.068726, -0.0, 0.0, 0.0, 0.0, 1.0]
            ]
        },
        {
            "name": "Arm_R",
            "time": [0.0, 0.1, 0.1833, 0.4],
            "transform": [
                [-0.256402, -0.858931, 0.443275, 0.0, -0.468882, -0.290504, -0.834121, 0.393861, 0.845226, -0.421714, -0.328252, 0.0, 0.0, 0.0, 0.0, 1.0],
                [-0.544711, -0.812567, -0.207421, -0.0, -0.144326, 0.334476, -0.931286, 0.393861, 0.826111, -0.477346, -0.299468, 0.0, 0.0, 0.0, 0.0, 1.0],
                [-0.596605, -0.205567, -0.775761, -0.0, 0.286982, 0.848074, -0.445435, 0.39386, 0.749469, -0.488377, -0.446971, 0.0, 0.0, 0.0, 0.0, 1.0],
                [-0.576988, -0.14564, -0.803662, -0.0, 0.330082, 0.858458, -0.392551, 0.393861, 0.747082, -0.491771, -0.447247, -0.0, 0.0, 0.0, 0.0, 1.0]
            ]
        },
        {
            "name": "Hand_R",
            "time": [0.0, 0.1, 0.1833, 0.4],
            "transform": [
                [1.0, 0.0, 0.0, 0.0, 0.0, 0.639478, -0.768811, 0.3, -0.0, 0.768808, 0.639479, 0.0, 0.0, 0.0, 0.0, 1.0],
                [1.0, 0.0, 0.0, -0.0, -0.0, 0.375456, -0.926841, 0.3, -0.0, 0.926841, 0.375456, -0.0, 0.0, 0.0, 0.0, 1.0],
                [1.0, 0.0, -0.0, 0.0, -0.0, 0.02215, -0.999755, 0.3, -0.0, 0.999754, 0.02215, -0.0, 0.0, 0.0, 0.0, 1.0],
                [1.0, -0.0, -0.0, 0.0, 0.0, -0.017197, -0.999852, 0.3, -0.0, 0.999853, -0.017197, -0.0, 0.0, 0.0, 0.0, 1.0]
            ]
        },
        {
            "name": "Tool_R",
            "time": [0.0, 0.1, 0.1833, 0.4],
            "transform": [
                [0.0, 0.0, 0.0, -0.0, 0.0, 0.0, 0.0, 0.272858, 0.0, 0.0, 0.0, -0.0, 0.0, 0.0, 0.0, 1.0],
                [0.0, 0.0, 0.0, 0.0, 0.0, 0.0, 0.0, 0.272858, 0.0, 0.0, 0.0, -0.0, 0.0, 0.0, 0.0, 1.0],
                [0.0, 0.0, 0.0, 0.0, 0.0, 0.0, 0.0, 0.272858, 0.0, 0.0, 0.0, 0.0, 0.0, 0.0, 0.0, 1.0],
                [0.0, 0.0, 0.0, -0.0, 0.0, 0.0, 0.0, 0.272858, 0.0, 0.0, 0.0, 0.0, 0.0, 0.0, 0.0, 1.0]
            ]
        },
        {
            "name": "Elbow_R",
            "time": [0.0, 0.1, 0.1833, 0.4],
            "transform": [
                [-1.0, 0.0, 0.0, -0.0, 0.0, -0.0, -1.0, 0.392506, -0.0, -1.0, 0.0, 0.0, 0.0, 0.0, 0.0, 1.0],
                [-1.0, 0.0, 0.0, -0.0, 0.0, -0.0, -1.0, 0.421456, -0.0, -1.0, 0.0, 0.0, 0.0, 0.0, 0.0, 1.0],
                [-1.0, 0.0, -0.0, 0.0, 0.0, -0.0, -1.0, 0.4472, -0.0, -1.0, 0.0, 0.0, 0.0, 0.0, 0.0, 1.0],
                [-1.0, 0.0, -0.0, -0.0, 0.0, -0.0, -1.0, 0.4472, -0.0, -1.0, 0.0, 0.0, 0.0, 0.0, 0.0, 1.0]
            ]
        },
        {
            "name": "Shoulder_L",
            "time": [0.0, 0.1, 0.1833, 0.4],
            "transform": [
                [0.211776, -0.886139, -0.412199, -0.0, -0.224631, -0.454608, 0.861901, 0.4, -0.951153, -0.089938, -0.295329, 0.0, 0.0, 0.0, 0.0, 1.0],
                [0.223214, -0.880866, -0.417434, 0.0, -0.267259, -0.467133, 0.842828, 0.4, -0.937415, -0.076568, -0.33969, 0.0, 0.0, 0.0, 0.0, 1.0],
                [0.230718, -0.877478, -0.420478, -0.0, -0.294266, -0.474825, 0.829427, 0.4, -0.927457, -0.067632, -0.367763, 0.0, 0.0, 0.0, 0.0, 1.0],
                [0.230718, -0.877478, -0.420478, -0.0, -0.294266, -0.474824, 0.829427, 0.4, -0.927457, -0.067632, -0.367763, -0.0, 0.0, 0.0, 0.0, 1.0]
            ]
        },
        {
            "name": "Arm_L",
            "time": [0.0, 0.1, 0.1833, 0.4],
            "transform": [
                [0.402342, 0.870405, 0.283754, -0.0, -0.038444, 0.325738, -0.944678, 0.39386, -0.914682, 0.369175, 0.164519, 0.0, 0.0, 0.0, 0.0, 1.0],
                [0.569826, -0.143492, 0.80914, 0.0, 0.017203, 0.986504, 0.162831, 0.39386, -0.821585, -0.078866, 0.564604, 0.0, 0.0, 0.0, 0.0, 1.0],
                [0.387291, 0.245621, 0.888638, 0.0, 0.034459, 0.959329, -0.280178, 0.39386, -0.921313, 0.139132, 0.363076, 0.0, 0.0, 0.0, 0.0, 1.0],
                [0.373247, 0.151435, 0.915289, -0.0, 0.033489, 0.983745, -0.176418, 0.39386, -0.927127, 0.0965, 0.362109, 0.0, 0.0, 0.0, 0.0, 1.0]
            ]
        },
        {
            "name": "Hand_L",
            "time": [0.0, 0.1, 0.1833, 0.4],
            "transform": [
                [1.0, -0.0, -0.0, -0.0, -0.0, 0.353285, -0.935516, 0.3, -0.0, 0.935516, 0.353285, 0.0, 0.0, 0.0, 0.0, 1.0],
                [1.0, 0.0, 0.0, 0.0, 0.0, 0.70979, -0.704414, 0.3, -0.0, 0.704413, 0.70979, 0.0, 0.0, 0.0, 0.0, 1.0],
                [1.0, 0.0, -0.0, -0.0, 0.0, 0.967679, -0.252186, 0.3, -0.0, 0.252186, 0.967679, 0.0, 0.0, 0.0, 0.0, 1.0],
                [1.0, 0.0, 0.0, 0.0, -0.0, 0.915079, -0.403275, 0.3, -0.0, 0.403275, 0.915079, -0.0, 0.0, 0.0, 0.0, 1.0]
            ]
        },
        {
            "name": "Tool_L",
            "time": [0.0, 0.1, 0.1833, 0.4],
            "transform": [
                [0.150352, -0.635984, 0.756914, 0.0, -0.312212, -0.756981, -0.574023, 0.272858, 0.937484, -0.149932, -0.312198, 0.0, 0.0, 0.0, 0.0, 1.0],
                [0.424447, -0.150639, 0.892834, -0.0, 0.059956, -0.979224, -0.193717, 0.272858, 0.902935, 0.135662, -0.40636, 0.0, 0.0, 0.0, 0.0, 1.0],
                [0.094187, -0.065651, 0.993388, -0.0, 0.192524, -0.977786, -0.082874, 0.272858, 0.976189, 0.198929, -0.079409, 0.0, 0.0, 0.0, 0.0, 1.0],
                [0.094187, -0.065651, 0.993388, -0.0, 0.192524, -0.977786, -0.082874, 0.272858, 0.976189, 0.198929, -0.079409, 0.0, 0.0, 0.0, 0.0, 1.0]
            ]
        },
        {
            "name": "Elbow_L",
            "time": [0.0, 0.1, 0.1833, 0.4],
            "transform": [
                [-1.0, 0.0, -0.0, -0.0, 0.0, 0.0, -1.0, 0.423687, -0.0, -1.0, -0.0, 0.0, 0.0, 0.0, 0.0, 1.0],
                [-1.0, 0.0, -0.0, 0.0, 0.0, -0.0, -1.0, 0.383568, -0.0, -1.0, -0.0, 0.0, 0.0, 0.0, 0.0, 1.0],
                [-1.0, 0.0, -0.0, 0.0, 0.0, -0.0, -1.0, 0.334215, -0.0, -1.0, 0.0, 0.0, 0.0, 0.0, 0.0, 1.0],
                [-1.0, 0.0, -0.0, 0.0, 0.0, -0.0, -1.0, 0.349223, -0.0, -1.0, 0.0, -0.0, 0.0, 0.0, 0.0, 1.0]
            ]
        }
    ]
}