{
    "animation": [
        {
            "name": "Root",
            "time": [0.0, 0.0333, 0.0833, 0.1667, 0.4],
            "transform": [
                [0.954073, 0.013731, 0.299258, -0.000435, 0.299185, 0.007132, -0.954168, -0.03311, -0.015236, 0.99988, 0.002697, 0.698995, 0.0, 0.0, 0.0, 1.0],
                [0.954073, 0.013731, 0.299258, -0.005493, 0.299185, 0.007132, -0.954168, -0.03311, -0.015236, 0.99988, 0.002697, 0.698995, 0.0, 0.0, 0.0, 1.0],
                [0.954073, 0.013731, 0.299258, -0.014594, 0.299185, 0.007132, -0.954168, -0.03311, -0.015236, 0.99988, 0.002697, 0.703138, 0.0, 0.0, 0.0, 1.0],
                [0.954073, 0.013731, 0.299258, -0.026403, 0.299185, 0.007132, -0.954168, -0.03311, -0.015236, 0.99988, 0.002697, 0.710578, 0.0, 0.0, 0.0, 1.0],
                [0.954073, 0.013731, 0.299258, -0.026403, 0.299185, 0.007132, -0.954168, -0.03311, -0.015236, 0.99988, 0.002697, 0.715048, 0.0, 0.0, 0.0, 1.0]
            ]
        },
        {
            "name": "Thigh_R",
            "time": [0.0, 0.0333, 0.0833, 0.1667, 0.4],
            "transform": [
                [0.893938, 0.352712, 0.276524, 0.124994, 0.151536, -0.818507, 0.55415, -0.002831, 0.421794, -0.453471, -0.785144, -1.2e-05, 0.0, 0.0, 0.0, 1.0],
                [0.908892, 0.34405, 0.235672, 0.124994, 0.169866, -0.821542, 0.544254, -0.002831, 0.380867, -0.454634, -0.805138, -1.2e-05, 0.0, 0.0, 0.0, 1.0],
                [0.930734, 0.32489, 0.16786, 0.124994, 0.200659, -0.837463, 0.50832, -0.002831, 0.305727, -0.439427, -0.84465, -1.2e-05, 0.0, 0.0, 0.0, 1.0],
                [0.949059, 0.303494, 0.084705, 0.124994, 0.236494, -0.863732, 0.445012, -0.002831, 0.208223, -0.402309, -0.891509, -1.2e-05, 0.0, 0.0, 0.0, 1.0],
                [0.949589, 0.299903, 0.091301, 0.124994, 0.235395, -0.874456, 0.424163, -0.002831, 0.207048, -0.381288, -0.900971, -1.2e-05, 0.0, 0.0, 0.0, 1.0]
            ]
        },
        {
            "name": "Leg_R",
            "time": [0.0, 0.0333, 0.0833, 0.1667, 0.4],
            "transform": [
                [1.0, -0.0, 1e-06, 0.0, -0.0, 0.781142, 0.624355, 0.37472, -1e-06, -0.624354, 0.781142, 0.0, 0.0, 0.0, 0.0, 1.0],
                [1.0, -0.0, 1e-06, -0.0, -0.0, 0.785482, 0.618886, 0.37472, -1e-06, -0.618885, 0.785481, 0.0, 0.0, 0.0, 0.0, 1.0],
                [1.0, -0.0, 1e-06, 0.0, -0.0, 0.813826, 0.581111, 0.37472, -1e-06, -0.581111, 0.813824, 0.0, 0.0, 0.0, 0.0, 1.0],
                [1.0, -0.0, 1e-06, 0.0, -0.0, 0.861805, 0.507241, 0.37472, -1e-06, -0.507241, 0.861804, 0.0, 0.0, 0.0, 0.0, 1.0],
                [1.0, -0.0, 1e-06, -0.0, -0.0, 0.883844, 0.467783, 0.37472, -1e-06, -0.467784, 0.883843, 0.0, 0.0, 0.0, 0.0, 1.0]
            ]
        },
        {
            "name": "Knee_R",
            "time": [0.0, 0.0333, 0.0833, 0.1667, 0.4],
            "transform": [
                [1.0, 0.0, -0.0, -0.0, -0.0, 1e-06, -1.0, 0.39055, -0.0, 1.0, 1e-06, 0.0, 0.0, 0.0, 0.0, 1.0],
                [1.0, 0.0, -0.0, 0.0, -0.0, 1e-06, -1.0, 0.389817, -0.0, 1.0, 1e-06, -0.0, 0.0, 0.0, 0.0, 1.0],
                [1.0, 0.0, -0.0, -0.0, -0.0, 1e-06, -1.0, 0.384856, -0.0, 1.0, 1e-06, -0.0, 0.0, 0.0, 0.0, 1.0],
                [1.0, 0.0, -0.0, 0.0, -0.0, 1e-06, -1.0, 0.375601, -0.0, 1.0, 1e-06, -0.0, 0.0, 0.0, 0.0, 1.0],
                [1.0, 0.0, -0.0, 0.0, -0.0, 1e-06, -1.0, 0.37472, -0.0, 1.0, 1e-06, 0.0, 0.0, 0.0, 0.0, 1.0]
            ]
        },
        {
            "name": "Thigh_L",
            "time": [0.0, 0.0333, 0.0833, 0.1667, 0.4],
            "transform": [
                [0.894704, -0.304429, -0.326848, -0.125006, -0.220585, -0.93745, 0.269312, -0.002831, -0.388388, -0.168853, -0.905891, -1.2e-05, 0.0, 0.0, 0.0, 1.0],
                [0.877873, -0.310561, -0.364544, -0.125006, -0.215662, -0.936038, 0.278068, -0.002831, -0.427582, -0.165487, -0.888697, -1.2e-05, 0.0, 0.0, 0.0, 1.0],
                [0.845999, -0.31103, -0.433068, -0.125006, -0.205607, -0.939715, 0.273242, -0.002831, -0.491945, -0.142116, -0.858945, -1.2e-05, 0.0, 0.0, 0.0, 1.0],
                [0.802187, -0.299738, -0.516386, -0.125006, -0.19256, -0.948526, 0.251432, -0.002831, -0.565168, -0.102256, -0.818611, -1.2e-05, 0.0, 0.0, 0.0, 1.0],
                [0.803027, -0.285375, -0.523172, -0.125006, -0.191336, -0.954875, 0.227161, -0.002831, -0.564389, -0.08231, -0.821392, -1.2e-05, 0.0, 0.0, 0.0, 1.0]
            ]
        },
        {
            "name": "Leg_L",
            "time": [0.0, 0.0333, 0.0833, 0.1667, 0.4],
            "transform": [
                [1.0, -0.0, 1e-06, 0.0, -0.0, 0.844504, 0.535547, 0.37472, -1e-06, -0.535549, 0.844506, 0.0, 0.0, 0.0, 0.0, 1.0],
                [1.0, -0.0, 1e-06, -0.0, -0.0, 0.839976, 0.542622, 0.37472, -1e-06, -0.542624, 0.839977, -0.0, 0.0, 0.0, 0.0, 1.0],
                [1.0, -0.0, 1e-06, 0.0, -0.0, 0.852977, 0.521946, 0.37472, -1e-06, -0.521948, 0.852979, -0.0, 0.0, 0.0, 0.0, 1.0],
                [1.0, -0.0, 1e-06, -0.0, -0.0, 0.881348, 0.472466, 0.37472, -1e-06, -0.472468, 0.881349, 0.0, 0.0, 0.0, 0.0, 1.0],
                [1.0, -0.0, 1e-06, -0.0, -0.0, 0.904045, 0.427435, 0.37472, -1e-06, -0.427437, 0.904047, 0.0, 0.0, 0.0, 0.0, 1.0]
            ]
        },
        {
            "name": "Knee_L",
            "time": [0.0, 0.0333, 0.0833, 0.1667, 0.4],
            "transform": [
                [1.0, 0.0, -0.0, -0.0, -0.0, 1e-06, -1.0, 0.379085, 0.0, 1.0, 1e-06, -0.0, 0.0, 0.0, 0.0, 1.0],
                [1.0, 0.0, -0.0, 0.0, -0.0, 1e-06, -1.0, 0.379968, -0.0, 1.0, 1e-06, 0.0, 0.0, 0.0, 0.0, 1.0],
                [1.0, 0.0, -0.0, 0.0, -0.0, 1e-06, -1.0, 0.377402, -0.0, 1.0, 1e-06, -0.0, 0.0, 0.0, 0.0, 1.0],
                [1.0, 0.0, -0.0, 0.0, -0.0, 1e-06, -1.0, 0.37472, -0.0, 1.0, 1e-06, 0.0, 0.0, 0.0, 0.0, 1.0],
                [1.0, 0.0, -0.0, -0.0, -0.0, 1e-06, -1.0, 0.37472, -0.0, 1.0, 1e-06, 0.0, 0.0, 0.0, 0.0, 1.0]
            ]
        },
        {
            "name": "Torso",
            "time": [0.0, 0.0333, 0.0833, 0.1667, 0.4],
            "transform": [
                [0.913938, -0.030993, -0.404669, 0.0, 0.024262, 0.999469, -0.021754, 0.05, 0.405128, 0.010064, 0.914204, -0.0, 0.0, 0.0, 0.0, 1.0],
                [0.930559, -0.027765, -0.365086, 0.0, 0.025058, 0.999612, -0.012152, 0.05, 0.365282, 0.00216, 0.930894, -0.0, 0.0, 0.0, 0.0, 1.0],
                [0.956144, -0.022813, -0.292008, 0.0, 0.025443, 0.999663, 0.00521, 0.05, 0.29179, -0.012411, 0.956402, -0.0, 0.0, 0.0, 0.0, 1.0],
                [0.980718, -0.018098, -0.194587, -0.0, 0.023931, 0.999331, 0.02767, 0.05, 0.193956, -0.031793, 0.980495, 0.0, 0.0, 0.0, 0.0, 1.0],
                [0.980718, -0.018098, -0.194587, -0.0, 0.023931, 0.999331, 0.02767, 0.05, 0.193956, -0.031793, 0.980495, -0.0, 0.0, 0.0, 0.0, 1.0]
            ]
        },
        {
            "name": "Chest",
            "time": [0.0, 0.0333, 0.0833, 0.1667, 0.4],
            "transform": [
                [0.895893, 0.078698, -0.437245, -0.0, 0.012774, 0.979216, 0.202419, 0.3, 0.444087, -0.186931, 0.876267, -0.0, 0.0, 0.0, 0.0, 1.0],
                [0.969991, 0.068124, -0.233402, -0.0, -0.015311, 0.975155, 0.220992, 0.3, 0.242658, -0.210787, 0.946935, -0.0, 0.0, 0.0, 0.0, 1.0],
                [0.983958, 0.026718, 0.176388, 0.0, -0.068634, 0.969317, 0.236037, 0.3, -0.164669, -0.244357, 0.955601, 0.0, 0.0, 0.0, 0.0, 1.0],
                [0.612039, -0.049587, 0.789271, -0.0, -0.163937, 0.968397, 0.187966, 0.3, -0.773649, -0.244433, 0.584568, 0.0, 0.0, 0.0, 0.0, 1.0],
                [0.612039, -0.049587, 0.789271, -0.0, -0.163937, 0.968397, 0.187966, 0.3, -0.773649, -0.244433, 0.584568, 0.0, 0.0, 0.0, 0.0, 1.0]
            ]
        },
        {
            "name": "Head",
            "time": [0.0, 0.0333, 0.0833, 0.1667, 0.4],
            "transform": [
                [0.868849, -0.067831, 0.490408, -0.0, 0.093132, 0.995278, -0.027338, 0.4, -0.486239, 0.069425, 0.871064, 0.0, 0.0, 0.0, 0.0, 1.0],
                [0.962813, -0.046727, 0.266097, -0.0, 0.056349, 0.998, -0.028637, 0.4, -0.264227, 0.042567, 0.963521, -0.0, 0.0, 0.0, 0.0, 1.0],
                [0.986682, -0.000948, -0.162661, -0.0, -0.004885, 0.999359, -0.035456, 0.4, 0.16259, 0.035778, 0.986045, 0.0, 0.0, 0.0, 0.0, 1.0],
                [0.591748, -0.005969, -0.806101, -0.0, -0.059305, 0.996941, -0.050917, 0.4, 0.803939, 0.077936, 0.589584, 0.0, 0.0, 0.0, 0.0, 1.0],
                [0.58528, -0.007946, -0.810793, -0.0, -0.055781, 0.997188, -0.050039, 0.4, 0.80891, 0.074514, 0.583191, 0.0, 0.0, 0.0, 0.0, 1.0]
            ]
        },
        {
            "name": "Shoulder_R",
            "time": [0.0, 0.0333, 0.0833, 0.1667, 0.4],
            "transform": [
                [0.352615, 0.786566, 0.506928, -0.0, -0.128164, -0.496024, 0.858798, 0.4, 0.92695, -0.367795, -0.074096, 0.0, 0.0, 0.0, 0.0, 1.0],
                [0.318613, 0.807946, 0.49569, -0.0, -0.104237, -0.489907, 0.865521, 0.4, 0.942136, -0.327436, -0.071873, -0.0, 0.0, 0.0, 0.0, 1.0],
                [0.254996, 0.84224, 0.474983, -0.0, -0.06184, -0.476011, 0.877262, 0.4, 0.964962, -0.253071, -0.069297, 0.0, 0.0, 0.0, 0.0, 1.0],
                [0.168702, 0.878235, 0.447484, -0.0, -0.008695, -0.452647, 0.891647, 0.4, 0.985629, -0.154313, -0.068726, 0.0, 0.0, 0.0, 0.0, 1.0],
                [0.168702, 0.878235, 0.447484, -0.0, -0.008695, -0.452647, 0.891647, 0.4, 0.985629, -0.154313, -0.068726, 0.0, 0.0, 0.0, 0.0, 1.0]
            ]
        },
        {
            "name": "Arm_R",
            "time": [0.0, 0.0333, 0.0833, 0.1667, 0.4],
            "transform": [
                [-0.256402, -0.858931, 0.443275, 0.0, -0.468882, -0.290504, -0.834121, 0.393861, 0.845226, -0.421714, -0.328252, 0.0, 0.0, 0.0, 0.0, 1.0],
                [-0.533396, -0.843199, 0.067102, -0.0, -0.389485, 0.174412, -0.904369, 0.393861, 0.750859, -0.508521, -0.421445, -0.0, 0.0, 0.0, 0.0, 1.0],
                [-0.623525, -0.741485, -0.247824, -0.0, -0.257954, 0.494359, -0.830102, 0.39386, 0.738022, -0.453661, -0.499514, 0.0, 0.0, 0.0, 0.0, 1.0],
                [-0.596605, -0.205567, -0.775761, -0.0, 0.286982, 0.848074, -0.445435, 0.39386, 0.749469, -0.488377, -0.446971, 0.0, 0.0, 0.0, 0.0, 1.0],
                [-0.596604, -0.205567, -0.77576, -0.0, 0.286981, 0.848074, -0.445434, 0.39386, 0.74947, -0.488376, -0.446971, -0.0, 0.0, 0.0, 0.0, 1.0]
            ]
        },
        {
            "name": "Hand_R",
            "time": [0.0, 0.0333, 0.0833, 0.1667, 0.4],
            "transform": [
                [1.0, 0.0, 0.0, 0.0, 0.0, 0.639478, -0.768811, 0.3, -0.0, 0.768808, 0.639479, 0.0, 0.0, 0.0, 0.0, 1.0],
                [1.0, 0.0, -0.0, -0.0, -0.0, 0.287403, -0.95781, 0.3, -0.0, 0.957809, 0.287403, 0.0, 0.0, 0.0, 0.0, 1.0],
                [1.0, 0.0, -0.0, 0.0, 0.0, 0.450122, -0.892968, 0.3, -0.0, 0.892966, 0.450122, 0.0, 0.0, 0.0, 0.0, 1.0],
                [1.0, 0.0, -0.0, 0.0, -0.0, 0.02215, -0.999755, 0.3, -0.0, 0.999754, 0.02215, -0.0, 0.0, 0.0, 0.0, 1.0],
                [1.0, 0.0, -0.0, 0.0, -0.0, 0.022149, -0.999755, 0.3, -0.0, 0.999755, 0.022149, 0.0, 0.0, 0.0, 0.0, 1.0]
            ]
        },
        {
            "name": "Tool_R",
            "time": [0.0, 0.0333, 0.0833, 0.1667, 0.4],
            "transform": [
                [0.0, 0.0, 0.0, -0.0, 0.0, 0.0, 0.0, 0.272858, 0.0, 0.0, 0.0, -0.0, 0.0, 0.0, 0.0, 1.0],
                [0.0, 0.0, 0.0, -0.0, 0.0, 0.0, 0.0, 0.272858, 0.0, 0.0, 0.0, 0.0, 0.0, 0.0, 0.0, 1.0],
                [0.0, 0.0, 0.0, 0.0, 0.0, 0.0, 0.0, 0.272858, 0.0, 0.0, 0.0, -0.0, 0.0, 0.0, 0.0, 1.0],
                [0.0, 0.0, 0.0, 0.0, 0.0, 0.0, 0.0, 0.272858, 0.0, 0.0, 0.0, 0.0, 0.0, 0.0, 0.0, 1.0],
                [0.0, 0.0, 0.0, -0.0, 0.0, 0.0, 0.0, 0.272858, 0.0, 0.0, 0.0, -0.0, 0.0, 0.0, 0.0, 1.0]
            ]
        },
        {
            "name": "Elbow_R",
            "time": [0.0, 0.0333, 0.0833, 0.1667, 0.4],
            "transform": [
                [-1.0, 0.0, 0.0, -0.0, 0.0, -0.0, -1.0, 0.392506, -0.0, -1.0, 0.0, 0.0, 0.0, 0.0, 0.0, 1.0],
                [-1.0, 0.0, 0.0, -0.0, -0.0, 0.0, -1.0, 0.430206, -0.0, -1.0, 0.0, -0.0, 0.0, 0.0, 0.0, 1.0],
                [-1.0, 0.0, -0.0, 0.0, -0.0, -0.0, -1.0, 0.413771, -0.0, -1.0, 0.0, -0.0, 0.0, 0.0, 0.0, 1.0],
                [-1.0, 0.0, -0.0, 0.0, 0.0, -0.0, -1.0, 0.4472, -0.0, -1.0, 0.0, 0.0, 0.0, 0.0, 0.0, 1.0],
                [-1.0, 0.0, -0.0, -0.0, 0.0, -0.0, -1.0, 0.4472, -0.0, -1.0, 0.0, 0.0, 0.0, 0.0, 0.0, 1.0]
            ]
        },
        {
            "name": "Shoulder_L",
            "time": [0.0, 0.0333, 0.0833, 0.1667, 0.4],
            "transform": [
                [0.211776, -0.886139, -0.412199, -0.0, -0.224631, -0.454608, 0.861901, 0.4, -0.951153, -0.089938, -0.295329, 0.0, 0.0, 0.0, 0.0, 1.0],
                [0.182143, -0.912603, -0.366032, -0.0, -0.243052, -0.402495, 0.882567, 0.4, -0.952759, -0.071789, -0.295122, -0.0, 0.0, 0.0, 0.0, 1.0],
                [0.12606, -0.951704, -0.279943, -0.0, -0.271819, -0.304531, 0.912894, 0.4, -0.954056, -0.038986, -0.29708, 0.0, 0.0, 0.0, 0.0, 1.0],
                [0.049439, -0.985108, -0.164673, -0.0, -0.300007, -0.171907, 0.93832, 0.4, -0.952655, 0.003014, -0.304038, 0.0, 0.0, 0.0, 0.0, 1.0],
                [0.049439, -0.985108, -0.164673, -0.0, -0.300007, -0.171907, 0.93832, 0.4, -0.952655, 0.003014, -0.304038, 0.0, 0.0, 0.0, 0.0, 1.0]
            ]
        },
        {
            "name": "Arm_L",
            "time": [0.0, 0.0333, 0.0833, 0.1667, 0.4],
            "transform": [
                [0.402342, 0.870405, 0.283754, -0.0, -0.038444, 0.325738, -0.944678, 0.39386, -0.914682, 0.369175, 0.164519, 0.0, 0.0, 0.0, 0.0, 1.0],
                [0.599842, 0.433063, 0.67279, -0.0, 0.277246, 0.676271, -0.68249, 0.39386, -0.750549, 0.595915, 0.285591, 0.0, 0.0, 0.0, 0.0, 1.0],
                [0.324149, -0.208173, 0.922817, 0.0, 0.530595, 0.847611, 0.004831, 0.39386, -0.783194, 0.488077, 0.385209, -0.0, 0.0, 0.0, 0.0, 1.0],
                [0.652659, 0.06996, 0.754415, 0.0, 0.392393, 0.820571, -0.415561, 0.39386, -0.648123, 0.567246, 0.508102, -0.0, 0.0, 0.0, 0.0, 1.0],
                [0.652495, 0.063323, 0.755142, 0.0, 0.391704, 0.824867, -0.40763, 0.39386, -0.648704, 0.561769, 0.513418, -0.0, 0.0, 0.0, 0.0, 1.0]
            ]
        },
        {
            "name": "Hand_L",
            "time": [0.0, 0.0333, 0.0833, 0.1667, 0.4],
            "transform": [
                [1.0, -0.0, -0.0, -0.0, -0.0, 0.353285, -0.935516, 0.3, -0.0, 0.935516, 0.353285, 0.0, 0.0, 0.0, 0.0, 1.0],
                [1.0, 0.0, 0.0, 0.0, -0.0, 0.36729, -0.930107, 0.3, -0.0, 0.930106, 0.367289, -0.0, 0.0, 0.0, 0.0, 1.0],
                [1.0, 0.0, -0.0, 0.0, -0.0, 0.752526, -0.658563, 0.3, -0.0, 0.658562, 0.752526, -0.0, 0.0, 0.0, 0.0, 1.0],
                [1.0, -0.0, 0.0, -0.0, -0.0, 0.934935, -0.35482, 0.3, -0.0, 0.35482, 0.934935, 0.0, 0.0, 0.0, 0.0, 1.0],
                [1.0, -0.0, -0.0, -0.0, -0.0, 0.938691, -0.344759, 0.3, -0.0, 0.344758, 0.938691, 0.0, 0.0, 0.0, 0.0, 1.0]
            ]
        },
        {
            "name": "Tool_L",
            "time": [0.0, 0.0333, 0.0833, 0.1667, 0.4],
            "transform": [
                [0.150352, -0.635984, 0.756914, 0.0, -0.312212, -0.756981, -0.574023, 0.272858, 0.937484, -0.149932, -0.312198, 0.0, 0.0, 0.0, 0.0, 1.0],
                [0.150324, -0.521601, 0.839842, -0.0, -0.312217, -0.831068, -0.460268, 0.272858, 0.937487, -0.192919, -0.287618, -0.0, 0.0, 0.0, 0.0, 1.0],
                [0.329808, -0.243477, 0.912111, -0.0, 0.004085, -0.965792, -0.259284, 0.272858, 0.943484, 0.089177, -0.317348, -0.0, 0.0, 0.0, 0.0, 1.0],
                [0.472781, 0.213418, 0.854945, -0.0, 0.340013, -0.939273, 0.046442, 0.272858, 0.812464, 0.268567, -0.516331, -0.0, 0.0, 0.0, 0.0, 1.0],
                [0.472781, 0.213418, 0.854945, -0.0, 0.340013, -0.939273, 0.046442, 0.272858, 0.812464, 0.268567, -0.516331, 0.0, 0.0, 0.0, 0.0, 1.0]
            ]
        },
        {
            "name": "Elbow_L",
            "time": [0.0, 0.0333, 0.0833, 0.1667, 0.4],
            "transform": [
                [-1.0, 0.0, -0.0, -0.0, 0.0, 0.0, -1.0, 0.423687, -0.0, -1.0, -0.0, 0.0, 0.0, 0.0, 0.0, 1.0],
                [-1.0, 0.0, -0.0, 0.0, 0.0, -0.0, -1.0, 0.422281, -0.0, -1.0, -0.0, -0.0, 0.0, 0.0, 0.0, 1.0],
                [-1.0, 0.0, -0.0, 0.0, 0.0, -0.0, -1.0, 0.377693, -0.0, -1.0, -0.0, 0.0, 0.0, 0.0, 0.0, 1.0],
                [-1.0, 0.0, 0.0, -0.0, 0.0, -0.0, -1.0, 0.344315, -0.0, -1.0, -0.0, -0.0, 0.0, 0.0, 0.0, 1.0],
                [-1.0, 0.0, 0.0, 0.0, 0.0, -0.0, -1.0, 0.343308, -0.0, -1.0, -0.0, 0.0, 0.0, 0.0, 0.0, 1.0]
            ]
        }
    ]
}